Time	UID	PID	%usr	%system	%guest	%wait	%CPU	CPU	minflt/s	majflt/s	VSZ	RSS	%MEM	kB_rd/s	kB_wr/s	kB_ccwr/s	iodelay	Command
01:42:59 AM	1006	218640	80.00	19.00	0.00	0.00	99.00	26	128311.00	0.00	623604	464668	0.18	0.00	4.00	0.00	0	perf_experiment
01:43:00 AM	1006	218640	79.00	21.00	0.00	0.00	100.00	26	147429.00	0.00	1085976	826924	0.31	0.00	0.00	0.00	0	perf_experiment
01:43:01 AM	1006	218640	81.00	19.00	0.00	0.00	100.00	26	227003.00	0.00	1218560	1145520	0.43	0.00	0.00	0.00	0	perf_experiment
01:43:02 AM	1006	218640	87.00	13.00	0.00	0.00	100.00	26	127920.00	0.00	1578128	1505100	0.57	0.00	0.00	0.00	0	perf_experiment
01:43:03 AM	1006	218640	73.00	27.00	0.00	0.00	100.00	26	280010.00	0.00	1881476	1808324	0.69	0.00	0.00	0.00	0	perf_experiment
01:43:04 AM	1006	218640	90.00	10.00	0.00	0.00	100.00	26	99636.00	0.00	2244872	2171856	0.82	0.00	0.00	0.00	0	perf_experiment
01:43:05 AM	1006	218640	82.00	18.00	0.00	0.00	100.00	26	107292.00	0.00	2604968	2531804	0.96	0.00	0.00	0.00	0	perf_experiment
01:43:06 AM	1006	218640	88.00	12.00	0.00	0.00	100.00	26	122989.00	0.00	2959916	2886916	1.09	0.00	0.00	0.00	0	perf_experiment
01:43:07 AM	1006	218640	62.00	38.00	0.00	0.00	100.00	26	452831.00	0.00	3859944	3346892	1.27	0.00	0.00	0.00	0	perf_experiment
01:43:08 AM	1006	218640	77.00	23.00	0.00	0.00	100.00	26	219905.00	0.00	3506948	3433912	1.30	0.00	0.00	0.00	0	perf_experiment
01:43:09 AM	1006	218640	85.00	15.00	0.00	0.00	100.00	26	177391.00	0.00	3843944	3770980	1.43	0.00	0.00	0.00	0	perf_experiment
01:43:10 AM	1006	218640	83.00	17.00	0.00	0.00	100.00	26	167612.00	0.00	4185428	4112308	1.56	0.00	0.00	0.00	0	perf_experiment
01:43:11 AM	1006	218640	91.00	9.00	0.00	0.00	100.00	26	105567.00	0.00	4302644	4229668	1.60	0.00	4.00	0.00	0	perf_experiment
01:43:12 AM	1006	218640	98.00	2.00	0.00	0.00	100.00	26	71240.00	0.00	4302644	4229668	1.60	0.00	0.00	0.00	0	perf_experiment
01:43:13 AM	1006	218640	81.00	19.00	0.00	0.00	100.00	26	79189.00	0.00	3442468	3369952	1.28	0.00	0.00	0.00	0	perf_experiment
