Time	UID	PID	%usr	%system	%guest	%wait	%CPU	CPU	minflt/s	majflt/s	VSZ	RSS	%MEM	kB_rd/s	kB_wr/s	kB_ccwr/s	iodelay	Command
01:44:45 PM	1006	221906	76.00	23.00	0.00	0.00	99.00	25	144886.00	0.00	659640	584816	0.22	0.00	4.00	0.00	0	perf_experiment
01:44:46 PM	1006	221906	82.00	4.00	0.00	0.00	86.00	25	28440.00	0.00	661500	586696	0.22	0.00	196608.00	0.00	14	perf_experiment
01:44:47 PM	1006	221906	77.00	8.00	0.00	0.00	85.00	25	67442.00	0.00	663360	588556	0.22	0.00	229376.00	0.00	14	perf_experiment
01:44:48 PM	1006	221906	75.00	8.00	0.00	0.00	83.00	25	70245.00	0.00	665096	590336	0.22	0.00	262144.00	0.00	17	perf_experiment
01:44:49 PM	1006	221906	73.00	11.00	0.00	0.00	84.00	25	72241.00	0.00	666832	592028	0.22	0.00	229376.00	0.00	16	perf_experiment
01:44:50 PM	1006	221906	77.00	7.00	0.00	0.00	84.00	25	31920.00	0.00	668692	593880	0.23	0.00	262144.00	0.00	17	perf_experiment
01:44:51 PM	1006	221906	76.00	7.00	0.00	0.00	83.00	25	23443.00	0.00	670428	595620	0.23	0.00	229376.00	0.00	16	perf_experiment
01:44:52 PM	1006	221906	78.00	8.00	0.00	0.00	86.00	25	61675.00	0.00	672288	597492	0.23	0.00	244735.50	0.00	15	perf_experiment
01:44:53 PM	1006	221906	75.00	7.00	0.00	0.00	82.00	25	8990.00	0.00	674024	599220	0.23	0.00	246784.50	0.00	18	perf_experiment
01:44:54 PM	1006	221906	79.00	6.00	0.00	0.00	85.00	25	23122.00	0.00	675760	600952	0.23	0.00	229376.00	0.00	15	perf_experiment
01:44:55 PM	1006	221906	72.00	11.00	0.00	0.00	83.00	25	66213.00	0.00	677496	602772	0.23	0.00	262144.00	0.00	15	perf_experiment
01:44:56 PM	1006	221906	76.00	8.00	0.00	0.00	84.00	25	5456.00	0.00	679232	604424	0.23	0.00	229376.00	0.00	18	perf_experiment
01:44:57 PM	1006	221906	76.00	8.00	0.00	0.00	84.00	25	6944.00	0.00	681092	606288	0.23	0.00	229376.00	0.00	16	perf_experiment
01:44:58 PM	1006	221906	74.00	9.00	0.00	0.00	83.00	25	21855.00	0.00	682828	608024	0.23	0.00	229376.00	0.00	16	perf_experiment
01:44:59 PM	1006	221906	74.00	9.00	0.00	0.00	83.00	25	27362.00	0.00	684448	609732	0.23	0.00	262144.00	0.00	18	perf_experiment
01:45:00 PM	1006	221906	78.00	6.00	0.00	0.00	84.00	25	40254.00	0.00	686184	611372	0.23	0.00	229376.00	0.00	15	perf_experiment
01:45:01 PM	1006	221906	80.00	4.00	0.00	0.00	84.00	25	703.00	0.00	688044	613236	0.23	0.00	229376.00	0.00	16	perf_experiment
01:45:02 PM	1006	221906	78.00	7.00	0.00	0.00	85.00	25	703.00	0.00	689780	614976	0.23	0.00	229376.00	0.00	15	perf_experiment
01:45:03 PM	1006	221906	78.00	4.00	0.00	0.00	82.00	25	21193.00	0.00	691392	616696	0.23	0.00	262144.00	0.00	16	perf_experiment
01:45:04 PM	1006	221906	77.00	7.00	0.00	0.00	84.00	25	9300.00	0.00	693128	618392	0.23	0.00	229376.00	0.00	19	perf_experiment
01:45:05 PM	1006	221906	75.00	10.00	0.00	0.00	85.00	25	49241.00	0.00	694864	620056	0.24	0.00	229376.00	0.00	15	perf_experiment
01:45:06 PM	1006	221906	75.00	9.00	0.00	0.00	84.00	25	17216.00	0.00	696600	621796	0.24	0.00	229376.00	0.00	15	perf_experiment
01:45:07 PM	1006	221906	47.00	49.00	0.00	0.00	96.00	25	199.00	0.00	697112	622244	0.24	19625.00	65536.00	0.00	5	perf_experiment
01:45:08 PM	1006	221906	43.00	56.00	0.00	0.00	99.00	25	26.00	0.00	697112	622244	0.24	24884.00	0.00	0.00	0	perf_experiment
01:45:09 PM	1006	221906	40.00	58.00	0.00	0.00	98.00	25	4285.00	0.00	697248	622616	0.24	23943.00	32768.00	0.00	2	perf_experiment
01:45:10 PM	1006	221906	42.00	59.00	0.00	0.00	101.00	25	4051.00	0.00	697384	622720	0.24	24775.00	0.00	0.00	0	perf_experiment
01:45:11 PM	1006	221906	39.00	58.00	0.00	0.00	97.00	25	12172.00	0.00	697520	622840	0.24	24291.50	32768.00	0.00	2	perf_experiment
01:45:12 PM	1006	221906	38.00	63.00	0.00	0.00	101.00	25	4048.00	0.00	697648	622968	0.24	24722.50	0.00	0.00	0	perf_experiment
01:45:13 PM	1006	221906	43.00	54.00	0.00	0.00	97.00	25	10878.00	0.00	697784	623072	0.24	24257.50	32768.00	0.00	2	perf_experiment
01:45:14 PM	1006	221906	42.00	58.00	0.00	0.00	100.00	25	35.00	0.00	697908	623180	0.24	24793.50	0.00	0.00	0	perf_experiment
01:45:15 PM	1006	221906	45.00	52.00	0.00	0.00	97.00	25	8221.00	0.00	698036	623324	0.24	24082.50	32768.00	0.00	3	perf_experiment
01:45:16 PM	1006	221906	44.00	57.00	0.00	0.00	101.00	25	576.00	0.00	698160	623432	0.24	24726.00	0.00	0.00	0	perf_experiment
01:45:17 PM	1006	221906	43.00	57.00	0.00	0.00	100.00	25	31.00	0.00	698160	623432	0.24	24934.00	0.00	0.00	0	perf_experiment
01:45:18 PM	1006	221906	40.00	58.00	0.00	0.00	98.00	25	8225.00	0.00	698288	623560	0.24	24108.50	32768.00	0.00	2	perf_experiment
01:45:19 PM	1006	221906	42.00	58.00	0.00	0.00	100.00	25	3772.00	0.00	698412	623796	0.24	24912.00	0.00	0.00	0	perf_experiment
01:45:20 PM	1006	221906	35.00	62.00	0.00	0.00	97.00	25	12113.00	0.00	698548	623908	0.24	23946.00	32768.00	0.00	2	perf_experiment
01:45:21 PM	1006	221906	36.00	64.00	0.00	0.00	100.00	25	4096.00	0.00	698680	624032	0.24	24870.50	0.00	0.00	0	perf_experiment
01:45:22 PM	1006	221906	39.00	59.00	0.00	0.00	98.00	25	8843.00	0.00	698804	624040	0.24	24172.00	32768.00	0.00	2	perf_experiment
01:45:23 PM	1006	221906	44.00	56.00	0.00	0.00	100.00	25	31.00	0.00	698936	624228	0.24	24742.50	0.00	0.00	0	perf_experiment
01:45:24 PM	1006	221906	39.00	60.00	0.00	0.00	99.00	25	8220.00	0.00	699060	624332	0.24	24354.50	32768.00	0.00	2	perf_experiment
01:45:25 PM	1006	221906	35.00	64.00	0.00	0.00	99.00	25	576.00	0.00	699184	624456	0.24	24767.50	0.00	0.00	0	perf_experiment
01:45:26 PM	1006	221906	42.00	56.00	0.00	0.00	98.00	25	8232.00	0.00	699320	624528	0.24	24094.00	32768.00	0.00	3	perf_experiment
01:45:27 PM	1006	221906	43.00	57.00	0.00	0.00	100.00	25	47.00	0.00	699440	624720	0.24	24968.00	0.00	0.00	0	perf_experiment
01:45:28 PM	1006	221906	42.00	56.00	0.00	0.00	98.00	25	8213.00	0.00	699576	624768	0.24	23964.00	32768.00	0.00	2	perf_experiment
01:45:29 PM	1006	221906	41.00	58.00	0.00	0.00	99.00	25	1715.00	0.00	699576	624964	0.24	24942.00	0.00	0.00	0	perf_experiment
01:45:30 PM	1006	221906	38.00	60.00	0.00	0.00	98.00	25	9758.00	0.00	699700	625012	0.24	24042.00	32768.00	0.00	2	perf_experiment
01:45:31 PM	1006	221906	41.58	58.42	0.00	0.00	100.00	25	66.34	0.00	699820	625096	0.24	24699.01	0.00	0.00	0	perf_experiment
01:45:32 PM	1006	221906	40.00	58.00	0.00	0.00	98.00	25	8298.00	0.00	699948	625308	0.24	23974.50	32768.00	0.00	2	perf_experiment
01:45:33 PM	1006	221906	45.00	55.00	0.00	0.00	100.00	25	53.00	0.00	700200	625472	0.24	25000.00	0.00	0.00	0	perf_experiment
01:45:34 PM	1006	221906	38.00	59.00	0.00	0.00	97.00	25	8255.00	0.00	700200	625548	0.24	23897.50	32768.00	0.00	2	perf_experiment
01:45:35 PM	1006	221906	42.00	58.00	0.00	0.00	100.00	25	1039.00	0.00	700324	625668	0.24	25013.50	0.00	0.00	0	perf_experiment
01:45:36 PM	1006	221906	39.00	59.00	0.00	0.00	98.00	25	10504.00	0.00	700444	625736	0.24	23986.50	32768.00	0.00	3	perf_experiment
01:45:37 PM	1006	221906	37.00	63.00	0.00	0.00	100.00	25	626.00	0.00	700564	625876	0.24	24869.00	0.00	0.00	0	perf_experiment
01:45:38 PM	1006	221906	40.00	58.00	0.00	0.00	98.00	25	8235.00	0.00	700688	625992	0.24	24199.50	32768.00	0.00	2	perf_experiment
01:45:39 PM	1006	221906	44.00	56.00	0.00	0.00	100.00	25	70.00	0.00	700812	626084	0.24	24713.00	0.00	0.00	0	perf_experiment
01:45:40 PM	1006	221906	43.00	55.00	0.00	0.00	98.00	25	8347.00	0.00	700944	626240	0.24	24211.00	32768.00	0.00	2	perf_experiment
01:45:41 PM	1006	221906	39.00	61.00	0.00	0.00	100.00	57	108.00	0.00	701072	626344	0.24	24777.00	0.00	0.00	0	perf_experiment
01:45:42 PM	1006	221906	42.00	56.00	0.00	0.00	98.00	57	11622.00	0.00	701196	626564	0.24	24051.00	32768.00	0.00	2	perf_experiment
01:45:43 PM	1006	221906	39.00	60.00	0.00	0.00	99.00	57	4091.00	0.00	701324	626652	0.24	24951.00	0.00	0.00	0	perf_experiment
01:45:44 PM	1006	221906	40.00	58.00	0.00	0.00	98.00	57	11426.00	0.00	701456	626728	0.24	24063.00	32768.00	0.00	2	perf_experiment
01:45:45 PM	1006	221906	37.00	63.00	0.00	0.00	100.00	57	31.00	0.00	701456	626816	0.24	24909.50	0.00	0.00	0	perf_experiment
01:45:46 PM	1006	221906	33.00	65.00	0.00	0.00	98.00	57	8285.00	0.00	701576	626956	0.24	24079.50	32768.00	0.00	2	perf_experiment
01:45:47 PM	1006	221906	43.00	58.00	0.00	0.00	101.00	57	52.00	0.00	701700	626972	0.24	24849.50	0.00	0.00	0	perf_experiment
01:45:48 PM	1006	221906	37.00	60.00	0.00	0.00	97.00	57	8257.00	0.00	701828	627212	0.24	24063.50	32768.00	0.00	3	perf_experiment
01:45:49 PM	1006	221906	44.00	56.00	0.00	0.00	100.00	57	29.00	0.00	701960	627212	0.24	24999.00	0.00	0.00	0	perf_experiment
01:45:50 PM	1006	221906	37.00	60.00	0.00	0.00	97.00	57	8245.00	0.00	702096	627456	0.24	24048.50	32768.00	0.00	2	perf_experiment
01:45:51 PM	1006	221906	35.00	66.00	0.00	0.00	101.00	57	56.00	0.00	702232	627520	0.24	24979.50	0.00	0.00	0	perf_experiment
01:45:52 PM	1006	221906	42.00	58.00	0.00	0.00	100.00	57	399.00	0.00	702368	627696	0.24	24864.00	0.00	0.00	0	perf_experiment
01:45:53 PM	1006	221906	42.00	55.00	0.00	0.00	97.00	57	12448.00	0.00	702492	627820	0.24	23974.50	32768.00	0.00	2	perf_experiment
01:45:54 PM	1006	221906	46.00	54.00	0.00	0.00	100.00	57	4125.00	0.00	702620	627908	0.24	24786.00	0.00	0.00	0	perf_experiment
01:45:55 PM	1006	221906	40.00	58.00	0.00	0.00	98.00	57	8659.00	0.00	702756	627980	0.24	24570.50	32768.00	0.00	2	perf_experiment
01:45:56 PM	1006	221906	41.00	59.00	0.00	0.00	100.00	57	136.00	0.00	702888	628104	0.24	25054.50	0.00	0.00	0	perf_experiment
01:45:57 PM	1006	221906	48.00	50.00	0.00	0.00	98.00	57	8285.00	0.00	702888	628232	0.24	24455.50	32768.00	0.00	3	perf_experiment
01:45:58 PM	1006	221906	40.00	60.00	0.00	0.00	100.00	57	63.00	0.00	703020	628296	0.24	25270.50	0.00	0.00	0	perf_experiment
01:45:59 PM	1006	221906	37.00	60.00	0.00	0.00	97.00	57	11599.00	0.00	703148	628508	0.24	24380.00	32768.00	0.00	2	perf_experiment
01:46:00 PM	1006	221906	40.00	61.00	0.00	0.00	101.00	57	4150.00	0.00	703284	628632	0.24	25345.50	0.00	0.00	0	perf_experiment
01:46:01 PM	1006	221906	42.00	55.00	0.00	0.00	97.00	57	8971.00	0.00	703408	628680	0.24	24335.50	32768.00	0.00	2	perf_experiment
01:46:02 PM	1006	221906	43.00	58.00	0.00	0.00	101.00	57	52.00	0.00	703544	628800	0.24	25085.00	0.00	0.00	0	perf_experiment
01:46:03 PM	1006	221906	40.00	57.00	0.00	0.00	97.00	57	8249.00	0.00	703668	628940	0.24	23940.50	32768.00	0.00	2	perf_experiment
01:46:04 PM	1006	221906	43.00	57.00	0.00	0.00	100.00	57	38.00	0.00	703800	628940	0.24	25080.50	0.00	0.00	0	perf_experiment
01:46:05 PM	1006	221906	41.00	57.00	0.00	0.00	98.00	57	8245.00	0.00	703920	629200	0.24	23887.00	32768.00	0.00	2	perf_experiment
01:46:06 PM	1006	221906	44.00	56.00	0.00	0.00	100.00	57	51.00	0.00	704056	629200	0.24	25138.00	0.00	0.00	0	perf_experiment
01:46:07 PM	1006	221906	39.00	59.00	0.00	0.00	98.00	57	8243.00	0.00	704180	629452	0.24	23954.00	32768.00	0.00	2	perf_experiment
01:46:08 PM	1006	221906	41.00	59.00	0.00	0.00	100.00	57	37.00	0.00	704308	629580	0.24	25056.50	0.00	0.00	0	perf_experiment
01:46:09 PM	1006	221906	44.00	54.00	0.00	0.00	98.00	57	8241.00	0.00	704308	629628	0.24	24052.00	32768.00	0.00	2	perf_experiment
01:46:10 PM	1006	221906	42.00	58.00	0.00	0.00	100.00	57	53.00	0.00	704436	629708	0.24	24897.50	0.00	0.00	0	perf_experiment
01:46:11 PM	1006	221906	43.00	55.00	0.00	0.00	98.00	57	8225.00	0.00	704556	629872	0.24	24127.00	32768.00	0.00	2	perf_experiment
01:46:12 PM	1006	221906	36.00	64.00	0.00	0.00	100.00	57	52.00	0.00	704688	630028	0.24	24917.50	0.00	0.00	0	perf_experiment
01:46:13 PM	1006	221906	39.00	59.00	0.00	0.00	98.00	57	10895.00	0.00	704820	630172	0.24	23997.50	32768.00	0.00	3	perf_experiment
01:46:14 PM	1006	221906	41.00	59.00	0.00	0.00	100.00	57	2246.00	0.00	704940	630280	0.24	24784.50	0.00	0.00	0	perf_experiment
01:46:15 PM	1006	221906	35.00	63.00	0.00	0.00	98.00	57	8400.00	0.00	705072	630416	0.24	24246.50	32768.00	0.00	2	perf_experiment
01:46:16 PM	1006	221906	42.00	58.00	0.00	0.00	100.00	57	171.00	0.00	705196	630508	0.24	24883.00	0.00	0.00	0	perf_experiment
01:46:17 PM	1006	221906	35.00	62.00	0.00	0.00	97.00	57	8259.00	0.00	705324	630612	0.24	24040.50	32768.00	0.00	2	perf_experiment
01:46:18 PM	1006	221906	40.00	61.00	0.00	0.00	101.00	57	62.00	0.00	705448	630720	0.24	24840.50	0.00	0.00	0	perf_experiment
01:46:19 PM	1006	221906	39.00	58.00	0.00	0.00	97.00	57	36.00	0.00	705576	630848	0.24	24023.00	32768.00	0.00	2	perf_experiment
01:46:20 PM	1006	221906	41.00	60.00	0.00	0.00	101.00	57	159.00	0.00	705712	630968	0.24	24908.00	0.00	0.00	0	perf_experiment
01:46:21 PM	1006	221906	40.00	58.00	0.00	0.00	98.00	57	9176.00	0.00	705844	631116	0.24	23953.00	32768.00	0.00	2	perf_experiment
01:46:22 PM	1006	221906	45.00	54.00	0.00	0.00	99.00	57	4126.00	0.00	705844	631236	0.24	25049.00	0.00	0.00	0	perf_experiment
01:46:23 PM	1006	221906	39.00	59.00	0.00	0.00	98.00	57	11470.00	0.00	705968	631320	0.24	23942.00	32768.00	0.00	3	perf_experiment
01:46:24 PM	1006	221906	40.00	60.00	0.00	0.00	100.00	57	39.00	0.00	706092	631364	0.24	25021.50	0.00	0.00	0	perf_experiment
01:46:25 PM	1006	221906	36.00	62.00	0.00	0.00	98.00	57	8226.00	0.00	706224	631564	0.24	23810.50	32768.00	0.00	2	perf_experiment
01:46:26 PM	1006	221906	43.00	57.00	0.00	0.00	100.00	57	35.00	0.00	706356	631564	0.24	25057.00	0.00	0.00	0	perf_experiment
01:46:27 PM	1006	221906	39.00	59.00	0.00	0.00	98.00	57	8249.00	0.00	706492	631828	0.24	24167.00	32768.00	0.00	2	perf_experiment
01:46:28 PM	1006	221906	42.00	58.00	0.00	0.00	100.00	57	41.00	0.00	706628	631936	0.24	25107.50	0.00	0.00	0	perf_experiment
01:46:29 PM	1006	221906	43.00	54.00	0.00	0.00	97.00	57	8262.00	0.00	706760	632064	0.24	24269.50	32768.00	0.00	2	perf_experiment
01:46:30 PM	1006	221906	50.00	51.00	0.00	0.00	101.00	57	58.00	0.00	706884	632156	0.24	25635.00	0.00	0.00	0	perf_experiment
01:46:31 PM	1006	221906	40.00	57.00	0.00	0.00	97.00	57	8212.00	0.00	707016	632288	0.24	24655.50	32768.00	0.00	2	perf_experiment
01:46:32 PM	1006	221906	38.00	63.00	0.00	0.00	101.00	57	38.00	0.00	707152	632348	0.24	25531.50	0.00	0.00	0	perf_experiment
01:46:33 PM	1006	221906	36.00	62.00	0.00	0.00	98.00	57	4294.00	0.00	707276	632572	0.24	24755.50	32768.00	0.00	0	perf_experiment
01:46:34 PM	1006	221906	46.00	54.00	0.00	0.00	100.00	57	45.00	0.00	707404	632676	0.24	25016.00	0.00	0.00	2	perf_experiment
01:46:35 PM	1006	221906	36.00	63.00	0.00	0.00	99.00	57	37.00	0.00	707404	632676	0.24	25163.50	0.00	0.00	0	perf_experiment
01:46:36 PM	1006	221906	35.00	63.00	0.00	0.00	98.00	57	48.00	0.00	707536	632856	0.24	24742.50	32768.00	0.00	3	perf_experiment
01:46:37 PM	1006	221906	44.00	56.00	0.00	0.00	100.00	57	75.00	0.00	707788	633060	0.24	25319.00	0.00	0.00	0	perf_experiment
01:46:38 PM	1006	221906	42.00	56.00	0.00	0.00	98.00	57	55.00	0.00	707788	633060	0.24	24709.50	32768.00	0.00	2	perf_experiment
01:46:39 PM	1006	221906	40.00	59.00	0.00	0.00	99.00	57	3592.00	0.00	707920	633256	0.24	24998.00	0.00	0.00	0	perf_experiment
01:46:40 PM	1006	221906	39.00	58.00	0.00	0.00	97.00	57	12383.00	0.00	708056	633396	0.24	24299.50	32768.00	0.00	3	perf_experiment
01:46:41 PM	1006	221906	42.00	59.00	0.00	0.00	101.00	57	4302.00	0.00	708188	633520	0.24	24774.50	0.00	0.00	0	perf_experiment
01:46:42 PM	1006	221906	40.00	58.00	0.00	0.00	98.00	57	673.00	0.00	708312	633616	0.24	24065.50	32768.00	0.00	2	perf_experiment
01:46:43 PM	1006	221906	41.00	58.00	0.00	0.00	99.00	57	58.00	0.00	708440	633712	0.24	25025.50	0.00	0.00	0	perf_experiment
01:46:44 PM	1006	221906	37.00	61.00	0.00	0.00	98.00	57	53.00	0.00	708572	633828	0.24	24002.00	32768.00	0.00	2	perf_experiment
01:46:45 PM	1006	221906	42.00	58.00	0.00	0.00	100.00	57	76.00	0.00	708696	633968	0.24	24971.00	0.00	0.00	0	perf_experiment
01:46:46 PM	1006	221906	40.00	58.00	0.00	0.00	98.00	57	219.00	0.00	708820	634092	0.24	24082.00	32768.00	0.00	2	perf_experiment
01:46:47 PM	1006	221906	44.00	57.00	0.00	0.00	101.00	57	145.00	0.00	708936	634224	0.24	24865.50	0.00	0.00	0	perf_experiment
01:46:48 PM	1006	221906	40.00	57.00	0.00	0.00	97.00	57	47.00	0.00	709060	634224	0.24	24129.00	32768.00	0.00	3	perf_experiment
01:46:49 PM	1006	221906	37.00	63.00	0.00	0.00	100.00	57	1208.00	0.00	709060	634444	0.24	24771.50	0.00	0.00	0	perf_experiment
01:46:50 PM	1006	221906	39.00	59.00	0.00	0.00	98.00	57	12156.00	0.00	709188	634568	0.24	24142.50	32768.00	0.00	2	perf_experiment
01:46:51 PM	1006	221906	44.00	56.00	0.00	0.00	100.00	57	4061.00	0.00	709312	634680	0.24	24786.00	0.00	0.00	0	perf_experiment
01:46:52 PM	1006	221906	39.00	59.00	0.00	0.00	98.00	57	9837.00	0.00	709440	634720	0.24	24066.00	32768.00	0.00	2	perf_experiment
01:46:53 PM	1006	221906	43.00	57.00	0.00	0.00	100.00	57	36.00	0.00	709576	634856	0.24	24742.00	0.00	0.00	0	perf_experiment
01:46:54 PM	1006	221906	33.00	64.00	0.00	0.00	97.00	57	8229.00	0.00	709700	634972	0.24	24211.50	32768.00	0.00	2	perf_experiment
01:46:55 PM	1006	221906	41.00	59.00	0.00	0.00	100.00	57	31.00	0.00	709828	635100	0.24	24859.50	0.00	0.00	0	perf_experiment
01:46:56 PM	1006	221906	44.00	54.00	0.00	0.00	98.00	57	8232.00	0.00	709956	635228	0.24	24336.00	32768.00	0.00	2	perf_experiment
01:46:57 PM	1006	221906	41.00	59.00	0.00	0.00	100.00	57	35.00	0.00	710080	635352	0.24	24789.00	0.00	0.00	0	perf_experiment
01:46:58 PM	1006	221906	40.00	58.00	0.00	0.00	98.00	57	5428.00	0.00	710208	635480	0.24	24062.00	32768.00	0.00	3	perf_experiment
01:46:59 PM	1006	221906	42.00	58.00	0.00	0.00	100.00	57	41.00	0.00	710324	635612	0.24	24890.50	0.00	0.00	0	perf_experiment
01:47:00 PM	1006	221906	43.00	54.00	0.00	0.00	97.00	57	63.00	0.00	710452	635724	0.24	23932.50	32768.00	0.00	2	perf_experiment
01:47:01 PM	1006	221906	38.00	62.00	0.00	0.00	100.00	57	56.00	0.00	710576	635848	0.24	24893.50	0.00	0.00	0	perf_experiment
01:47:02 PM	1006	221906	40.00	58.00	0.00	1.00	98.00	57	8240.00	0.00	710700	635972	0.24	23912.00	32768.00	0.00	2	perf_experiment
01:47:03 PM	1006	221906	37.00	63.00	0.00	0.00	100.00	57	53.00	0.00	710824	636096	0.24	25068.00	0.00	0.00	0	perf_experiment
01:47:04 PM	1006	221906	36.00	62.00	0.00	0.00	98.00	57	8228.00	0.00	710956	636212	0.24	23919.00	32768.00	0.00	2	perf_experiment
01:47:05 PM	1006	221906	37.00	63.00	0.00	0.00	100.00	57	33.00	0.00	710956	636252	0.24	24973.50	0.00	0.00	0	perf_experiment
01:47:06 PM	1006	221906	41.00	57.00	0.00	0.00	98.00	57	8245.00	0.00	711084	636452	0.24	24129.00	32768.00	0.00	2	perf_experiment
01:47:07 PM	1006	221906	40.00	60.00	0.00	0.00	100.00	57	47.00	0.00	711204	636480	0.24	24933.50	0.00	0.00	0	perf_experiment
01:47:08 PM	1006	221906	43.00	55.00	0.00	0.00	98.00	57	5709.00	0.00	711340	636668	0.24	24087.00	32768.00	0.00	3	perf_experiment
01:47:09 PM	1006	221906	45.00	55.00	0.00	0.00	100.00	57	60.00	0.00	711448	636736	0.24	24834.00	0.00	0.00	0	perf_experiment
01:47:10 PM	1006	221906	41.00	56.00	0.00	0.00	97.00	57	57.00	0.00	711584	636856	0.24	24083.50	32768.00	0.00	2	perf_experiment
01:47:11 PM	1006	221906	42.00	58.00	0.00	0.00	100.00	57	53.00	0.00	711708	636980	0.24	24832.00	0.00	0.00	0	perf_experiment
01:47:12 PM	1006	221906	35.00	64.00	0.00	0.00	99.00	57	66.00	0.00	711836	637108	0.24	24569.00	32768.00	0.00	0	perf_experiment
01:47:13 PM	1006	221906	41.00	58.00	0.00	0.00	99.00	57	1064.00	0.00	711968	637272	0.24	24258.00	0.00	0.00	3	perf_experiment
01:47:14 PM	1006	221906	43.00	57.00	0.00	0.00	100.00	57	353.00	0.00	712100	637388	0.24	24894.00	0.00	0.00	0	perf_experiment
01:47:15 PM	1006	221906	40.00	57.00	0.00	0.00	97.00	57	396.00	0.00	712236	637508	0.24	24077.00	32768.00	0.00	2	perf_experiment
01:47:16 PM	1006	221906	44.00	57.00	0.00	0.00	101.00	57	389.00	0.00	712372	637608	0.24	24925.00	0.00	0.00	0	perf_experiment
01:47:17 PM	1006	221906	47.00	50.00	0.00	0.00	97.00	57	236.00	0.00	712372	637692	0.24	24100.50	32768.00	0.00	2	perf_experiment
01:47:18 PM	1006	221906	39.00	61.00	0.00	0.00	100.00	57	47.00	0.00	712508	637836	0.24	24814.50	0.00	0.00	0	perf_experiment
01:47:19 PM	1006	221906	37.00	61.00	0.00	0.00	98.00	57	1946.00	0.00	712624	637904	0.24	24226.50	32768.00	0.00	2	perf_experiment
01:47:20 PM	1006	221906	39.00	61.00	0.00	0.00	100.00	57	72.00	0.00	712752	638024	0.24	24752.00	0.00	0.00	0	perf_experiment
01:47:21 PM	1006	221906	44.00	54.00	0.00	0.00	98.00	57	8392.00	0.00	712884	638216	0.24	24293.00	32768.00	0.00	3	perf_experiment
01:47:22 PM	1006	221906	45.00	55.00	0.00	0.00	100.00	57	48.00	0.00	713016	638216	0.24	24862.50	0.00	0.00	0	perf_experiment
01:47:23 PM	1006	221906	45.00	53.00	0.00	0.00	98.00	57	8253.00	0.00	713152	638368	0.24	24303.50	32768.00	0.00	2	perf_experiment
01:47:24 PM	1006	221906	41.58	57.43	0.00	0.00	99.01	57	31.68	0.00	713276	638548	0.24	24987.62	0.00	0.00	0	perf_experiment
01:47:25 PM	1006	221906	43.00	55.00	0.00	0.00	98.00	57	52.00	0.00	713400	638672	0.24	24739.00	32768.00	0.00	2	perf_experiment
01:47:26 PM	1006	221906	43.00	56.00	0.00	0.00	99.00	57	51.00	0.00	713524	638796	0.24	25851.00	0.00	0.00	0	perf_experiment
01:47:27 PM	1006	221906	48.00	51.00	0.00	0.00	99.00	57	10124.00	0.00	713660	638908	0.24	25545.50	32768.00	0.00	2	perf_experiment
01:47:28 PM	1006	221906	40.00	59.00	0.00	0.00	99.00	57	54.00	0.00	713796	639012	0.24	26397.00	0.00	0.00	0	perf_experiment
01:47:29 PM	1006	221906	43.00	56.00	0.00	0.00	99.00	57	8243.00	0.00	713796	639136	0.24	25566.00	32768.00	0.00	2	perf_experiment
01:47:30 PM	1006	221906	50.00	49.00	0.00	0.00	99.00	57	45.00	0.00	713928	639136	0.24	26222.50	0.00	0.00	0	perf_experiment
01:47:31 PM	1006	221906	39.00	59.00	0.00	0.00	98.00	57	8244.00	0.00	714064	639336	0.24	24839.50	32768.00	0.00	2	perf_experiment
01:47:32 PM	1006	221906	42.00	58.00	0.00	0.00	100.00	57	42.00	0.00	714192	639464	0.24	25428.50	0.00	0.00	0	perf_experiment
01:47:33 PM	1006	221906	40.00	58.00	0.00	0.00	98.00	57	8266.00	0.00	714316	639684	0.24	24828.50	32768.00	0.00	3	perf_experiment
01:47:34 PM	1006	221906	37.00	63.00	0.00	0.00	100.00	57	47.00	0.00	714452	639684	0.24	25314.50	0.00	0.00	0	perf_experiment
01:47:35 PM	1006	221906	33.00	65.00	0.00	0.00	98.00	57	8236.00	0.00	714584	639840	0.24	24382.50	32768.00	0.00	2	perf_experiment
01:47:36 PM	1006	221906	48.00	52.00	0.00	0.00	100.00	57	52.00	0.00	714712	639984	0.24	25181.00	0.00	0.00	0	perf_experiment
01:47:37 PM	1006	221906	40.00	58.00	0.00	0.00	98.00	57	8234.00	0.00	714836	640108	0.24	24217.50	32768.00	0.00	2	perf_experiment
01:47:38 PM	1006	221906	45.00	54.00	0.00	0.00	99.00	57	52.00	0.00	714972	640276	0.24	24997.00	0.00	0.00	0	perf_experiment
01:47:39 PM	1006	221906	44.00	55.00	0.00	0.00	99.00	57	8232.00	0.00	715108	640320	0.24	24178.00	32768.00	0.00	2	perf_experiment
01:47:40 PM	1006	221906	39.00	61.00	0.00	0.00	100.00	57	69.00	0.00	715232	640420	0.24	24655.00	0.00	0.00	0	perf_experiment
01:47:41 PM	1006	221906	43.00	54.00	0.00	0.00	97.00	57	6337.00	0.00	715356	640628	0.24	24225.00	32768.00	0.00	2	perf_experiment
01:47:42 PM	1006	221906	37.00	63.00	0.00	0.00	100.00	57	42.00	0.00	715356	640628	0.24	24632.00	0.00	0.00	0	perf_experiment
01:47:43 PM	1006	221906	42.00	56.00	0.00	0.00	98.00	57	42.00	0.00	715480	640752	0.24	24281.50	32768.00	0.00	3	perf_experiment
01:47:44 PM	1006	221906	43.00	57.00	0.00	0.00	100.00	57	53.00	0.00	715724	640996	0.24	24929.00	0.00	0.00	0	perf_experiment
01:47:45 PM	1006	221906	39.00	59.00	0.00	0.00	98.00	57	40.00	0.00	715724	640996	0.24	24121.50	32768.00	0.00	2	perf_experiment
01:47:46 PM	1006	221906	40.00	59.00	0.00	0.00	99.00	57	42.00	0.00	715852	641124	0.24	24789.00	0.00	0.00	0	perf_experiment
01:47:47 PM	1006	221906	40.00	59.00	0.00	0.00	99.00	57	6344.00	0.00	715988	641276	0.24	24117.50	32768.00	0.00	2	perf_experiment
01:47:48 PM	1006	221906	35.00	65.00	0.00	0.00	100.00	57	49.00	0.00	716124	641408	0.24	24863.00	0.00	0.00	0	perf_experiment
01:47:49 PM	1006	221906	42.00	56.00	0.00	0.00	98.00	57	47.00	0.00	716248	641520	0.24	24002.00	32768.00	0.00	2	perf_experiment
01:47:50 PM	1006	221906	40.00	60.00	0.00	0.00	100.00	57	47.00	0.00	716372	641644	0.24	24981.00	0.00	0.00	0	perf_experiment
01:47:51 PM	1006	221906	39.00	58.00	0.00	0.00	97.00	57	40.00	0.00	716496	641768	0.24	24051.50	32768.00	0.00	2	perf_experiment
01:47:52 PM	1006	221906	40.00	60.00	0.00	0.00	100.00	57	61.00	0.00	716632	641916	0.24	24824.50	0.00	0.00	0	perf_experiment
01:47:53 PM	1006	221906	33.00	65.00	0.00	0.00	98.00	57	43.00	0.00	716756	642028	0.24	24051.00	32768.00	0.00	3	perf_experiment
01:47:54 PM	1006	221906	39.00	61.00	0.00	0.00	100.00	57	45.00	0.00	716892	642028	0.24	24885.00	0.00	0.00	0	perf_experiment
01:47:55 PM	1006	221906	41.00	57.00	0.00	0.00	98.00	57	51.00	0.00	716892	642192	0.24	24136.50	32768.00	0.00	2	perf_experiment
01:47:56 PM	1006	221906	44.00	56.00	0.00	0.00	100.00	57	45.00	0.00	717012	642288	0.24	25306.00	0.00	0.00	0	perf_experiment
01:47:57 PM	1006	221906	43.00	54.00	0.00	0.00	97.00	57	971.00	0.00	717268	642540	0.24	24013.00	32768.00	0.00	2	perf_experiment
01:47:58 PM	1006	221906	42.00	59.00	0.00	0.00	101.00	57	668.00	0.00	717268	642632	0.24	25248.50	0.00	0.00	0	perf_experiment
01:47:59 PM	1006	221906	49.00	48.00	0.00	0.00	97.00	57	484.00	0.00	717400	642752	0.24	24702.50	32768.00	0.00	3	perf_experiment
01:48:00 PM	1006	221906	43.00	57.00	0.00	0.00	100.00	57	586.00	0.00	717528	642876	0.24	25392.00	0.00	0.00	0	perf_experiment
01:48:01 PM	1006	221906	45.00	53.00	0.00	0.00	98.00	57	53.00	0.00	717644	642932	0.24	24673.50	32768.00	0.00	2	perf_experiment
01:48:02 PM	1006	221906	35.00	65.00	0.00	0.00	100.00	57	39.00	0.00	717772	643044	0.24	24921.50	0.00	0.00	0	perf_experiment
01:48:03 PM	1006	221906	41.00	56.00	0.00	0.00	97.00	57	444.00	0.00	717896	643232	0.24	24398.50	32768.00	0.00	2	perf_experiment
01:48:04 PM	1006	221906	37.00	63.00	0.00	0.00	100.00	57	462.00	0.00	718016	643352	0.24	24675.00	0.00	0.00	0	perf_experiment
01:48:05 PM	1006	221906	47.00	51.00	0.00	0.00	98.00	57	8420.00	0.00	718152	643472	0.24	24131.00	32768.00	0.00	2	perf_experiment
01:48:06 PM	1006	221906	41.00	59.00	0.00	0.00	100.00	57	45.00	0.00	718272	643560	0.24	24699.50	0.00	0.00	0	perf_experiment
01:48:07 PM	1006	221906	43.00	57.00	0.00	0.00	100.00	57	43.00	0.00	718388	643668	0.24	25154.50	0.00	0.00	0	perf_experiment
01:48:08 PM	1006	221906	43.00	55.00	0.00	0.00	98.00	57	8236.00	0.00	718512	643784	0.24	23977.00	32768.00	0.00	2	perf_experiment
01:48:09 PM	1006	221906	38.00	62.00	0.00	0.00	100.00	57	48.00	0.00	718644	643784	0.24	24899.50	0.00	0.00	0	perf_experiment
01:48:10 PM	1006	221906	40.00	58.00	0.00	0.00	98.00	57	50.00	0.00	718780	643944	0.24	23925.50	32768.00	0.00	3	perf_experiment
01:48:11 PM	1006	221906	47.00	52.00	0.00	0.00	99.00	57	49.00	0.00	718904	644176	0.24	24717.00	0.00	0.00	0	perf_experiment
01:48:12 PM	1006	221906	44.00	54.00	0.00	0.00	98.00	57	45.00	0.00	719032	644304	0.24	24148.50	32768.00	0.00	2	perf_experiment
01:48:13 PM	1006	221906	38.00	63.00	0.00	0.00	101.00	57	43.00	0.00	719032	644304	0.24	24812.00	0.00	0.00	0	perf_experiment
01:48:14 PM	1006	221906	44.00	53.00	0.00	0.00	97.00	57	51.00	0.00	719160	644432	0.24	24446.00	32768.00	0.00	2	perf_experiment
01:48:15 PM	1006	221906	39.00	62.00	0.00	0.00	101.00	57	2509.00	0.00	719288	644660	0.24	24659.00	0.00	0.00	0	perf_experiment
01:48:16 PM	1006	221906	40.00	57.00	0.00	0.00	97.00	57	12140.00	0.00	719412	644772	0.24	23991.00	32768.00	0.00	2	perf_experiment
01:48:17 PM	1006	221906	38.00	62.00	0.00	0.00	100.00	57	4077.00	0.00	719540	644900	0.24	24788.00	0.00	0.00	0	perf_experiment
01:48:18 PM	1006	221906	41.00	56.00	0.00	0.00	97.00	57	9501.00	0.00	719656	644944	0.24	23854.00	32768.00	0.00	3	perf_experiment
01:48:19 PM	1006	221906	44.00	56.00	0.00	0.00	100.00	57	50.00	0.00	719792	645104	0.24	24855.00	0.00	0.00	0	perf_experiment
01:48:20 PM	1006	221906	45.00	53.00	0.00	0.00	98.00	57	8243.00	0.00	719916	645188	0.24	24229.50	32768.00	0.00	2	perf_experiment
01:48:21 PM	1006	221906	38.00	62.00	0.00	0.00	100.00	57	42.00	0.00	720052	645188	0.24	24817.50	0.00	0.00	0	perf_experiment
01:48:22 PM	1006	221906	40.00	58.00	0.00	0.00	98.00	57	8240.00	0.00	720184	645432	0.24	24055.50	32768.00	0.00	2	perf_experiment
01:48:23 PM	1006	221906	46.00	54.00	0.00	0.00	100.00	57	48.00	0.00	720308	645580	0.24	24894.00	0.00	0.00	0	perf_experiment
01:48:24 PM	1006	221906	43.00	55.00	0.00	0.00	98.00	57	8236.00	0.00	720308	645656	0.24	24061.50	32768.00	0.00	2	perf_experiment
01:48:25 PM	1006	221906	36.00	64.00	0.00	0.00	100.00	57	50.00	0.00	720560	645704	0.24	24940.50	0.00	0.00	0	perf_experiment
01:48:26 PM	1006	221906	43.00	55.00	0.00	0.00	98.00	57	7875.00	0.00	720684	645972	0.24	24196.50	32768.00	0.00	2	perf_experiment
01:48:27 PM	1006	221906	35.00	65.00	0.00	0.00	100.00	57	39.00	0.00	720684	645972	0.24	24864.00	0.00	0.00	0	perf_experiment
01:48:28 PM	1006	221906	37.00	61.00	0.00	0.00	98.00	57	48.00	0.00	720808	646080	0.24	23848.50	32768.00	0.00	3	perf_experiment
01:48:29 PM	1006	221906	39.00	60.00	0.00	0.00	99.00	57	38.00	0.00	720936	646208	0.24	24805.50	0.00	0.00	0	perf_experiment
01:48:30 PM	1006	221906	37.00	61.00	0.00	0.00	98.00	57	43.00	0.00	721052	646332	0.25	24227.00	32768.00	0.00	2	perf_experiment
01:48:31 PM	1006	221906	38.00	63.00	0.00	0.00	101.00	57	48.00	0.00	721184	646460	0.25	24753.50	0.00	0.00	0	perf_experiment
01:48:32 PM	1006	221906	38.00	59.00	0.00	0.00	97.00	57	424.00	0.00	721308	646628	0.25	24123.00	32768.00	0.00	3	perf_experiment
01:48:33 PM	1006	221906	44.00	56.00	0.00	0.00	100.00	57	44.00	0.00	721444	646628	0.25	24720.50	0.00	0.00	0	perf_experiment
01:48:34 PM	1006	221906	40.00	58.00	0.00	0.00	98.00	57	5123.00	0.00	721580	646892	0.25	24194.00	32768.00	0.00	2	perf_experiment
01:48:35 PM	1006	221906	44.00	55.00	0.00	0.00	99.00	57	4068.00	0.00	721712	647016	0.25	24728.50	0.00	0.00	0	perf_experiment
01:48:36 PM	1006	221906	45.00	53.00	0.00	0.00	98.00	57	3528.00	0.00	721840	647112	0.25	24162.50	32768.00	0.00	2	perf_experiment
01:48:37 PM	1006	221906	46.00	55.00	0.00	0.00	101.00	57	37.00	0.00	721968	647240	0.25	24790.00	0.00	0.00	0	perf_experiment
01:48:38 PM	1006	221906	46.00	51.00	0.00	0.00	97.00	57	69.00	0.00	722104	647392	0.25	24129.50	32768.00	0.00	2	perf_experiment
01:48:39 PM	1006	221906	40.00	60.00	0.00	0.00	100.00	57	38.00	0.00	722104	647392	0.25	24904.00	0.00	0.00	0	perf_experiment
01:48:40 PM	1006	221906	36.00	62.00	0.00	0.00	98.00	57	42.00	0.00	722228	647500	0.25	24266.00	32768.00	0.00	0	perf_experiment
01:48:41 PM	1006	221906	43.00	57.00	0.00	0.00	100.00	57	52.00	0.00	722352	647624	0.25	24633.50	0.00	0.00	3	perf_experiment
01:48:42 PM	1006	221906	42.00	57.00	0.00	0.00	99.00	57	45.00	0.00	722472	647748	0.25	24712.50	0.00	0.00	0	perf_experiment
01:48:43 PM	1006	221906	40.00	59.00	0.00	0.00	99.00	57	44.00	0.00	722604	647928	0.25	24092.00	32768.00	0.00	2	perf_experiment
01:48:44 PM	1006	221906	42.00	58.00	0.00	0.00	100.00	57	50.00	0.00	722732	648004	0.25	24911.50	0.00	0.00	0	perf_experiment
01:48:45 PM	1006	221906	41.00	56.00	0.00	0.00	97.00	57	48.00	0.00	722860	648132	0.25	24071.50	32768.00	0.00	2	perf_experiment
01:48:46 PM	1006	221906	34.00	66.00	0.00	0.00	100.00	57	49.00	0.00	722980	648256	0.25	24932.00	0.00	0.00	0	perf_experiment
01:48:47 PM	1006	221906	40.00	58.00	0.00	0.00	98.00	57	51.00	0.00	723104	648376	0.25	24168.50	32768.00	0.00	2	perf_experiment
01:48:48 PM	1006	221906	39.00	61.00	0.00	0.00	100.00	57	53.00	0.00	723236	648556	0.25	24777.00	0.00	0.00	0	perf_experiment
01:48:49 PM	1006	221906	44.00	54.00	0.00	0.00	98.00	57	42.00	0.00	723372	648556	0.25	23961.50	32768.00	0.00	3	perf_experiment
01:48:50 PM	1006	221906	41.00	58.00	0.00	0.00	99.00	57	45.00	0.00	723500	648772	0.25	24896.00	0.00	0.00	0	perf_experiment
01:48:51 PM	1006	221906	40.00	58.00	0.00	0.00	98.00	57	44.00	0.00	723624	648896	0.25	23912.50	32768.00	0.00	2	perf_experiment
01:48:52 PM	1006	221906	38.00	62.00	0.00	0.00	100.00	57	49.00	0.00	723624	648896	0.25	25009.50	0.00	0.00	0	perf_experiment
01:48:53 PM	1006	221906	42.00	56.00	0.00	0.00	98.00	57	12406.00	0.00	723760	649120	0.25	23652.50	32768.00	0.00	3	perf_experiment
01:48:54 PM	1006	221906	40.00	60.00	0.00	0.00	100.00	57	4762.00	0.00	723896	649232	0.25	25010.00	0.00	0.00	0	perf_experiment
01:48:55 PM	1006	221906	40.00	58.00	0.00	0.00	98.00	57	1151.00	0.00	724016	649352	0.25	24198.00	32768.00	0.00	2	perf_experiment
01:48:56 PM	1006	221906	43.00	56.00	0.00	0.00	99.00	57	659.00	0.00	724148	649464	0.25	25146.50	0.00	0.00	0	perf_experiment
01:48:57 PM	1006	221906	41.00	57.00	0.00	0.00	98.00	57	509.00	0.00	724280	649588	0.25	24411.00	32768.00	0.00	2	perf_experiment
01:48:58 PM	1006	221906	42.00	58.00	0.00	0.00	100.00	57	73.00	0.00	724412	649660	0.25	25522.00	0.00	0.00	0	perf_experiment
01:48:59 PM	1006	221906	38.00	60.00	0.00	0.00	98.00	57	47.00	0.00	724540	649812	0.25	24447.50	32768.00	0.00	3	perf_experiment
01:49:00 PM	1006	221906	35.00	65.00	0.00	0.00	100.00	57	44.00	0.00	724652	649936	0.25	25002.00	0.00	0.00	0	perf_experiment
01:49:01 PM	1006	221906	40.00	58.00	0.00	0.00	98.00	57	49.00	0.00	724776	650048	0.25	24453.00	32768.00	0.00	2	perf_experiment
01:49:02 PM	1006	221906	38.00	62.00	0.00	0.00	100.00	57	44.00	0.00	724904	650176	0.25	24817.50	0.00	0.00	0	perf_experiment
01:49:03 PM	1006	221906	42.00	55.00	0.00	0.00	97.00	57	52.00	0.00	725028	650300	0.25	24312.50	32768.00	0.00	2	perf_experiment
01:49:04 PM	1006	221906	46.00	54.00	0.00	0.00	100.00	57	42.00	0.00	725164	650300	0.25	24797.00	0.00	0.00	0	perf_experiment
01:49:05 PM	1006	221906	45.00	53.00	0.00	0.00	98.00	57	55.00	0.00	725296	650460	0.25	24022.50	32768.00	0.00	2	perf_experiment
01:49:06 PM	1006	221906	38.00	62.00	0.00	0.00	100.00	57	43.00	0.00	725432	650636	0.25	24849.50	0.00	0.00	0	perf_experiment
01:49:07 PM	1006	221906	43.00	55.00	0.00	0.00	98.00	57	40.00	0.00	725424	650636	0.25	24166.00	32768.00	0.00	3	perf_experiment
01:49:08 PM	1006	221906	43.00	57.00	0.00	0.00	100.00	57	49.00	0.00	725552	650820	0.25	24753.00	0.00	0.00	0	perf_experiment
01:49:09 PM	1006	221906	40.00	57.00	0.00	0.00	97.00	57	51.00	0.00	725688	650984	0.25	24082.50	32768.00	0.00	2	perf_experiment
01:49:10 PM	1006	221906	40.00	60.00	0.00	0.00	100.00	57	47.00	0.00	725816	651088	0.25	24844.50	0.00	0.00	0	perf_experiment
01:49:11 PM	1006	221906	39.00	60.00	0.00	0.00	99.00	57	46.00	0.00	725940	651212	0.25	24129.00	32768.00	0.00	2	perf_experiment
01:49:12 PM	1006	221906	43.00	57.00	0.00	0.00	100.00	57	43.00	0.00	726076	651364	0.25	24846.00	0.00	0.00	0	perf_experiment
01:49:13 PM	1006	221906	39.00	58.00	0.00	0.00	97.00	57	3791.00	0.00	726208	651492	0.25	23826.00	32768.00	0.00	2	perf_experiment
01:49:14 PM	1006	221906	43.00	58.00	0.00	0.00	101.00	57	4109.00	0.00	726332	651604	0.25	25018.50	0.00	0.00	0	perf_experiment
01:49:15 PM	1006	221906	38.61	57.43	0.00	0.00	96.04	57	3711.88	0.00	726468	651748	0.25	23746.04	32443.56	0.00	2	perf_experiment
01:49:16 PM	1006	221906	39.00	61.00	0.00	0.00	100.00	57	49.00	0.00	726604	651748	0.25	24897.50	0.00	0.00	0	perf_experiment
01:49:17 PM	1006	221906	45.00	53.00	0.00	0.00	98.00	57	45.00	0.00	726732	652004	0.25	24301.50	32768.00	0.00	0	perf_experiment
01:49:18 PM	1006	221906	37.00	63.00	0.00	1.00	100.00	57	44.00	0.00	726732	652004	0.25	24594.50	0.00	0.00	3	perf_experiment
01:49:19 PM	1006	221906	39.00	61.00	0.00	0.00	100.00	57	43.00	0.00	726856	652128	0.25	24997.50	0.00	0.00	0	perf_experiment
01:49:20 PM	1006	221906	44.00	54.00	0.00	0.00	98.00	57	7057.00	0.00	726992	652240	0.25	23875.50	32768.00	0.00	2	perf_experiment
01:49:21 PM	1006	221906	39.00	60.00	0.00	0.00	99.00	57	41.00	0.00	727124	652404	0.25	25047.50	0.00	0.00	0	perf_experiment
01:49:22 PM	1006	221906	44.00	54.00	0.00	0.00	98.00	57	8239.00	0.00	727256	652452	0.25	23838.00	32768.00	0.00	2	perf_experiment
01:49:23 PM	1006	221906	43.00	58.00	0.00	0.00	101.00	57	50.00	0.00	727376	652652	0.25	25048.50	0.00	0.00	0	perf_experiment
01:49:24 PM	1006	221906	43.00	55.00	0.00	0.00	98.00	57	8239.00	0.00	727512	652696	0.25	24096.50	32768.00	0.00	2	perf_experiment
01:49:25 PM	1006	221906	41.00	58.00	0.00	0.00	99.00	57	48.00	0.00	727648	652796	0.25	24866.50	0.00	0.00	0	perf_experiment
01:49:26 PM	1006	221906	42.00	57.00	0.00	0.00	99.00	57	8236.00	0.00	727648	652944	0.25	24072.00	32768.00	0.00	2	perf_experiment
01:49:27 PM	1006	221906	43.00	56.00	0.00	0.00	99.00	57	52.00	0.00	727784	653112	0.25	24882.00	0.00	0.00	0	perf_experiment
01:49:28 PM	1006	221906	46.00	53.00	0.00	0.00	99.00	57	8235.00	0.00	727904	653192	0.25	24014.50	32768.00	0.00	2	perf_experiment
01:49:29 PM	1006	221906	35.00	64.00	0.00	0.00	99.00	57	51.00	0.00	728020	653300	0.25	24790.00	0.00	0.00	0	perf_experiment
01:49:30 PM	1006	221906	39.00	59.00	0.00	0.00	98.00	57	8239.00	0.00	728144	653416	0.25	24246.50	32768.00	0.00	2	perf_experiment
01:49:31 PM	1006	221906	42.00	58.00	0.00	0.00	100.00	57	44.00	0.00	728280	653556	0.25	24721.00	0.00	0.00	0	perf_experiment
01:49:32 PM	1006	221906	36.00	62.00	0.00	0.00	98.00	57	6099.00	0.00	728404	653676	0.25	24290.00	32768.00	0.00	3	perf_experiment
01:49:33 PM	1006	221906	40.00	60.00	0.00	0.00	100.00	57	72.00	0.00	728528	653800	0.25	24713.50	0.00	0.00	0	perf_experiment
01:49:34 PM	1006	221906	38.00	60.00	0.00	0.00	98.00	57	49.00	0.00	728664	653888	0.25	24160.00	32768.00	0.00	2	perf_experiment
01:49:35 PM	1006	221906	38.00	61.00	0.00	0.00	99.00	57	45.00	0.00	728788	654060	0.25	24892.50	0.00	0.00	0	perf_experiment
01:49:36 PM	1006	221906	42.00	57.00	0.00	0.00	99.00	57	44.00	0.00	728916	654188	0.25	24088.00	32768.00	0.00	2	perf_experiment
01:49:37 PM	1006	221906	44.00	55.00	0.00	0.00	99.00	57	49.00	0.00	729048	654188	0.25	24871.00	0.00	0.00	0	perf_experiment
01:49:38 PM	1006	221906	43.00	56.00	0.00	0.00	99.00	57	48.00	0.00	729176	654448	0.25	23976.00	32768.00	0.00	2	perf_experiment
01:49:39 PM	1006	221906	46.00	53.00	0.00	0.00	99.00	57	44.00	0.00	729176	654448	0.25	25082.50	0.00	0.00	0	perf_experiment
01:49:40 PM	1006	221906	34.00	64.00	0.00	0.00	98.00	57	8241.00	0.00	729300	654636	0.25	24012.00	32768.00	0.00	2	perf_experiment
01:49:41 PM	1006	221906	47.00	53.00	0.00	0.00	100.00	57	42.00	0.00	729428	654700	0.25	24961.00	0.00	0.00	0	perf_experiment
01:49:42 PM	1006	221906	42.00	56.00	0.00	0.00	98.00	57	1227.00	0.00	729564	654900	0.25	24002.00	32768.00	0.00	3	perf_experiment
01:49:43 PM	1006	221906	41.00	58.00	0.00	0.00	99.00	57	45.00	0.00	729672	654960	0.25	25100.50	0.00	0.00	0	perf_experiment
01:49:44 PM	1006	221906	35.00	63.00	0.00	0.00	98.00	57	54.00	0.00	729792	655072	0.25	24250.50	32768.00	0.00	2	perf_experiment
01:49:45 PM	1006	221906	38.00	62.00	0.00	0.00	100.00	57	47.00	0.00	729916	655188	0.25	25572.50	0.00	0.00	0	perf_experiment
01:49:46 PM	1006	221906	42.00	56.00	0.00	0.00	98.00	57	47.00	0.00	730040	655312	0.25	24746.50	32768.00	0.00	2	perf_experiment
01:49:47 PM	1006	221906	44.00	56.00	0.00	0.00	100.00	57	48.00	0.00	730164	655436	0.25	25561.50	0.00	0.00	0	perf_experiment
01:49:48 PM	1006	221906	41.00	57.00	0.00	0.00	98.00	57	42.00	0.00	730288	655560	0.25	23995.50	32768.00	0.00	3	perf_experiment
01:49:49 PM	1006	221906	43.00	56.00	0.00	0.00	99.00	57	51.00	0.00	730420	655716	0.25	25132.00	0.00	0.00	0	perf_experiment
01:49:50 PM	1006	221906	43.00	56.00	0.00	0.00	99.00	57	49.00	0.00	730544	655816	0.25	24451.00	32768.00	0.00	2	perf_experiment
01:49:51 PM	1006	221906	46.00	53.00	0.00	0.00	99.00	57	44.00	0.00	730672	655944	0.25	25263.50	0.00	0.00	0	perf_experiment
01:49:52 PM	1006	221906	39.00	59.00	0.00	0.00	98.00	57	39.00	0.00	730796	656068	0.25	24403.50	32768.00	0.00	2	perf_experiment
01:49:53 PM	1006	221906	44.00	56.00	0.00	0.00	100.00	57	1513.00	0.00	730924	656220	0.25	25435.00	0.00	0.00	0	perf_experiment
01:49:54 PM	1006	221906	42.00	56.00	0.00	0.00	98.00	57	1001.00	0.00	731052	656348	0.25	24771.00	32768.00	0.00	3	perf_experiment
01:49:55 PM	1006	221906	43.00	57.00	0.00	0.00	100.00	57	834.00	0.00	731160	656472	0.25	25014.50	0.00	0.00	0	perf_experiment
01:49:56 PM	1006	221906	44.00	54.00	0.00	0.00	98.00	57	734.00	0.00	731268	656596	0.25	24349.00	32768.00	0.00	2	perf_experiment
01:49:57 PM	1006	221906	39.00	61.00	0.00	0.00	100.00	57	811.00	0.00	731380	656700	0.25	24938.00	0.00	0.00	0	perf_experiment
01:49:58 PM	1006	221906	37.00	61.00	0.00	0.00	98.00	57	5961.00	0.00	731516	656836	0.25	24152.50	32768.00	0.00	2	perf_experiment
01:49:59 PM	1006	221906	42.00	58.00	0.00	0.00	100.00	57	49.00	0.00	731640	656836	0.25	25032.00	0.00	0.00	0	perf_experiment
01:50:00 PM	1006	221906	41.00	58.00	0.00	0.00	99.00	57	8243.00	0.00	731776	657064	0.25	24519.00	32768.00	0.00	0	perf_experiment
01:50:01 PM	1006	221906	43.00	55.00	0.00	0.00	98.00	57	56.00	0.00	731912	657128	0.25	24415.50	0.00	0.00	2	perf_experiment
01:50:02 PM	1006	221906	45.00	56.00	0.00	0.00	101.00	57	47.00	0.00	732036	657308	0.25	24956.50	0.00	0.00	0	perf_experiment
01:50:03 PM	1006	221906	46.00	51.00	0.00	0.00	97.00	57	42.00	0.00	732036	657308	0.25	23919.50	32768.00	0.00	2	perf_experiment
01:50:04 PM	1006	221906	38.00	62.00	0.00	0.00	100.00	57	46.00	0.00	732164	657436	0.25	24930.00	0.00	0.00	0	perf_experiment
01:50:05 PM	1006	221906	41.00	57.00	0.00	0.00	98.00	57	49.00	0.00	732284	657560	0.25	23985.00	32768.00	0.00	3	perf_experiment
01:50:06 PM	1006	221906	44.00	56.00	0.00	0.00	100.00	57	44.00	0.00	732400	657680	0.25	24844.00	0.00	0.00	0	perf_experiment
01:50:07 PM	1006	221906	45.00	53.00	0.00	0.00	98.00	57	42.00	0.00	732528	657800	0.25	24033.00	32768.00	0.00	2	perf_experiment
01:50:08 PM	1006	221906	41.00	59.00	0.00	0.00	100.00	57	48.00	0.00	732652	657924	0.25	24853.00	0.00	0.00	0	perf_experiment
01:50:09 PM	1006	221906	37.00	60.00	0.00	0.00	97.00	57	48.00	0.00	732776	658056	0.25	24161.50	32768.00	0.00	2	perf_experiment
01:50:10 PM	1006	221906	37.00	63.00	0.00	0.00	100.00	57	44.00	0.00	732900	658172	0.25	24764.50	0.00	0.00	0	perf_experiment
01:50:11 PM	1006	221906	43.00	54.00	0.00	0.00	97.00	57	43.00	0.00	733032	658344	0.25	24248.00	32768.00	0.00	3	perf_experiment
01:50:12 PM	1006	221906	44.00	56.00	0.00	0.00	100.00	57	44.00	0.00	733168	658344	0.25	24763.50	0.00	0.00	0	perf_experiment
01:50:13 PM	1006	221906	45.00	54.00	0.00	0.00	99.00	57	42.00	0.00	733296	658568	0.25	24101.00	32768.00	0.00	2	perf_experiment
01:50:14 PM	1006	221906	43.00	56.00	0.00	0.00	99.00	57	4024.00	0.00	733420	658732	0.25	24794.50	0.00	0.00	0	perf_experiment
01:50:15 PM	1006	221906	42.00	56.00	0.00	0.00	98.00	57	12102.00	0.00	733548	658820	0.25	23837.00	32768.00	0.00	2	perf_experiment
01:50:16 PM	1006	221906	44.00	56.00	0.00	0.00	100.00	57	4115.00	0.00	733672	658944	0.25	25040.50	0.00	0.00	0	perf_experiment
01:50:17 PM	1006	221906	37.00	61.00	0.00	0.00	98.00	57	10145.00	0.00	733800	659072	0.25	23944.50	32768.00	0.00	2	perf_experiment
01:50:18 PM	1006	221906	42.00	58.00	0.00	0.00	100.00	57	42.00	0.00	733800	659072	0.25	25096.50	0.00	0.00	0	perf_experiment
01:50:19 PM	1006	221906	40.00	57.00	0.00	0.00	97.00	57	8237.00	0.00	733932	659248	0.25	23900.50	32768.00	0.00	3	perf_experiment
01:50:20 PM	1006	221906	41.00	60.00	0.00	0.00	101.00	57	48.00	0.00	734060	659332	0.25	24895.00	0.00	0.00	0	perf_experiment
01:50:21 PM	1006	221906	43.00	55.00	0.00	0.00	98.00	57	2756.00	0.00	734184	659504	0.25	23927.50	32768.00	0.00	2	perf_experiment
01:50:22 PM	1006	221906	37.00	63.00	0.00	0.00	100.00	57	57.00	0.00	734320	659608	0.25	25110.00	0.00	0.00	0	perf_experiment
01:50:23 PM	1006	221906	44.00	54.00	0.00	0.00	98.00	57	40.00	0.00	734444	659716	0.25	24301.50	32768.00	0.00	2	perf_experiment
01:50:24 PM	1006	221906	43.00	56.00	0.00	0.00	99.00	57	49.00	0.00	734580	659904	0.25	25255.50	0.00	0.00	0	perf_experiment
01:50:25 PM	1006	221906	40.00	58.00	0.00	0.00	98.00	57	40.00	0.00	734708	659980	0.25	24297.50	32768.00	0.00	2	perf_experiment
01:50:26 PM	1006	221906	37.00	63.00	0.00	0.00	100.00	57	54.00	0.00	734844	660144	0.25	25378.50	0.00	0.00	0	perf_experiment
01:50:27 PM	1006	221906	40.00	58.00	0.00	0.00	98.00	57	5526.00	0.00	734968	660240	0.25	24415.00	32768.00	0.00	2	perf_experiment
01:50:28 PM	1006	221906	38.00	62.00	0.00	0.00	100.00	57	45.00	0.00	735104	660240	0.25	25041.00	0.00	0.00	0	perf_experiment
01:50:29 PM	1006	221906	37.00	61.00	0.00	0.00	98.00	57	8240.00	0.00	735104	660464	0.25	24315.00	32768.00	0.00	3	perf_experiment
01:50:30 PM	1006	221906	42.00	58.00	0.00	0.00	100.00	57	46.00	0.00	735228	660500	0.25	24939.50	0.00	0.00	0	perf_experiment
01:50:31 PM	1006	221906	41.00	57.00	0.00	0.00	98.00	57	8241.00	0.00	735352	660704	0.25	24070.50	32768.00	0.00	2	perf_experiment
01:50:32 PM	1006	221906	41.00	58.00	0.00	0.00	99.00	57	47.00	0.00	735488	660768	0.25	24857.00	0.00	0.00	0	perf_experiment
01:50:33 PM	1006	221906	40.00	59.00	0.00	0.00	99.00	57	2612.00	0.00	735600	660960	0.25	24262.50	32768.00	0.00	2	perf_experiment
01:50:34 PM	1006	221906	41.00	59.00	0.00	0.00	100.00	57	74.00	0.00	735728	661012	0.25	24566.00	0.00	0.00	0	perf_experiment
01:50:35 PM	1006	221906	35.00	62.00	0.00	0.00	97.00	57	46.00	0.00	735864	661180	0.25	24130.50	32768.00	0.00	2	perf_experiment
01:50:36 PM	1006	221906	42.00	58.00	0.00	0.00	100.00	57	44.00	0.00	736000	661180	0.25	24855.00	0.00	0.00	0	perf_experiment
01:50:37 PM	1006	221906	35.00	63.00	0.00	0.00	98.00	57	46.00	0.00	736132	661364	0.25	24361.50	32768.00	0.00	0	perf_experiment
