Time	UID	PID	%usr	%system	%guest	%wait	%CPU	CPU	minflt/s	majflt/s	VSZ	RSS	%MEM	kB_rd/s	kB_wr/s	kB_ccwr/s	iodelay	Command
05:46:35 PM	1006	217091	79.00	19.00	0.00	0.00	98.00	20	144433.00	0.00	590180	582788	0.22	0.00	4.00	0.00	0	perf_experiment
05:46:36 PM	1006	217091	95.00	1.00	0.00	0.00	96.00	20	4.00	0.00	590180	582788	0.22	0.00	65536.00	0.00	5	perf_experiment
05:46:37 PM	1006	217091	90.00	2.00	0.00	0.00	92.00	20	2.00	0.00	590180	582788	0.22	0.00	131072.00	0.00	7	perf_experiment
05:46:38 PM	1006	217091	89.00	1.00	0.00	0.00	90.00	20	0.00	0.00	590180	582788	0.22	0.00	98304.00	0.00	10	perf_experiment
05:46:39 PM	1006	217091	92.00	1.00	0.00	0.00	93.00	20	1.00	0.00	590180	582788	0.22	0.00	98304.00	0.00	7	perf_experiment
05:46:40 PM	1006	217091	95.00	5.00	0.00	0.00	100.00	20	185.00	0.00	658580	583704	0.22	5874.00	0.00	0.00	0	perf_experiment
05:46:41 PM	1006	217091	95.00	6.00	0.00	0.00	101.00	20	12321.00	0.00	659344	584724	0.22	6926.00	0.00	0.00	0	perf_experiment
05:46:42 PM	1006	217091	97.00	2.00	0.00	0.00	99.00	20	3201.00	0.00	660132	585536	0.22	6962.50	0.00	0.00	0	perf_experiment
05:46:43 PM	1006	217091	94.00	6.00	0.00	0.00	100.00	20	7472.00	0.00	661068	586356	0.22	6906.50	0.00	0.00	0	perf_experiment
05:46:44 PM	1006	217091	97.00	3.00	0.00	0.00	100.00	20	6605.00	0.00	661736	587152	0.22	6969.00	0.00	0.00	0	perf_experiment
05:46:45 PM	1006	217091	93.00	7.00	0.00	0.00	100.00	20	6097.00	0.00	662664	587968	0.22	7002.00	0.00	0.00	0	perf_experiment
05:46:46 PM	1006	217091	94.06	4.95	0.00	0.00	99.01	20	16849.50	0.00	663468	588772	0.22	6798.02	0.00	0.00	0	perf_experiment
05:46:47 PM	1006	217091	96.00	4.00	0.00	0.00	100.00	20	6083.00	0.00	664264	589572	0.22	7022.50	0.00	0.00	0	perf_experiment
05:46:48 PM	1006	217091	94.00	6.00	0.00	0.00	100.00	20	6803.00	0.00	665056	590396	0.22	6961.00	0.00	0.00	0	perf_experiment
05:46:49 PM	1006	217091	96.00	4.00	0.00	0.00	100.00	20	6797.00	0.00	665836	591244	0.22	6946.00	0.00	0.00	0	perf_experiment
05:46:50 PM	1006	217091	97.00	3.00	0.00	0.00	100.00	20	6247.00	0.00	666776	592072	0.22	6998.00	0.00	0.00	0	perf_experiment
05:46:51 PM	1006	217091	96.00	4.00	0.00	0.00	100.00	20	5647.00	0.00	667572	592844	0.22	7017.50	0.00	0.00	0	perf_experiment
05:46:52 PM	1006	217091	96.00	4.00	0.00	0.00	100.00	20	15689.00	0.00	668384	593688	0.23	7003.00	0.00	0.00	0	perf_experiment
05:46:53 PM	1006	217091	96.00	4.00	0.00	0.00	100.00	20	6608.00	0.00	669184	594496	0.23	7045.50	0.00	0.00	0	perf_experiment
05:46:54 PM	1006	217091	96.00	5.00	0.00	0.00	101.00	20	5345.00	0.00	669976	595348	0.23	7057.00	0.00	0.00	0	perf_experiment
05:46:55 PM	1006	217091	94.00	6.00	0.00	0.00	100.00	20	7012.00	0.00	670768	596136	0.23	7019.00	0.00	0.00	0	perf_experiment
05:46:56 PM	1006	217091	93.00	7.00	0.00	0.00	100.00	20	6650.00	0.00	671572	596988	0.23	7027.00	0.00	0.00	0	perf_experiment
05:46:57 PM	1006	217091	95.00	4.00	0.00	0.00	99.00	20	5847.00	0.00	672384	597772	0.23	7092.50	0.00	0.00	0	perf_experiment
05:46:58 PM	1006	217091	96.00	4.00	0.00	0.00	100.00	20	5543.00	0.00	673308	598612	0.23	7046.50	0.00	0.00	0	perf_experiment
05:46:59 PM	1006	217091	97.00	4.00	0.00	0.00	101.00	20	5030.00	0.00	674100	599448	0.23	7048.50	0.00	0.00	0	perf_experiment
05:47:00 PM	1006	217091	97.00	3.00	0.00	0.00	100.00	20	12617.00	0.00	674872	600264	0.23	7008.50	0.00	0.00	0	perf_experiment
05:47:01 PM	1006	217091	95.00	4.00	0.00	0.00	99.00	20	8449.00	0.00	675676	601084	0.23	7036.00	0.00	0.00	0	perf_experiment
05:47:02 PM	1006	217091	95.00	5.00	0.00	0.00	100.00	20	4963.00	0.00	676476	601876	0.23	7048.00	0.00	0.00	0	perf_experiment
05:47:03 PM	1006	217091	97.00	4.00	0.00	0.00	101.00	20	4401.00	0.00	677400	602732	0.23	7058.00	0.00	0.00	0	perf_experiment
05:47:04 PM	1006	217091	94.00	5.00	0.00	0.00	99.00	20	6741.00	0.00	678184	603560	0.23	7012.50	0.00	0.00	0	perf_experiment
05:47:05 PM	1006	217091	91.00	9.00	0.00	0.00	100.00	20	6591.00	0.00	678984	604376	0.23	7053.50	0.00	0.00	0	perf_experiment
05:47:06 PM	1006	217091	98.00	2.00	0.00	0.00	100.00	20	5986.00	0.00	679780	605196	0.23	7066.00	0.00	0.00	0	perf_experiment
05:47:07 PM	1006	217091	95.00	5.00	0.00	0.00	100.00	20	5273.00	0.00	680716	606032	0.23	7036.50	0.00	0.00	0	perf_experiment
05:47:08 PM	1006	217091	96.00	5.00	0.00	0.00	101.00	20	5068.00	0.00	681512	606892	0.23	7040.50	0.00	0.00	0	perf_experiment
05:47:09 PM	1006	217091	95.00	4.00	0.00	0.00	99.00	20	4412.00	0.00	682300	607692	0.23	7046.00	0.00	0.00	0	perf_experiment
05:47:10 PM	1006	217091	96.00	4.00	0.00	0.00	100.00	20	4030.00	0.00	683212	608540	0.23	7062.50	0.00	0.00	0	perf_experiment
05:47:11 PM	1006	217091	94.00	6.00	0.00	0.00	100.00	20	14862.00	0.00	684008	609348	0.23	6975.00	0.00	0.00	0	perf_experiment
05:47:12 PM	1006	217091	97.00	4.00	0.00	0.00	101.00	20	5104.00	0.00	684796	610160	0.23	7035.00	0.00	0.00	0	perf_experiment
05:47:13 PM	1006	217091	95.00	4.00	0.00	0.00	99.00	20	4279.00	0.00	685604	610964	0.23	7075.00	0.00	0.00	0	perf_experiment
05:47:14 PM	1006	217091	95.00	5.00	0.00	0.00	100.00	20	3728.00	0.00	686408	611776	0.23	7032.50	0.00	0.00	0	perf_experiment
05:47:15 PM	1006	217091	96.00	4.00	0.00	0.00	100.00	20	4325.00	0.00	687340	612636	0.23	6991.50	0.00	0.00	0	perf_experiment
05:47:16 PM	1006	217091	98.00	3.00	0.00	0.00	101.00	20	6971.00	0.00	688140	613436	0.23	7067.50	0.00	0.00	0	perf_experiment
05:47:17 PM	1006	217091	97.00	2.00	0.00	0.00	99.00	20	6246.00	0.00	688928	614252	0.23	7039.00	0.00	0.00	0	perf_experiment
05:47:18 PM	1006	217091	97.00	4.00	0.00	0.00	101.00	20	5874.00	0.00	689732	615104	0.23	7055.50	0.00	0.00	0	perf_experiment
05:47:19 PM	1006	217091	96.00	4.00	0.00	0.00	100.00	20	5013.00	0.00	690532	615928	0.23	7042.00	0.00	0.00	0	perf_experiment
05:47:20 PM	1006	217091	90.00	9.00	0.00	0.00	99.00	20	4714.00	0.00	691448	616744	0.23	7055.50	0.00	0.00	0	perf_experiment
05:47:21 PM	1006	217091	93.00	7.00	0.00	0.00	100.00	20	4130.00	0.00	692244	617564	0.23	7112.50	0.00	0.00	0	perf_experiment
05:47:22 PM	1006	217091	94.00	6.00	0.00	0.00	100.00	20	3811.00	0.00	693016	618420	0.23	7056.50	0.00	0.00	0	perf_experiment
05:47:23 PM	1006	217091	95.00	6.00	0.00	0.00	101.00	20	3501.00	0.00	693812	619192	0.23	7033.00	0.00	0.00	0	perf_experiment
05:47:24 PM	1006	217091	94.00	6.00	0.00	0.00	100.00	20	3133.00	0.00	694736	620016	0.24	7078.00	0.00	0.00	0	perf_experiment
05:47:25 PM	1006	217091	97.00	2.00	0.00	0.00	99.00	20	14484.00	0.00	695520	620872	0.24	6999.00	0.00	0.00	0	perf_experiment
05:47:26 PM	1006	217091	96.00	4.00	0.00	0.00	100.00	20	4317.00	0.00	696320	621688	0.24	7098.00	0.00	0.00	0	perf_experiment
05:47:27 PM	1006	217091	95.00	6.00	0.00	0.00	101.00	20	3565.00	0.00	697120	622504	0.24	7068.00	0.00	0.00	0	perf_experiment
05:47:28 PM	1006	217091	95.00	4.00	0.00	0.00	99.00	20	3205.00	0.00	698048	623344	0.24	7099.50	0.00	0.00	0	perf_experiment
05:47:29 PM	1006	217091	95.00	5.00	0.00	0.00	100.00	20	2959.00	0.00	698844	624124	0.24	7093.00	0.00	0.00	0	perf_experiment
05:47:30 PM	1006	217091	96.00	5.00	0.00	0.00	101.00	20	2991.00	0.00	699624	624992	0.24	7059.00	0.00	0.00	0	perf_experiment
05:47:31 PM	1006	217091	95.00	4.00	0.00	0.00	99.00	20	6820.00	0.00	700412	625800	0.24	7090.50	0.00	0.00	0	perf_experiment
05:47:32 PM	1006	217091	94.00	6.00	0.00	0.00	100.00	20	6401.00	0.00	701216	626628	0.24	7029.00	0.00	0.00	0	perf_experiment
05:47:33 PM	1006	217091	94.00	6.00	0.00	0.00	100.00	20	5728.00	0.00	702136	627448	0.24	7006.00	0.00	0.00	0	perf_experiment
05:47:34 PM	1006	217091	97.00	3.00	0.00	0.00	100.00	20	5059.00	0.00	702936	628272	0.24	7052.00	0.00	0.00	0	perf_experiment
05:47:35 PM	1006	217091	96.00	4.00	0.00	0.00	100.00	20	4698.00	0.00	703724	629112	0.24	7046.50	0.00	0.00	0	perf_experiment
05:47:36 PM	1006	217091	97.00	3.00	0.00	0.00	100.00	20	4263.00	0.00	704516	629904	0.24	7028.00	0.00	0.00	0	perf_experiment
05:47:37 PM	1006	217091	95.00	5.00	0.00	0.00	100.00	20	3858.00	0.00	705440	630712	0.24	7027.00	0.00	0.00	0	perf_experiment
05:47:38 PM	1006	217091	95.00	5.00	0.00	0.00	100.00	20	3512.00	0.00	706240	631552	0.24	7070.50	0.00	0.00	0	perf_experiment
05:47:39 PM	1006	217091	95.00	5.00	0.00	0.00	100.00	20	3188.00	0.00	707048	632388	0.24	7102.00	0.00	0.00	0	perf_experiment
05:47:40 PM	1006	217091	97.00	4.00	0.00	0.00	101.00	20	2851.00	0.00	707856	633228	0.24	7049.50	0.00	0.00	0	perf_experiment
05:47:41 PM	1006	217091	94.00	6.00	0.00	0.00	100.00	20	2661.00	0.00	708656	634024	0.24	7075.00	0.00	0.00	0	perf_experiment
05:47:42 PM	1006	217091	94.00	6.00	0.00	0.00	100.00	20	2397.00	0.00	709588	634860	0.24	6988.50	0.00	0.00	0	perf_experiment
05:47:43 PM	1006	217091	96.00	3.00	0.00	0.00	99.00	20	13503.00	0.00	710372	635724	0.24	7017.00	0.00	0.00	0	perf_experiment
05:47:44 PM	1006	217091	94.00	6.00	0.00	0.00	100.00	20	3441.00	0.00	711172	636520	0.24	7086.00	0.00	0.00	0	perf_experiment
05:47:45 PM	1006	217091	96.00	4.00	0.00	0.00	100.00	20	2855.00	0.00	711968	637336	0.24	7074.00	0.00	0.00	0	perf_experiment
05:47:46 PM	1006	217091	97.00	3.00	0.00	0.00	100.00	20	2564.00	0.00	712772	638148	0.24	7037.00	0.00	0.00	0	perf_experiment
05:47:47 PM	1006	217091	97.00	3.00	0.00	0.00	100.00	20	2358.00	0.00	713692	638988	0.24	7080.00	0.00	0.00	0	perf_experiment
05:47:48 PM	1006	217091	95.00	6.00	0.00	0.00	101.00	20	2180.00	0.00	714492	639844	0.24	7051.50	0.00	0.00	0	perf_experiment
05:47:49 PM	1006	217091	97.00	3.00	0.00	0.00	100.00	20	1981.00	0.00	715280	640624	0.24	7072.50	0.00	0.00	0	perf_experiment
05:47:50 PM	1006	217091	96.00	3.00	0.00	0.00	99.00	20	4037.00	0.00	716080	641484	0.24	7007.50	0.00	0.00	0	perf_experiment
05:47:51 PM	1006	217091	95.00	6.00	0.00	0.00	101.00	20	6810.00	0.00	717012	642308	0.24	6995.50	0.00	0.00	0	perf_experiment
05:47:52 PM	1006	217091	97.00	2.00	0.00	0.00	99.00	20	6133.00	0.00	717784	643160	0.24	7019.50	0.00	0.00	0	perf_experiment
05:47:53 PM	1006	217091	95.00	5.00	0.00	0.00	100.00	20	5416.00	0.00	718580	643952	0.24	7052.00	0.00	0.00	0	perf_experiment
05:47:54 PM	1006	217091	94.00	6.00	0.00	0.00	100.00	20	4946.00	0.00	719384	644788	0.24	7032.00	0.00	0.00	0	perf_experiment
05:47:55 PM	1006	217091	96.00	4.00	0.00	0.00	100.00	20	4708.00	0.00	720316	645604	0.24	7055.00	0.00	0.00	0	perf_experiment
05:47:56 PM	1006	217091	96.00	4.00	0.00	0.00	100.00	20	4156.00	0.00	721104	646420	0.25	7085.00	0.00	0.00	0	perf_experiment
05:47:57 PM	1006	217091	96.00	4.00	0.00	0.00	100.00	20	3853.00	0.00	721912	647260	0.25	7083.00	0.00	0.00	0	perf_experiment
05:47:58 PM	1006	217091	94.00	6.00	0.00	0.00	100.00	20	3347.00	0.00	722708	648068	0.25	7088.00	0.00	0.00	0	perf_experiment
05:47:59 PM	1006	217091	95.00	5.00	0.00	0.00	100.00	20	3112.00	0.00	723496	648892	0.25	7070.50	0.00	0.00	0	perf_experiment
05:48:00 PM	1006	217091	96.00	4.00	0.00	0.00	100.00	20	2762.00	0.00	724424	649712	0.25	7080.50	0.00	0.00	0	perf_experiment
05:48:01 PM	1006	217091	94.00	6.00	0.00	0.00	100.00	20	2581.00	0.00	725228	650544	0.25	7081.00	0.00	0.00	0	perf_experiment
05:48:02 PM	1006	217091	96.00	4.00	0.00	0.00	100.00	20	2379.00	0.00	726008	651364	0.25	7041.00	0.00	0.00	0	perf_experiment
05:48:03 PM	1006	217091	98.00	2.00	0.00	0.00	100.00	20	2081.00	0.00	726804	652184	0.25	7064.00	0.00	0.00	0	perf_experiment
05:48:04 PM	1006	217091	94.00	6.00	0.00	0.00	100.00	20	1936.00	0.00	727604	652992	0.25	7101.50	0.00	0.00	0	perf_experiment
05:48:05 PM	1006	217091	95.00	5.00	0.00	0.00	100.00	20	1767.00	0.00	728516	653812	0.25	7098.00	0.00	0.00	0	perf_experiment
05:48:06 PM	1006	217091	95.00	5.00	0.00	0.00	100.00	20	9349.00	0.00	729320	654656	0.25	7041.50	0.00	0.00	0	perf_experiment
05:48:07 PM	1006	217091	95.00	5.00	0.00	0.00	100.00	20	5792.00	0.00	730120	655484	0.25	7016.00	0.00	0.00	0	perf_experiment
05:48:08 PM	1006	217091	97.00	3.00	0.00	0.00	100.00	20	2223.00	0.00	730908	656308	0.25	7098.50	0.00	0.00	0	perf_experiment
05:48:09 PM	1006	217091	96.00	4.00	0.00	0.00	100.00	20	1971.00	0.00	731708	657120	0.25	7090.00	0.00	0.00	0	perf_experiment
05:48:10 PM	1006	217091	95.00	5.00	0.00	0.00	100.00	20	1775.00	0.00	732644	657948	0.25	7061.00	0.00	0.00	0	perf_experiment
05:48:11 PM	1006	217091	94.00	7.00	0.00	0.00	101.00	20	1614.00	0.00	733452	658780	0.25	7111.00	0.00	0.00	0	perf_experiment
05:48:12 PM	1006	217091	95.00	4.00	0.00	0.00	99.00	20	1466.00	0.00	734252	659596	0.25	7042.50	0.00	0.00	0	perf_experiment
05:48:13 PM	1006	217091	98.00	2.00	0.00	0.00	100.00	20	1426.00	0.00	735160	660464	0.25	7057.00	0.00	0.00	0	perf_experiment
05:48:14 PM	1006	217091	95.00	5.00	0.00	0.00	100.00	20	1267.00	0.00	735960	661268	0.25	7096.50	0.00	0.00	0	perf_experiment
05:48:15 PM	1006	217091	98.00	2.00	0.00	0.00	100.00	20	1116.00	0.00	736752	662072	0.25	7062.50	0.00	0.00	0	perf_experiment
05:48:16 PM	1006	217091	97.00	3.00	0.00	0.00	100.00	20	6091.00	0.00	737520	662904	0.25	7040.50	0.00	0.00	0	perf_experiment
05:48:17 PM	1006	217091	95.00	5.00	0.00	0.00	100.00	20	6458.00	0.00	738448	663760	0.25	7059.50	0.00	0.00	0	perf_experiment
05:48:18 PM	1006	217091	95.00	5.00	0.00	0.00	100.00	20	5740.00	0.00	739248	664532	0.25	7071.50	0.00	0.00	0	perf_experiment
05:48:19 PM	1006	217091	93.00	7.00	0.00	0.00	100.00	20	5351.00	0.00	740044	665364	0.25	7026.00	0.00	0.00	0	perf_experiment
05:48:20 PM	1006	217091	97.00	3.00	0.00	0.00	100.00	20	4844.00	0.00	740824	666224	0.25	7078.00	0.00	0.00	0	perf_experiment
05:48:21 PM	1006	217091	97.00	3.00	0.00	0.00	100.00	20	4338.00	0.00	741628	667000	0.25	7063.50	0.00	0.00	0	perf_experiment
05:48:22 PM	1006	217091	97.00	3.00	0.00	0.00	100.00	20	3795.00	0.00	742436	667816	0.25	7077.50	0.00	0.00	0	perf_experiment
05:48:23 PM	1006	217091	96.00	4.00	0.00	0.00	100.00	20	3609.00	0.00	743236	668640	0.25	7035.00	0.00	0.00	0	perf_experiment
05:48:24 PM	1006	217091	96.00	4.00	0.00	0.00	100.00	20	3327.00	0.00	744160	669480	0.25	7028.00	0.00	0.00	0	perf_experiment
05:48:25 PM	1006	217091	98.00	3.00	0.00	0.00	101.00	20	3099.00	0.00	744956	670312	0.25	7063.00	0.00	0.00	0	perf_experiment
05:48:26 PM	1006	217091	95.00	4.00	0.00	0.00	99.00	20	2950.00	0.00	745760	671136	0.25	7077.50	0.00	0.00	0	perf_experiment
05:48:27 PM	1006	217091	94.00	7.00	0.00	0.00	101.00	20	2754.00	0.00	746684	671972	0.25	7046.00	0.00	0.00	0	perf_experiment
05:48:28 PM	1006	217091	93.00	6.00	0.00	0.00	99.00	20	2293.00	0.00	747492	672792	0.26	7108.00	0.00	0.00	0	perf_experiment
05:48:29 PM	1006	217091	97.00	4.00	0.00	0.00	101.00	20	2122.00	0.00	748296	673584	0.26	7063.00	0.00	0.00	0	perf_experiment
05:48:30 PM	1006	217091	97.00	3.00	0.00	0.00	100.00	20	1929.00	0.00	749100	674468	0.26	7090.50	0.00	0.00	0	perf_experiment
05:48:31 PM	1006	217091	92.00	8.00	0.00	0.00	100.00	20	1745.00	0.00	750020	675284	0.26	7089.50	0.00	0.00	0	perf_experiment
05:48:32 PM	1006	217091	94.00	5.00	0.00	0.00	99.00	20	1639.00	0.00	750692	676088	0.26	7102.00	0.00	0.00	0	perf_experiment
05:48:33 PM	1006	217091	97.00	3.00	0.00	0.00	100.00	20	1492.00	0.00	751608	676904	0.26	7106.50	0.00	0.00	0	perf_experiment
05:48:34 PM	1006	217091	97.00	3.00	0.00	0.00	100.00	20	1282.00	0.00	752408	677732	0.26	7091.50	0.00	0.00	0	perf_experiment
05:48:35 PM	1006	217091	97.00	3.00	0.00	0.00	100.00	20	1270.00	0.00	753188	678568	0.26	7076.00	0.00	0.00	0	perf_experiment
05:48:36 PM	1006	217091	97.00	3.00	0.00	1.00	100.00	20	1141.00	0.00	753988	679372	0.26	7085.50	0.00	0.00	0	perf_experiment
05:48:37 PM	1006	217091	96.00	4.00	0.00	0.00	100.00	20	12265.00	0.00	754916	680204	0.26	7026.00	0.00	0.00	0	perf_experiment
05:48:38 PM	1006	217091	96.00	4.00	0.00	0.00	100.00	20	1655.00	0.00	755692	681000	0.26	7050.00	0.00	0.00	0	perf_experiment
05:48:39 PM	1006	217091	96.00	4.00	0.00	0.00	100.00	20	1312.00	0.00	756488	681808	0.26	7032.00	0.00	0.00	0	perf_experiment
05:48:40 PM	1006	217091	95.05	3.96	0.00	0.00	99.01	20	1170.30	0.00	757408	682680	0.26	6980.20	0.00	0.00	0	perf_experiment
05:48:41 PM	1006	217091	96.00	4.00	0.00	0.00	100.00	20	1033.00	0.00	758188	683484	0.26	7075.50	0.00	0.00	0	perf_experiment
05:48:42 PM	1006	217091	95.00	5.00	0.00	0.00	100.00	20	954.00	0.00	758968	684344	0.26	7027.00	0.00	0.00	0	perf_experiment
05:48:43 PM	1006	217091	97.00	3.00	0.00	0.00	100.00	20	915.00	0.00	759884	685180	0.26	7099.00	0.00	0.00	0	perf_experiment
05:48:44 PM	1006	217091	94.00	6.00	0.00	0.00	100.00	20	806.00	0.00	760680	686008	0.26	7086.00	0.00	0.00	0	perf_experiment
05:48:45 PM	1006	217091	94.00	6.00	0.00	0.00	100.00	20	735.00	0.00	761460	686792	0.26	7091.00	0.00	0.00	0	perf_experiment
05:48:46 PM	1006	217091	97.00	4.00	0.00	0.00	101.00	20	704.00	0.00	762388	687684	0.26	7060.50	0.00	0.00	0	perf_experiment
05:48:47 PM	1006	217091	96.00	3.00	0.00	0.00	99.00	20	647.00	0.00	763180	688484	0.26	7061.50	0.00	0.00	0	perf_experiment
05:48:48 PM	1006	217091	94.00	7.00	0.00	0.00	101.00	20	622.00	0.00	763976	689316	0.26	7058.50	0.00	0.00	0	perf_experiment
05:48:49 PM	1006	217091	96.00	4.00	0.00	0.00	100.00	20	4455.00	0.00	764772	690164	0.26	7073.50	0.00	0.00	0	perf_experiment
05:48:50 PM	1006	217091	92.00	7.00	0.00	0.00	99.00	20	6285.00	0.00	765568	690948	0.26	7029.50	0.00	0.00	0	perf_experiment
05:48:51 PM	1006	217091	95.00	5.00	0.00	0.00	100.00	20	5769.00	0.00	766504	691784	0.26	7030.00	0.00	0.00	0	perf_experiment
05:48:52 PM	1006	217091	97.00	4.00	0.00	0.00	101.00	20	5195.00	0.00	767296	692600	0.26	7076.00	0.00	0.00	0	perf_experiment
05:48:53 PM	1006	217091	97.00	2.00	0.00	0.00	99.00	20	4657.00	0.00	768092	693428	0.26	7054.50	0.00	0.00	0	perf_experiment
05:48:54 PM	1006	217091	95.00	5.00	0.00	0.00	100.00	20	4193.00	0.00	768876	694264	0.26	7055.50	0.00	0.00	0	perf_experiment
05:48:55 PM	1006	217091	94.00	6.00	0.00	0.00	100.00	20	3809.00	0.00	769812	695120	0.26	7068.50	0.00	0.00	0	perf_experiment
05:48:56 PM	1006	217091	96.00	4.00	0.00	0.00	100.00	20	3606.00	0.00	770480	695896	0.26	7063.00	0.00	0.00	0	perf_experiment
05:48:57 PM	1006	217091	97.00	3.00	0.00	0.00	100.00	20	3173.00	0.00	771408	696736	0.26	7074.50	0.00	0.00	0	perf_experiment
05:48:58 PM	1006	217091	98.00	2.00	0.00	0.00	100.00	20	2947.00	0.00	772200	697584	0.26	7049.00	0.00	0.00	0	perf_experiment
05:48:59 PM	1006	217091	96.00	4.00	0.00	0.00	100.00	20	2604.00	0.00	772992	698392	0.26	7042.00	0.00	0.00	0	perf_experiment
05:49:00 PM	1006	217091	96.00	4.00	0.00	0.00	100.00	20	2379.00	0.00	773908	699220	0.27	7071.50	0.00	0.00	0	perf_experiment
05:49:01 PM	1006	217091	96.00	4.00	0.00	0.00	100.00	20	2734.00	0.00	774708	700060	0.27	7097.50	0.00	0.00	0	perf_experiment
05:49:02 PM	1006	217091	95.00	5.00	0.00	0.00	100.00	20	2774.00	0.00	775508	700888	0.27	7043.00	0.00	0.00	0	perf_experiment
05:49:03 PM	1006	217091	97.00	3.00	0.00	0.00	100.00	20	2557.00	0.00	776300	701684	0.27	7057.00	0.00	0.00	0	perf_experiment
05:49:04 PM	1006	217091	95.00	5.00	0.00	0.00	100.00	20	2222.00	0.00	777104	702516	0.27	7025.00	0.00	0.00	0	perf_experiment
05:49:05 PM	1006	217091	97.00	3.00	0.00	0.00	100.00	20	2172.00	0.00	778036	703368	0.27	7052.00	0.00	0.00	0	perf_experiment
05:49:06 PM	1006	217091	97.00	3.00	0.00	0.00	100.00	20	1859.00	0.00	778832	704176	0.27	7064.00	0.00	0.00	0	perf_experiment
05:49:07 PM	1006	217091	95.00	5.00	0.00	0.00	100.00	20	1675.00	0.00	779636	705032	0.27	7056.50	0.00	0.00	0	perf_experiment
05:49:08 PM	1006	217091	96.00	4.00	0.00	0.00	100.00	20	1531.00	0.00	780560	705856	0.27	7075.00	0.00	0.00	0	perf_experiment
05:49:09 PM	1006	217091	96.00	4.00	0.00	0.00	100.00	20	1503.00	0.00	781336	706708	0.27	7056.50	0.00	0.00	0	perf_experiment
05:49:10 PM	1006	217091	92.00	8.00	0.00	0.00	100.00	20	1260.00	0.00	782132	707476	0.27	7079.50	0.00	0.00	0	perf_experiment
05:49:11 PM	1006	217091	93.00	7.00	0.00	0.00	100.00	20	1221.00	0.00	783048	708328	0.27	7071.00	0.00	0.00	0	perf_experiment
05:49:12 PM	1006	217091	98.00	3.00	0.00	0.00	101.00	20	1146.00	0.00	783840	709136	0.27	7100.00	0.00	0.00	0	perf_experiment
05:49:13 PM	1006	217091	97.00	2.00	0.00	0.00	99.00	20	1043.00	0.00	784620	709992	0.27	7088.50	0.00	0.00	0	perf_experiment
05:49:14 PM	1006	217091	96.00	4.00	0.00	0.00	100.00	20	920.00	0.00	785420	710800	0.27	7054.00	0.00	0.00	0	perf_experiment
05:49:15 PM	1006	217091	96.00	4.00	0.00	0.00	100.00	20	875.00	0.00	786340	711600	0.27	7025.00	0.00	0.00	0	perf_experiment
05:49:16 PM	1006	217091	94.00	6.00	0.00	0.00	100.00	20	1183.00	0.00	787140	712472	0.27	7064.50	0.00	0.00	0	perf_experiment
05:49:17 PM	1006	217091	93.00	7.00	0.00	0.00	100.00	20	11192.00	0.00	787944	713232	0.27	6995.00	0.00	0.00	0	perf_experiment
05:49:18 PM	1006	217091	97.00	3.00	0.00	0.00	100.00	20	897.00	0.00	788748	714068	0.27	7089.00	0.00	0.00	0	perf_experiment
05:49:19 PM	1006	217091	97.00	3.00	0.00	0.00	100.00	20	704.00	0.00	789532	714940	0.27	7113.00	0.00	0.00	0	perf_experiment
05:49:20 PM	1006	217091	98.00	3.00	0.00	0.00	101.00	20	626.00	0.00	790336	715708	0.27	7096.00	0.00	0.00	0	perf_experiment
05:49:21 PM	1006	217091	95.00	4.00	0.00	0.00	99.00	20	573.00	0.00	791272	716576	0.27	7093.00	0.00	0.00	0	perf_experiment
05:49:22 PM	1006	217091	94.00	6.00	0.00	0.00	100.00	20	518.00	0.00	792068	717340	0.27	7087.50	0.00	0.00	0	perf_experiment
05:49:23 PM	1006	217091	95.00	6.00	0.00	0.00	101.00	20	534.00	0.00	792876	718168	0.27	7078.50	0.00	0.00	0	perf_experiment
05:49:24 PM	1006	217091	94.00	6.00	0.00	0.00	100.00	20	455.00	0.00	793680	718992	0.27	7094.50	0.00	0.00	0	perf_experiment
05:49:25 PM	1006	217091	95.00	4.00	0.00	0.00	99.00	20	456.00	0.00	794480	719808	0.27	7068.50	0.00	0.00	0	perf_experiment
05:49:26 PM	1006	217091	96.00	4.00	0.00	0.00	100.00	20	435.00	0.00	795404	720700	0.27	7081.50	0.00	0.00	0	perf_experiment
05:49:27 PM	1006	217091	96.00	4.00	0.00	0.00	100.00	20	400.00	0.00	796200	721476	0.27	7031.50	0.00	0.00	0	perf_experiment
05:49:28 PM	1006	217091	95.00	5.00	0.00	0.00	100.00	20	420.00	0.00	796992	722288	0.27	7069.00	0.00	0.00	0	perf_experiment
05:49:29 PM	1006	217091	94.00	7.00	0.00	0.00	101.00	20	361.00	0.00	797924	723172	0.27	7097.00	0.00	0.00	0	perf_experiment
05:49:30 PM	1006	217091	97.00	2.00	0.00	0.00	99.00	20	341.00	0.00	798732	723960	0.27	7146.50	0.00	0.00	0	perf_experiment
05:49:31 PM	1006	217091	97.00	3.00	0.00	0.00	100.00	20	343.00	0.00	799536	724752	0.27	7087.00	0.00	0.00	0	perf_experiment
05:49:32 PM	1006	217091	95.00	5.00	0.00	0.00	100.00	20	3025.00	0.00	800344	725688	0.28	7026.00	0.00	0.00	0	perf_experiment
05:49:33 PM	1006	217091	94.00	6.00	0.00	0.00	100.00	20	5831.00	0.00	801124	726468	0.28	7050.00	0.00	0.00	0	perf_experiment
05:49:34 PM	1006	217091	97.00	4.00	0.00	0.00	101.00	20	5528.00	0.00	802044	727324	0.28	7050.50	0.00	0.00	0	perf_experiment
05:49:35 PM	1006	217091	95.00	4.00	0.00	0.00	99.00	20	5003.00	0.00	802836	728180	0.28	7012.50	0.00	0.00	0	perf_experiment
05:49:36 PM	1006	217091	96.00	4.00	0.00	0.00	100.00	20	4526.00	0.00	803632	729012	0.28	7014.50	0.00	0.00	0	perf_experiment
05:49:37 PM	1006	217091	96.00	4.00	0.00	0.00	100.00	20	3995.00	0.00	804428	729812	0.28	7086.50	0.00	0.00	0	perf_experiment
05:49:38 PM	1006	217091	97.00	4.00	0.00	0.00	101.00	20	3690.00	0.00	805360	730648	0.28	7024.50	0.00	0.00	0	perf_experiment
05:49:39 PM	1006	217091	94.00	5.00	0.00	0.00	99.00	20	3269.00	0.00	806140	731452	0.28	7041.00	0.00	0.00	0	perf_experiment
05:49:40 PM	1006	217091	96.00	4.00	0.00	0.00	100.00	20	2924.00	0.00	806944	732280	0.28	7083.00	0.00	0.00	0	perf_experiment
05:49:41 PM	1006	217091	99.00	1.00	0.00	0.00	100.00	20	2745.00	0.00	807736	733112	0.28	7076.00	0.00	0.00	0	perf_experiment
05:49:42 PM	1006	217091	96.00	4.00	0.00	0.00	100.00	20	2515.00	0.00	808524	733924	0.28	7029.50	0.00	0.00	0	perf_experiment
05:49:43 PM	1006	217091	96.00	4.00	0.00	0.00	100.00	20	2213.00	0.00	809456	734776	0.28	7051.00	0.00	0.00	0	perf_experiment
05:49:44 PM	1006	217091	93.00	7.00	0.00	0.00	100.00	20	2000.00	0.00	810240	735556	0.28	7083.00	0.00	0.00	0	perf_experiment
05:49:45 PM	1006	217091	97.00	3.00	0.00	0.00	100.00	20	1785.00	0.00	811040	736408	0.28	7060.00	0.00	0.00	0	perf_experiment
05:49:46 PM	1006	217091	94.00	6.00	0.00	0.00	100.00	20	1729.00	0.00	811848	737212	0.28	7057.50	0.00	0.00	0	perf_experiment
05:49:47 PM	1006	217091	94.00	6.00	0.00	0.00	100.00	20	1566.00	0.00	812644	738060	0.28	7105.50	0.00	0.00	0	perf_experiment
05:49:48 PM	1006	217091	96.00	4.00	0.00	0.00	100.00	20	2767.00	0.00	813564	738888	0.28	7085.00	0.00	0.00	0	perf_experiment
05:49:49 PM	1006	217091	96.00	4.00	0.00	0.00	100.00	20	2785.00	0.00	814368	739728	0.28	7040.00	0.00	0.00	0	perf_experiment
05:49:50 PM	1006	217091	96.00	4.00	0.00	0.00	100.00	20	2578.00	0.00	815164	740532	0.28	7059.50	0.00	0.00	0	perf_experiment
05:49:51 PM	1006	217091	94.00	6.00	0.00	0.00	100.00	20	2367.00	0.00	816104	741376	0.28	7062.00	0.00	0.00	0	perf_experiment
05:49:52 PM	1006	217091	94.00	6.00	0.00	0.00	100.00	20	2158.00	0.00	816892	742236	0.28	7066.00	0.00	0.00	0	perf_experiment
05:49:53 PM	1006	217091	97.00	3.00	0.00	0.00	100.00	20	2007.00	0.00	817688	743032	0.28	7059.00	0.00	0.00	0	perf_experiment
05:49:54 PM	1006	217091	94.00	6.00	0.00	0.00	100.00	20	1719.00	0.00	818480	743856	0.28	7070.00	0.00	0.00	0	perf_experiment
05:49:55 PM	1006	217091	95.00	5.00	0.00	0.00	100.00	20	1504.00	0.00	819276	744628	0.28	7100.00	0.00	0.00	0	perf_experiment
05:49:56 PM	1006	217091	95.00	5.00	0.00	0.00	100.00	20	1521.00	0.00	820084	745496	0.28	7084.50	0.00	0.00	0	perf_experiment
05:49:57 PM	1006	217091	95.00	5.00	0.00	0.00	100.00	20	1327.00	0.00	821020	746324	0.28	7038.50	0.00	0.00	0	perf_experiment
05:49:58 PM	1006	217091	96.00	4.00	0.00	0.00	100.00	20	1252.00	0.00	821808	747160	0.28	7122.00	0.00	0.00	0	perf_experiment
05:49:59 PM	1006	217091	93.00	7.00	0.00	0.00	100.00	20	1141.00	0.00	822600	747952	0.28	7109.50	0.00	0.00	0	perf_experiment
05:50:00 PM	1006	217091	98.00	3.00	0.00	0.00	101.00	20	1079.00	0.00	823412	748808	0.28	7059.50	0.00	0.00	0	perf_experiment
05:50:01 PM	1006	217091	94.00	5.00	0.00	0.00	99.00	20	927.00	0.00	824216	749628	0.28	7044.50	0.00	0.00	0	perf_experiment
05:50:02 PM	1006	217091	97.00	3.00	0.00	0.00	100.00	20	927.00	0.00	825144	750472	0.28	7066.00	0.00	0.00	0	perf_experiment
05:50:03 PM	1006	217091	95.00	5.00	0.00	0.00	100.00	20	853.00	0.00	825940	751296	0.28	7048.50	0.00	0.00	0	perf_experiment
05:50:04 PM	1006	217091	96.00	4.00	0.00	0.00	100.00	20	724.00	0.00	826748	752112	0.29	7084.50	0.00	0.00	0	perf_experiment
05:50:05 PM	1006	217091	94.00	6.00	0.00	0.00	100.00	20	722.00	0.00	827668	752964	0.29	7062.50	0.00	0.00	0	perf_experiment
05:50:06 PM	1006	217091	93.00	7.00	0.00	0.00	100.00	20	660.00	0.00	828468	753796	0.29	7085.00	0.00	0.00	0	perf_experiment
05:50:07 PM	1006	217091	95.00	5.00	0.00	0.00	100.00	20	640.00	0.00	829256	754596	0.29	7088.00	0.00	0.00	0	perf_experiment
05:50:08 PM	1006	217091	96.00	4.00	0.00	0.00	100.00	20	6439.00	0.00	830160	755472	0.29	7028.50	0.00	0.00	0	perf_experiment
05:50:09 PM	1006	217091	97.00	3.00	0.00	0.00	100.00	20	516.00	0.00	830960	756208	0.29	7063.00	0.00	0.00	0	perf_experiment
05:50:10 PM	1006	217091	94.00	6.00	0.00	0.00	100.00	20	518.00	0.00	831760	757056	0.29	7106.00	0.00	0.00	0	perf_experiment
05:50:11 PM	1006	217091	96.00	4.00	0.00	0.00	100.00	20	482.00	0.00	832664	757980	0.29	7092.00	0.00	0.00	0	perf_experiment
05:50:12 PM	1006	217091	96.00	4.00	0.00	0.00	100.00	20	440.00	0.00	833460	758684	0.29	7018.00	0.00	0.00	0	perf_experiment
05:50:13 PM	1006	217091	97.00	3.00	0.00	0.00	100.00	20	448.00	0.00	834236	759528	0.29	7087.00	0.00	0.00	0	perf_experiment
05:50:14 PM	1006	217091	94.00	6.00	0.00	0.00	100.00	20	386.00	0.00	835036	760340	0.29	7076.00	0.00	0.00	0	perf_experiment
05:50:15 PM	1006	217091	96.00	4.00	0.00	0.00	100.00	20	395.00	0.00	835944	761232	0.29	7096.50	0.00	0.00	0	perf_experiment
05:50:16 PM	1006	217091	94.00	6.00	0.00	0.00	100.00	20	347.00	0.00	836740	762028	0.29	7077.00	0.00	0.00	0	perf_experiment
05:50:17 PM	1006	217091	96.00	4.00	0.00	0.00	100.00	20	343.00	0.00	837536	762868	0.29	7099.50	0.00	0.00	0	perf_experiment
05:50:18 PM	1006	217091	96.00	4.00	0.00	0.00	100.00	20	333.00	0.00	838344	763688	0.29	7078.50	0.00	0.00	0	perf_experiment
05:50:19 PM	1006	217091	96.00	4.00	0.00	0.00	100.00	20	331.00	0.00	839136	764432	0.29	7092.00	0.00	0.00	0	perf_experiment
05:50:20 PM	1006	217091	96.00	4.00	0.00	0.00	100.00	20	325.00	0.00	840060	765296	0.29	7071.00	0.00	0.00	0	perf_experiment
05:50:21 PM	1006	217091	95.00	5.00	0.00	0.00	100.00	20	310.00	0.00	840848	766140	0.29	7092.00	0.00	0.00	0	perf_experiment
05:50:22 PM	1006	217091	96.00	4.00	0.00	0.00	100.00	20	288.00	0.00	841636	766932	0.29	7082.50	0.00	0.00	0	perf_experiment
05:50:23 PM	1006	217091	96.00	4.00	0.00	0.00	100.00	20	289.00	0.00	842568	767700	0.29	7047.50	0.00	0.00	0	perf_experiment
05:50:24 PM	1006	217091	97.00	3.00	0.00	0.00	100.00	20	263.00	0.00	843364	768496	0.29	7084.00	0.00	0.00	0	perf_experiment
05:50:25 PM	1006	217091	93.00	7.00	0.00	0.00	100.00	20	262.00	0.00	844164	769412	0.29	7042.50	0.00	0.00	0	perf_experiment
05:50:26 PM	1006	217091	97.00	3.00	0.00	0.00	100.00	20	275.00	0.00	844964	770228	0.29	7116.00	0.00	0.00	0	perf_experiment
05:50:27 PM	1006	217091	93.00	7.00	0.00	0.00	100.00	20	254.00	0.00	845764	771052	0.29	7083.50	0.00	0.00	0	perf_experiment
05:50:28 PM	1006	217091	98.00	2.00	0.00	0.00	100.00	20	9232.00	0.00	846684	772032	0.29	6958.00	0.00	0.00	0	perf_experiment
05:50:29 PM	1006	217091	97.00	3.00	0.00	0.00	100.00	20	5003.00	0.00	847480	772824	0.29	7039.00	0.00	0.00	0	perf_experiment
05:50:30 PM	1006	217091	95.00	5.00	0.00	0.00	100.00	20	4390.00	0.00	848376	773672	0.29	7030.00	0.00	0.00	0	perf_experiment
05:50:31 PM	1006	217091	96.00	4.00	0.00	0.00	100.00	20	3921.00	0.00	849180	774452	0.29	7072.00	0.00	0.00	0	perf_experiment
05:50:32 PM	1006	217091	96.00	4.00	0.00	0.00	100.00	20	3543.00	0.00	849968	775316	0.29	7047.00	0.00	0.00	0	perf_experiment
05:50:33 PM	1006	217091	98.00	2.00	0.00	0.00	100.00	20	3170.00	0.00	850760	776132	0.29	7079.50	0.00	0.00	0	perf_experiment
05:50:34 PM	1006	217091	96.00	4.00	0.00	0.00	100.00	20	2947.00	0.00	851548	776936	0.29	7082.00	0.00	0.00	0	perf_experiment
05:50:35 PM	1006	217091	96.00	4.00	0.00	0.00	100.00	20	2589.00	0.00	852484	777780	0.29	7075.50	0.00	0.00	0	perf_experiment
05:50:36 PM	1006	217091	95.05	3.96	0.00	0.00	99.01	20	2400.99	0.00	853276	778604	0.30	6989.11	0.00	0.00	0	perf_experiment
05:50:37 PM	1006	217091	97.00	3.00	0.00	0.00	100.00	20	2183.00	0.00	854076	779436	0.30	7062.00	0.00	0.00	0	perf_experiment
05:50:38 PM	1006	217091	96.00	4.00	0.00	0.00	100.00	20	1950.00	0.00	854884	780236	0.30	7060.50	0.00	0.00	0	perf_experiment
05:50:39 PM	1006	217091	94.00	6.00	0.00	1.00	100.00	20	1890.00	0.00	855680	781068	0.30	7063.50	0.00	0.00	0	perf_experiment
05:50:40 PM	1006	217091	96.00	4.00	0.00	0.00	100.00	20	1605.00	0.00	856620	781924	0.30	7072.50	0.00	0.00	0	perf_experiment
05:50:41 PM	1006	217091	96.00	4.00	0.00	0.00	100.00	20	1558.00	0.00	857408	782708	0.30	7053.50	0.00	0.00	0	perf_experiment
05:50:42 PM	1006	217091	96.00	4.00	0.00	0.00	100.00	20	1398.00	0.00	858200	783572	0.30	7041.50	0.00	0.00	0	perf_experiment
05:50:43 PM	1006	217091	97.00	3.00	0.00	0.00	100.00	20	1314.00	0.00	858996	784372	0.30	7059.50	0.00	0.00	0	perf_experiment
05:50:44 PM	1006	217091	99.00	1.00	0.00	0.00	100.00	20	1195.00	0.00	859912	785164	0.30	7063.50	0.00	0.00	0	perf_experiment
05:50:45 PM	1006	217091	96.00	5.00	0.00	0.00	101.00	20	1109.00	0.00	860708	786056	0.30	7057.00	0.00	0.00	0	perf_experiment
05:50:46 PM	1006	217091	95.00	4.00	0.00	0.00	99.00	20	988.00	0.00	861500	786880	0.30	7064.00	0.00	0.00	0	perf_experiment
05:50:47 PM	1006	217091	95.00	5.00	0.00	0.00	100.00	20	989.00	0.00	862308	787684	0.30	7074.50	0.00	0.00	0	perf_experiment
05:50:48 PM	1006	217091	94.00	7.00	0.00	0.00	101.00	20	2951.00	0.00	863232	788548	0.30	7024.00	0.00	0.00	0	perf_experiment
05:50:49 PM	1006	217091	96.00	4.00	0.00	0.00	100.00	20	3329.00	0.00	864028	789388	0.30	7055.50	0.00	0.00	0	perf_experiment
05:50:50 PM	1006	217091	96.00	3.00	0.00	0.00	99.00	20	2970.00	0.00	864816	790184	0.30	7051.00	0.00	0.00	0	perf_experiment
05:50:51 PM	1006	217091	94.00	7.00	0.00	0.00	101.00	20	2633.00	0.00	865620	791008	0.30	7060.00	0.00	0.00	0	perf_experiment
05:50:52 PM	1006	217091	94.00	5.00	0.00	0.00	99.00	20	2522.00	0.00	866544	791852	0.30	7049.50	0.00	0.00	0	perf_experiment
05:50:53 PM	1006	217091	96.00	4.00	0.00	0.00	100.00	20	2264.00	0.00	867348	792692	0.30	7047.50	0.00	0.00	0	perf_experiment
05:50:54 PM	1006	217091	94.00	6.00	0.00	0.00	100.00	20	2100.00	0.00	868136	793476	0.30	7021.50	0.00	0.00	0	perf_experiment
05:50:55 PM	1006	217091	94.00	6.00	0.00	0.00	100.00	20	1822.00	0.00	868936	794328	0.30	7034.00	0.00	0.00	0	perf_experiment
05:50:56 PM	1006	217091	96.00	5.00	0.00	0.00	101.00	20	1678.00	0.00	869872	795152	0.30	7059.50	0.00	0.00	0	perf_experiment
05:50:57 PM	1006	217091	95.00	4.00	0.00	0.00	99.00	20	1566.00	0.00	870676	795980	0.30	7076.50	0.00	0.00	0	perf_experiment
05:50:58 PM	1006	217091	96.00	4.00	0.00	0.00	100.00	20	1461.00	0.00	871456	796800	0.30	7054.50	0.00	0.00	0	perf_experiment
05:50:59 PM	1006	217091	97.00	3.00	0.00	0.00	100.00	20	1296.00	0.00	872396	797664	0.30	7082.00	0.00	0.00	0	perf_experiment
05:51:00 PM	1006	217091	95.00	5.00	0.00	0.00	100.00	20	1234.00	0.00	873056	798452	0.30	7094.50	0.00	0.00	0	perf_experiment
05:51:01 PM	1006	217091	96.00	4.00	0.00	0.00	100.00	20	1073.00	0.00	873960	799256	0.30	7100.50	0.00	0.00	0	perf_experiment
05:51:02 PM	1006	217091	95.00	5.00	0.00	0.00	100.00	20	998.00	0.00	874752	800136	0.30	7070.50	0.00	0.00	0	perf_experiment
05:51:03 PM	1006	217091	97.00	3.00	0.00	0.00	100.00	20	875.00	0.00	875548	800936	0.30	7061.50	0.00	0.00	0	perf_experiment
05:51:04 PM	1006	217091	98.00	2.00	0.00	0.00	100.00	20	855.00	0.00	876452	801696	0.30	7120.50	0.00	0.00	0	perf_experiment
05:51:05 PM	1006	217091	94.00	6.00	0.00	0.00	100.00	20	812.00	0.00	877372	802668	0.30	7079.00	0.00	0.00	0	perf_experiment
05:51:06 PM	1006	217091	95.00	5.00	0.00	0.00	100.00	20	704.00	0.00	878032	803404	0.30	7085.00	0.00	0.00	0	perf_experiment
05:51:07 PM	1006	217091	94.00	6.00	0.00	0.00	100.00	20	680.00	0.00	878972	804188	0.30	7091.50	0.00	0.00	0	perf_experiment
05:51:08 PM	1006	217091	98.00	2.00	0.00	0.00	100.00	20	646.00	0.00	879772	805044	0.31	7098.00	0.00	0.00	0	perf_experiment
05:51:09 PM	1006	217091	96.00	4.00	0.00	0.00	100.00	20	584.00	0.00	880568	805808	0.31	7110.50	0.00	0.00	0	perf_experiment
05:51:10 PM	1006	217091	96.00	4.00	0.00	0.00	100.00	20	530.00	0.00	881368	806664	0.31	7048.00	0.00	0.00	0	perf_experiment
05:51:11 PM	1006	217091	96.00	4.00	0.00	0.00	100.00	20	542.00	0.00	882296	807592	0.31	7102.50	0.00	0.00	0	perf_experiment
05:51:12 PM	1006	217091	97.00	3.00	0.00	0.00	100.00	20	469.00	0.00	883088	808376	0.31	7092.50	0.00	0.00	0	perf_experiment
05:51:13 PM	1006	217091	96.00	4.00	0.00	0.00	100.00	20	442.00	0.00	883880	809104	0.31	7110.50	0.00	0.00	0	perf_experiment
05:51:14 PM	1006	217091	93.00	7.00	0.00	0.00	100.00	20	448.00	0.00	884676	809960	0.31	7103.50	0.00	0.00	0	perf_experiment
05:51:15 PM	1006	217091	94.00	6.00	0.00	0.00	100.00	20	396.00	0.00	885468	810764	0.31	7066.50	0.00	0.00	0	perf_experiment
05:51:16 PM	1006	217091	95.00	5.00	0.00	0.00	100.00	20	428.00	0.00	886396	811696	0.31	7113.50	0.00	0.00	0	perf_experiment
05:51:17 PM	1006	217091	98.00	2.00	0.00	0.00	100.00	20	372.00	0.00	887180	812476	0.31	7107.00	0.00	0.00	0	perf_experiment
05:51:18 PM	1006	217091	94.00	6.00	0.00	0.00	100.00	20	8309.00	0.00	887972	813336	0.31	7000.50	0.00	0.00	0	perf_experiment
05:51:19 PM	1006	217091	98.00	2.00	0.00	0.00	100.00	20	319.00	0.00	888768	814008	0.31	7113.50	0.00	0.00	0	perf_experiment
05:51:20 PM	1006	217091	98.00	2.00	0.00	0.00	100.00	20	327.00	0.00	889564	814792	0.31	7065.00	0.00	0.00	0	perf_experiment
05:51:21 PM	1006	217091	94.00	6.00	0.00	0.00	100.00	20	313.00	0.00	890496	815660	0.31	7105.50	0.00	0.00	0	perf_experiment
05:51:22 PM	1006	217091	93.00	7.00	0.00	0.00	100.00	20	342.00	0.00	891268	816620	0.31	7072.00	0.00	0.00	0	perf_experiment
05:51:23 PM	1006	217091	95.00	5.00	0.00	0.00	100.00	20	290.00	0.00	892076	817356	0.31	7094.50	0.00	0.00	0	perf_experiment
05:51:24 PM	1006	217091	87.00	10.00	0.00	0.00	97.00	20	3958.00	0.00	399216	325088	0.12	6339.50	4.00	0.00	0	perf_experiment
