Time	UID	PID	%usr	%system	%guest	%wait	%CPU	CPU	minflt/s	majflt/s	VSZ	RSS	%MEM	kB_rd/s	kB_wr/s	kB_ccwr/s	iodelay	Command
03:36:25 AM	1006	219726	79.00	20.00	0.00	0.00	99.00	54	144453.00	0.00	657904	583128	0.22	0.00	4.00	0.00	0	perf_experiment
03:36:26 AM	1006	219726	76.00	2.00	0.00	0.00	78.00	54	25329.00	0.00	657904	583244	0.22	0.00	294912.00	0.00	21	perf_experiment
03:36:27 AM	1006	219726	78.00	3.00	0.00	0.00	81.00	54	66508.00	0.00	658028	583296	0.22	0.00	262144.00	0.00	19	perf_experiment
03:36:28 AM	1006	219726	76.00	3.00	0.00	0.00	79.00	54	65119.00	0.00	658028	583344	0.22	0.00	294912.00	0.00	21	perf_experiment
03:36:29 AM	1006	219726	76.00	4.00	0.00	0.00	80.00	54	58952.00	0.00	658164	583392	0.22	0.00	294912.00	0.00	19	perf_experiment
03:36:30 AM	1006	219726	78.00	2.00	0.00	0.00	80.00	54	50680.00	0.00	658164	583440	0.22	0.00	262144.00	0.00	21	perf_experiment
03:36:31 AM	1006	219726	74.00	3.00	0.00	0.00	77.00	54	17258.00	0.00	658164	583496	0.22	0.00	294912.00	0.00	23	perf_experiment
03:36:32 AM	1006	219726	77.00	4.00	0.00	0.00	81.00	54	55733.00	0.00	658288	583544	0.22	0.00	262144.00	0.00	19	perf_experiment
03:36:33 AM	1006	219726	76.00	2.00	0.00	0.00	78.00	54	28721.00	0.00	658288	583596	0.22	0.00	294912.00	0.00	22	perf_experiment
03:36:34 AM	1006	219726	80.00	1.00	0.00	0.00	81.00	54	33393.00	0.00	658288	583640	0.22	0.00	262144.00	0.00	19	perf_experiment
03:36:35 AM	1006	219726	77.00	2.00	0.00	0.00	79.00	54	58469.00	0.00	658412	583692	0.22	0.00	294912.00	0.00	21	perf_experiment
03:36:36 AM	1006	219726	77.00	3.00	0.00	0.00	80.00	54	408.00	0.00	658412	583736	0.22	0.00	294912.00	0.00	20	perf_experiment
03:36:37 AM	1006	219726	77.00	1.00	0.00	0.00	78.00	54	67.00	0.00	658536	583776	0.22	0.00	262144.00	0.00	22	perf_experiment
03:36:38 AM	1006	219726	78.00	2.00	0.00	0.00	80.00	54	35228.00	0.00	658536	583848	0.22	0.00	294912.00	0.00	18	perf_experiment
03:36:39 AM	1006	219726	79.00	2.00	0.00	0.00	81.00	54	9979.00	0.00	658536	583892	0.22	0.00	262144.00	0.00	22	perf_experiment
03:36:40 AM	1006	219726	78.00	1.00	0.00	0.00	79.00	54	48787.00	0.00	658660	583952	0.22	0.00	294912.00	0.00	20	perf_experiment
03:36:41 AM	1006	219726	78.00	2.00	0.00	0.00	80.00	54	243.00	0.00	658660	583980	0.22	0.00	262144.00	0.00	20	perf_experiment
03:36:42 AM	1006	219726	76.00	2.00	0.00	0.00	78.00	54	167.00	0.00	658784	584044	0.22	0.00	294912.00	0.00	20	perf_experiment
03:36:43 AM	1006	219726	78.00	3.00	0.00	0.00	81.00	54	36290.00	0.00	658784	584100	0.22	0.00	262144.00	0.00	22	perf_experiment
03:36:44 AM	1006	219726	78.00	1.00	0.00	0.00	79.00	54	233.00	0.00	658908	584140	0.22	0.00	294912.00	0.00	20	perf_experiment
03:36:45 AM	1006	219726	75.00	4.00	0.00	0.00	79.00	54	49358.00	0.00	658908	584196	0.22	0.00	262144.00	0.00	21	perf_experiment
03:36:46 AM	1006	219726	79.00	2.00	0.00	0.00	81.00	54	9402.00	0.00	658908	584248	0.22	0.00	262144.00	0.00	20	perf_experiment
03:36:47 AM	1006	219726	77.00	1.00	0.00	0.00	78.00	54	225.00	0.00	659032	584296	0.22	0.00	294912.00	0.00	22	perf_experiment
03:36:48 AM	1006	219726	78.00	3.00	0.00	0.00	81.00	54	67.00	0.00	659032	584328	0.22	0.00	262144.00	0.00	19	perf_experiment
03:36:49 AM	1006	219726	76.00	1.00	0.00	0.00	77.00	54	14.00	0.00	659156	584396	0.22	0.00	294912.00	0.00	22	perf_experiment
03:36:50 AM	1006	219726	77.00	2.00	0.00	0.00	79.00	54	25510.00	0.00	659156	584448	0.22	0.00	294912.00	0.00	22	perf_experiment
03:36:51 AM	1006	219726	78.00	2.00	0.00	0.00	80.00	54	6935.00	0.00	659156	584500	0.22	0.00	262144.00	0.00	19	perf_experiment
03:36:52 AM	1006	219726	75.00	3.00	0.00	0.00	78.00	54	291.00	0.00	659284	584548	0.22	0.00	294912.00	0.00	23	perf_experiment
03:36:53 AM	1006	219726	76.00	2.00	0.00	0.00	78.00	54	59063.00	0.00	659284	584604	0.22	0.00	294912.00	0.00	19	perf_experiment
03:36:54 AM	1006	219726	77.00	3.00	0.00	0.00	80.00	54	305.00	0.00	659408	584648	0.22	0.00	262144.00	0.00	23	perf_experiment
03:36:55 AM	1006	219726	75.00	2.00	0.00	0.00	77.00	54	210.00	0.00	659408	584708	0.22	0.00	294912.00	0.00	22	perf_experiment
03:36:56 AM	1006	219726	81.00	0.00	0.00	0.00	81.00	54	305.00	0.00	659408	584752	0.22	0.00	294912.00	0.00	19	perf_experiment
03:36:57 AM	1006	219726	76.00	1.00	0.00	0.00	77.00	54	166.00	0.00	659532	584792	0.22	0.00	262144.00	0.00	23	perf_experiment
03:36:58 AM	1006	219726	78.00	1.00	0.00	0.00	79.00	54	228.00	0.00	659532	584852	0.22	0.00	294912.00	0.00	22	perf_experiment
03:36:59 AM	1006	219726	76.00	4.00	0.00	0.00	80.00	54	21277.00	0.00	659664	584904	0.22	0.00	262144.00	0.00	19	perf_experiment
03:37:00 AM	1006	219726	76.00	2.00	0.00	0.00	78.00	54	13181.00	0.00	659664	584932	0.22	0.00	294912.00	0.00	22	perf_experiment
03:37:01 AM	1006	219726	78.00	2.00	0.00	0.00	80.00	54	280.00	0.00	659664	585004	0.22	0.00	294912.00	0.00	19	perf_experiment
03:37:02 AM	1006	219726	74.00	5.00	0.00	0.00	79.00	54	12429.00	0.00	659788	585064	0.22	0.00	262144.00	0.00	23	perf_experiment
03:37:03 AM	1006	219726	77.00	2.00	0.00	0.00	79.00	54	46844.00	0.00	659788	585112	0.22	0.00	294912.00	0.00	19	perf_experiment
03:37:04 AM	1006	219726	77.00	1.00	0.00	0.00	78.00	54	263.00	0.00	659920	585152	0.22	0.00	262144.00	0.00	23	perf_experiment
03:37:05 AM	1006	219726	76.00	2.00	0.00	0.00	78.00	54	143.00	0.00	659920	585212	0.22	0.00	294912.00	0.00	22	perf_experiment
03:37:06 AM	1006	219726	78.00	3.00	0.00	0.00	81.00	54	262.00	0.00	659920	585264	0.22	0.00	262144.00	0.00	20	perf_experiment
03:37:07 AM	1006	219726	77.00	0.00	0.00	0.00	77.00	54	219.00	0.00	660044	585320	0.22	0.00	294912.00	0.00	22	perf_experiment
03:37:08 AM	1006	219726	78.00	3.00	0.00	0.00	81.00	54	225.00	0.00	660044	585368	0.22	0.00	262144.00	0.00	20	perf_experiment
03:37:09 AM	1006	219726	74.26	2.97	0.00	0.00	77.23	54	196.04	0.00	660168	585412	0.22	0.00	291992.08	0.00	22	perf_experiment
03:37:10 AM	1006	219726	78.00	3.00	0.00	0.00	81.00	54	26591.00	0.00	660168	585472	0.22	0.00	262144.00	0.00	19	perf_experiment
