Time	UID	PID	%usr	%system	%guest	%wait	%CPU	CPU	minflt/s	majflt/s	VSZ	RSS	%MEM	kB_rd/s	kB_wr/s	kB_ccwr/s	iodelay	Command
06:41:17 PM	1006	217463	104.00	44.00	0.00	0.00	148.00	52	69364.00	0.00	725588	173980	0.07	0.00	113680.00	0.00	0	perf_experiment
06:41:18 PM	1006	217463	113.00	36.00	0.00	0.00	149.00	52	41023.00	0.00	783808	233224	0.09	0.00	103432.00	0.00	0	perf_experiment
06:41:19 PM	1006	217463	109.00	36.00	0.00	0.00	145.00	52	67524.00	0.00	840972	291840	0.11	0.00	88072.00	0.00	0	perf_experiment
06:41:20 PM	1006	217463	114.00	32.00	0.00	0.00	146.00	52	36933.00	0.00	892972	344420	0.13	0.00	93928.00	0.00	0	perf_experiment
06:41:21 PM	1006	217463	116.00	41.00	0.00	0.00	157.00	52	40946.00	0.00	930304	382584	0.15	0.00	122664.00	0.00	0	perf_experiment
06:41:22 PM	1006	217463	112.00	26.00	0.00	0.00	138.00	52	29157.00	0.00	973276	426752	0.16	0.00	74760.00	0.00	0	perf_experiment
06:41:23 PM	1006	217463	112.00	13.00	0.00	0.00	125.00	52	88853.00	0.00	1038088	494096	0.19	0.00	25608.00	0.00	0	perf_experiment
06:41:24 PM	1006	217463	114.00	15.00	0.00	0.00	129.00	52	28897.00	0.00	1056000	572760	0.22	0.00	44040.00	0.00	0	perf_experiment
06:41:25 PM	1006	217463	115.00	32.00	0.00	0.00	147.00	52	82055.00	0.00	1109516	626204	0.24	0.00	96772.00	0.00	0	perf_experiment
06:41:26 PM	1006	217463	123.00	35.00	0.00	0.00	158.00	52	37081.00	0.00	1132396	648236	0.25	0.00	124936.00	0.00	0	perf_experiment
06:41:27 PM	1006	217463	113.00	47.00	0.00	0.00	160.00	53	38418.00	0.00	1151340	666648	0.25	0.00	134664.00	0.00	0	perf_experiment
06:41:28 PM	1006	217463	115.00	26.00	0.00	0.00	141.00	53	32041.00	0.00	1200928	716608	0.27	0.00	79368.00	0.00	0	perf_experiment
06:41:29 PM	1006	217463	115.00	30.00	0.00	0.00	145.00	53	93333.00	0.00	1215716	733084	0.28	0.00	94728.00	0.00	0	perf_experiment
06:41:30 PM	1006	217463	113.00	9.00	0.00	0.00	122.00	53	18748.00	0.00	1265348	782800	0.30	0.00	24584.00	0.00	0	perf_experiment
06:41:31 PM	1006	217463	108.00	16.00	0.00	0.00	124.00	53	31049.00	0.00	1299740	818488	0.31	0.00	33288.00	0.00	0	perf_experiment
06:41:32 PM	1006	217463	110.00	29.00	0.00	0.00	139.00	53	72294.00	0.00	1300180	819420	0.31	0.00	81416.00	0.00	0	perf_experiment
06:41:33 PM	1006	217463	116.00	34.00	0.00	0.00	150.00	53	26232.00	0.00	1301008	820176	0.31	0.00	103940.00	0.00	0	perf_experiment
06:41:34 PM	1006	217463	116.00	44.00	0.00	0.00	160.00	53	59858.00	0.00	1314264	832912	0.32	0.00	119812.00	0.00	0	perf_experiment
06:41:35 PM	1006	217463	118.00	28.00	0.00	0.00	146.00	53	35696.00	0.00	1349864	868408	0.33	0.00	80904.00	0.00	0	perf_experiment
06:41:36 PM	1006	217463	113.00	33.00	0.00	0.00	146.00	53	15167.00	0.00	1360968	880048	0.33	0.00	82436.00	0.00	0	perf_experiment
06:41:37 PM	1006	217463	113.00	14.00	0.00	0.00	127.00	53	2327.00	0.00	1360968	880532	0.33	0.00	42504.00	0.00	0	perf_experiment
06:41:38 PM	1006	217463	114.00	6.00	0.00	0.00	120.00	53	267.00	0.00	1360968	880740	0.33	0.00	20488.00	0.00	0	perf_experiment
06:41:39 PM	1006	217463	98.02	21.78	0.00	0.00	119.80	53	137067.33	0.00	1383236	904788	0.34	0.00	25354.46	0.00	0	perf_experiment
06:41:40 PM	1006	217463	115.00	23.00	0.00	0.00	138.00	53	8493.00	0.00	1382188	904608	0.34	0.00	78340.00	0.00	0	perf_experiment
06:41:41 PM	1006	217463	115.00	33.00	0.00	0.00	148.00	53	9646.00	0.00	1382712	904884	0.34	0.00	93192.00	0.00	0	perf_experiment
06:41:42 PM	1006	217463	109.00	49.00	0.00	0.00	158.00	53	65263.00	0.00	1390580	912308	0.35	0.00	111620.00	0.00	0	perf_experiment
06:41:43 PM	1006	217463	115.00	39.00	0.00	0.00	154.00	53	41419.00	0.00	1395364	916424	0.35	0.00	107012.00	0.00	0	perf_experiment
06:41:44 PM	1006	217463	113.00	21.00	0.00	0.00	134.00	53	17956.00	0.00	1401836	923020	0.35	0.00	56328.00	0.00	0	perf_experiment
06:41:45 PM	1006	217463	114.00	24.00	0.00	0.00	138.00	53	13291.00	0.00	1403888	924016	0.35	0.00	71176.00	0.00	0	perf_experiment
06:41:46 PM	1006	217463	114.00	10.00	0.00	0.00	124.00	53	6091.00	0.00	1404412	924164	0.35	0.00	22024.00	0.00	0	perf_experiment
06:41:47 PM	1006	217463	111.00	8.00	0.00	0.00	119.00	53	7391.00	0.00	1409168	930612	0.35	0.00	20488.00	0.00	0	perf_experiment
06:41:48 PM	1006	217463	107.00	21.00	0.00	0.00	128.00	53	16724.00	0.00	1427848	949676	0.36	0.00	50696.00	0.00	0	perf_experiment
06:41:49 PM	1006	217463	110.00	32.00	0.00	0.00	142.00	53	85660.00	0.00	1429664	952364	0.36	0.00	78344.00	0.00	0	perf_experiment
06:41:50 PM	1006	217463	118.00	37.00	0.00	0.00	155.00	53	26278.00	0.00	1430188	952812	0.36	0.00	104840.00	0.00	0	perf_experiment
06:41:51 PM	1006	217463	117.00	42.00	0.00	0.00	159.00	53	28003.00	0.00	1429664	952760	0.36	0.00	111240.00	0.00	0	perf_experiment
06:41:52 PM	1006	217463	114.00	21.00	0.00	0.00	135.00	53	78928.00	0.00	1430864	953608	0.36	0.00	54280.00	0.00	0	perf_experiment
06:41:53 PM	1006	217463	117.00	28.00	0.00	0.00	145.00	53	22331.00	0.00	1433468	955904	0.36	0.00	84488.00	0.00	0	perf_experiment
06:41:54 PM	1006	217463	111.00	15.00	0.00	0.00	126.00	53	7785.00	0.00	1432944	955384	0.36	0.00	32264.00	0.00	0	perf_experiment
06:41:55 PM	1006	217463	114.00	6.00	0.00	0.00	120.00	53	4922.00	0.00	1432944	955736	0.36	0.00	19972.00	0.00	0	perf_experiment
06:41:56 PM	1006	217463	106.00	17.00	0.00	0.00	123.00	53	73745.00	0.00	1446624	970436	0.37	0.00	31240.00	0.00	0	perf_experiment
06:41:57 PM	1006	217463	113.00	29.00	0.00	0.00	142.00	53	9112.00	0.00	1446944	971360	0.37	0.00	77320.00	0.00	0	perf_experiment
06:41:58 PM	1006	217463	118.00	29.00	0.00	0.00	147.00	53	13294.00	0.00	1447468	972092	0.37	0.00	90632.00	0.00	0	perf_experiment
06:41:59 PM	1006	217463	111.00	45.00	0.00	0.00	156.00	53	72226.00	0.00	1454864	979176	0.37	0.00	107016.00	0.00	0	perf_experiment
06:42:00 PM	1006	217463	110.00	42.00	0.00	0.00	152.00	53	46086.00	0.00	1455892	979856	0.37	0.00	92680.00	0.00	0	perf_experiment
06:42:01 PM	1006	217463	109.00	26.00	0.00	0.00	135.00	53	79005.00	0.00	1458704	982684	0.37	0.00	51720.00	0.00	0	perf_experiment
06:42:02 PM	1006	217463	103.00	38.00	0.00	0.00	141.00	53	79328.00	0.00	1461276	984844	0.37	0.00	66568.00	0.00	0	perf_experiment
06:42:03 PM	1006	217463	114.00	4.00	0.00	0.00	118.00	53	19212.00	0.00	1461276	984860	0.37	0.00	17928.00	0.00	0	perf_experiment
06:42:04 PM	1006	217463	109.00	10.00	0.00	0.00	119.00	53	74678.00	0.00	1461276	985680	0.37	0.00	18952.00	0.00	0	perf_experiment
06:42:05 PM	1006	217463	111.00	18.00	0.00	0.00	129.00	53	16582.00	0.00	1471408	996156	0.38	0.00	44552.00	0.00	0	perf_experiment
06:42:06 PM	1006	217463	115.00	29.00	0.00	0.00	144.00	53	21177.00	0.00	1473632	999000	0.38	0.00	80392.00	0.00	0	perf_experiment
06:42:07 PM	1006	217463	112.00	43.00	0.00	0.00	155.00	53	23650.00	0.00	1477108	1003164	0.38	0.00	100872.00	0.00	0	perf_experiment
06:42:08 PM	1006	217463	116.00	47.00	0.00	0.00	163.00	53	30205.00	0.00	1483692	1009576	0.38	0.00	112644.00	0.00	0	perf_experiment
06:42:09 PM	1006	217463	115.00	29.00	0.00	0.00	144.00	53	84228.00	0.00	1484536	1010216	0.38	0.00	74248.00	0.00	0	perf_experiment
06:42:10 PM	1006	217463	117.00	27.00	0.00	0.00	144.00	53	19438.00	0.00	1491548	1016656	0.39	0.00	73736.00	0.00	0	perf_experiment
06:42:11 PM	1006	217463	118.00	14.00	0.00	0.00	132.00	53	13283.00	0.00	1491024	1016324	0.39	0.00	52228.00	0.00	0	perf_experiment
06:42:12 PM	1006	217463	114.00	6.00	0.00	0.00	120.00	53	4974.00	0.00	1491024	1016612	0.39	0.00	18952.00	0.00	0	perf_experiment
06:42:13 PM	1006	217463	114.00	5.00	0.00	0.00	119.00	53	5799.00	0.00	1491024	1018660	0.39	0.00	19976.00	0.00	0	perf_experiment
06:42:14 PM	1006	217463	111.00	22.00	0.00	0.00	133.00	53	66169.00	0.00	1493184	1021456	0.39	0.00	60936.00	0.00	0	perf_experiment
06:42:15 PM	1006	217463	115.00	32.00	0.00	0.00	147.00	53	32493.00	0.00	1501096	1028520	0.39	0.00	89096.00	0.00	0	perf_experiment
06:42:16 PM	1006	217463	121.00	37.00	0.00	0.00	158.00	53	28701.00	0.00	1509420	1036088	0.39	0.00	106504.00	0.00	0	perf_experiment
06:42:17 PM	1006	217463	116.00	44.00	0.00	0.00	160.00	53	28839.00	0.00	1513228	1039384	0.39	0.00	110088.00	0.00	0	perf_experiment
06:42:18 PM	1006	217463	121.00	17.00	0.00	0.00	138.00	53	15038.00	0.00	1514028	1040476	0.39	0.00	58888.00	0.00	0	perf_experiment
06:42:19 PM	1006	217463	115.00	30.00	0.00	0.00	145.00	53	28062.00	0.00	1515032	1040856	0.39	0.00	75784.00	0.00	0	perf_experiment
06:42:20 PM	1006	217463	110.00	15.00	0.00	0.00	125.00	53	14727.00	0.00	1521124	1043928	0.40	0.00	32264.00	0.00	0	perf_experiment
06:42:21 PM	1006	217463	105.00	10.00	0.00	0.00	115.00	53	4499.00	0.00	1588724	1044460	0.40	0.00	14852.00	0.00	0	perf_experiment
06:42:22 PM	1006	217463	92.00	9.00	0.00	0.00	101.00	53	93.00	0.00	1588200	1044136	0.40	0.00	520.00	0.00	0	perf_experiment
06:42:23 PM	1006	217463	88.00	15.00	0.00	0.00	103.00	53	48.00	0.00	1588200	1044136	0.40	0.00	524.00	0.00	0	perf_experiment
06:42:24 PM	1006	217463	86.00	15.00	0.00	0.00	101.00	53	91.00	0.00	1588200	1044280	0.40	0.00	216.00	0.00	0	perf_experiment
06:42:25 PM	1006	217463	90.00	13.00	0.00	0.00	103.00	53	33.00	0.00	1588200	1044280	0.40	0.00	368.00	0.00	0	perf_experiment
06:42:26 PM	1006	217463	96.00	6.00	0.00	0.00	102.00	53	9.00	0.00	1588200	1044280	0.40	0.00	464.00	0.00	0	perf_experiment
06:42:27 PM	1006	217463	87.00	15.00	0.00	0.00	102.00	53	0.00	0.00	1588200	1044280	0.40	0.00	392.00	0.00	0	perf_experiment
06:42:28 PM	1006	217463	89.00	14.00	0.00	0.00	103.00	53	2.00	0.00	1588200	1044280	0.40	0.00	316.00	0.00	0	perf_experiment
06:42:29 PM	1006	217463	92.00	11.00	0.00	0.00	103.00	53	6.00	0.00	1588200	1044280	0.40	0.00	480.00	0.00	0	perf_experiment
06:42:30 PM	1006	217463	84.00	19.00	0.00	0.00	103.00	53	61497.00	0.00	1588200	1044280	0.40	0.00	384.00	0.00	0	perf_experiment
06:42:31 PM	1006	217463	91.00	12.00	0.00	0.00	103.00	53	4012.00	0.00	1588200	1044280	0.40	0.00	520.00	0.00	0	perf_experiment
06:42:32 PM	1006	217463	92.00	11.00	0.00	0.00	103.00	53	5.00	0.00	1588200	1044280	0.40	0.00	224.00	0.00	0	perf_experiment
06:42:33 PM	1006	217463	89.00	13.00	0.00	0.00	102.00	53	1.00	0.00	1588200	1044280	0.40	0.00	180.00	0.00	0	perf_experiment
06:42:34 PM	1006	217463	91.00	10.00	0.00	0.00	101.00	53	4.00	0.00	1588200	1044280	0.40	0.00	232.00	0.00	0	perf_experiment
06:42:35 PM	1006	217463	89.00	13.00	0.00	0.00	102.00	53	1.00	0.00	1588200	1044280	0.40	0.00	176.00	0.00	0	perf_experiment
06:42:36 PM	1006	217463	85.00	18.00	0.00	0.00	103.00	53	57648.00	0.00	1588200	1044280	0.40	0.00	252.00	0.00	0	perf_experiment
06:42:37 PM	1006	217463	86.00	16.00	0.00	0.00	102.00	53	7286.00	0.00	1588200	1044280	0.40	0.00	92.00	0.00	0	perf_experiment
06:42:38 PM	1006	217463	86.00	17.00	0.00	0.00	103.00	53	69.00	0.00	1588200	1044280	0.40	0.00	436.00	0.00	0	perf_experiment
06:42:39 PM	1006	217463	92.00	11.00	0.00	0.00	103.00	53	94.00	0.00	1588200	1044280	0.40	0.00	156.00	0.00	0	perf_experiment
06:42:40 PM	1006	217463	89.00	14.00	0.00	0.00	103.00	53	41.00	0.00	1588200	1044280	0.40	0.00	452.00	0.00	0	perf_experiment
06:42:41 PM	1006	217463	88.00	14.00	0.00	0.00	102.00	53	3.00	0.00	1588200	1044280	0.40	0.00	328.00	0.00	0	perf_experiment
06:42:42 PM	1006	217463	85.00	18.00	0.00	0.00	103.00	53	42861.00	0.00	1588200	1044280	0.40	0.00	264.00	0.00	0	perf_experiment
06:42:43 PM	1006	217463	87.00	15.00	0.00	0.00	102.00	53	7794.00	0.00	1588200	1044280	0.40	0.00	376.00	0.00	0	perf_experiment
06:42:44 PM	1006	217463	92.00	12.00	0.00	0.00	104.00	53	424.00	0.00	1588200	1044280	0.40	0.00	520.00	0.00	0	perf_experiment
06:42:45 PM	1006	217463	87.00	15.00	0.00	0.00	102.00	53	72.00	0.00	1588200	1044280	0.40	0.00	116.00	0.00	0	perf_experiment
06:42:46 PM	1006	217463	89.00	13.00	0.00	0.00	102.00	53	44.00	0.00	1588200	1044280	0.40	0.00	412.00	0.00	0	perf_experiment
06:42:47 PM	1006	217463	90.00	13.00	0.00	0.00	103.00	53	23.00	0.00	1588200	1044280	0.40	0.00	324.00	0.00	0	perf_experiment
06:42:48 PM	1006	217463	89.00	14.00	0.00	0.00	103.00	53	7159.00	0.00	1588200	1044280	0.40	0.00	308.00	0.00	0	perf_experiment
06:42:49 PM	1006	217463	91.00	13.00	0.00	1.00	104.00	53	1042.00	0.00	1588200	1044280	0.40	0.00	492.00	0.00	0	perf_experiment
06:42:50 PM	1006	217463	88.00	14.00	0.00	0.00	102.00	53	288.00	0.00	1588200	1044280	0.40	0.00	444.00	0.00	0	perf_experiment
06:42:51 PM	1006	217463	95.00	9.00	0.00	0.00	104.00	53	248.00	0.00	1588200	1044280	0.40	0.00	520.00	0.00	0	perf_experiment
06:42:52 PM	1006	217463	89.00	14.00	0.00	0.00	103.00	53	255.00	0.00	1588200	1044280	0.40	0.00	520.00	0.00	0	perf_experiment
06:42:53 PM	1006	217463	91.00	11.00	0.00	0.00	102.00	53	102.00	0.00	1588200	1044280	0.40	0.00	92.00	0.00	0	perf_experiment
06:42:54 PM	1006	217463	89.00	13.00	0.00	0.00	102.00	53	74.00	0.00	1588200	1044280	0.40	0.00	324.00	0.00	0	perf_experiment
06:42:55 PM	1006	217463	92.00	12.00	0.00	0.00	104.00	53	238.00	0.00	1588200	1044280	0.40	0.00	328.00	0.00	0	perf_experiment
06:42:56 PM	1006	217463	87.00	15.00	0.00	0.00	102.00	53	222.00	0.00	1588200	1044308	0.40	0.00	416.00	0.00	0	perf_experiment
06:42:57 PM	1006	217463	87.00	17.00	0.00	0.00	104.00	53	203.00	0.00	1588200	1044308	0.40	0.00	500.00	0.00	0	perf_experiment
06:42:58 PM	1006	217463	91.00	11.00	0.00	0.00	102.00	53	123.00	0.00	1588200	1044308	0.40	0.00	308.00	0.00	0	perf_experiment
06:42:59 PM	1006	217463	89.00	13.00	0.00	0.00	102.00	53	88.00	0.00	1588200	1044308	0.40	0.00	160.00	0.00	0	perf_experiment
06:43:00 PM	1006	217463	92.00	11.00	0.00	0.00	103.00	53	89.00	0.00	1588200	1044308	0.40	0.00	496.00	0.00	0	perf_experiment
06:43:01 PM	1006	217463	90.00	13.00	0.00	0.00	103.00	53	34874.00	0.00	1588200	1044308	0.40	0.00	216.00	0.00	0	perf_experiment
06:43:02 PM	1006	217463	90.00	12.00	0.00	0.00	102.00	53	30511.00	0.00	1588200	1044308	0.40	0.00	312.00	0.00	0	perf_experiment
06:43:03 PM	1006	217463	87.00	15.00	0.00	0.00	102.00	53	86.00	0.00	1588200	1044308	0.40	0.00	180.00	0.00	0	perf_experiment
06:43:04 PM	1006	217463	89.00	14.00	0.00	0.00	103.00	53	56.00	0.00	1588200	1044308	0.40	0.00	184.00	0.00	0	perf_experiment
06:43:05 PM	1006	217463	90.00	13.00	0.00	0.00	103.00	53	41.00	0.00	1588200	1044308	0.40	0.00	216.00	0.00	0	perf_experiment
06:43:06 PM	1006	217463	89.00	13.00	0.00	0.00	102.00	53	56.00	0.00	1588200	1044308	0.40	0.00	476.00	0.00	0	perf_experiment
06:43:07 PM	1006	217463	90.00	12.00	0.00	0.00	102.00	53	44.00	0.00	1588200	1044308	0.40	0.00	212.00	0.00	0	perf_experiment
06:43:08 PM	1006	217463	86.00	17.00	0.00	0.00	103.00	53	69.00	0.00	1588200	1044308	0.40	0.00	408.00	0.00	0	perf_experiment
06:43:09 PM	1006	217463	87.00	15.00	0.00	0.00	102.00	53	62386.00	0.00	1588200	1044308	0.40	0.00	428.00	0.00	0	perf_experiment
06:43:10 PM	1006	217463	90.00	14.00	0.00	0.00	104.00	53	291.00	0.00	1588200	1044308	0.40	0.00	144.00	0.00	0	perf_experiment
06:43:11 PM	1006	217463	89.00	13.00	0.00	0.00	102.00	53	83.00	0.00	1588200	1044308	0.40	0.00	384.00	0.00	0	perf_experiment
06:43:12 PM	1006	217463	90.00	12.00	0.00	0.00	102.00	53	135.00	0.00	1588200	1044308	0.40	0.00	256.00	0.00	0	perf_experiment
06:43:13 PM	1006	217463	93.00	10.00	0.00	0.00	103.00	53	80.00	0.00	1588200	1044308	0.40	0.00	380.00	0.00	0	perf_experiment
06:43:14 PM	1006	217463	89.00	14.00	0.00	0.00	103.00	53	140.00	0.00	1588200	1044308	0.40	0.00	412.00	0.00	0	perf_experiment
06:43:15 PM	1006	217463	88.00	14.00	0.00	0.00	102.00	53	117.00	0.00	1588200	1044308	0.40	0.00	100.00	0.00	0	perf_experiment
06:43:16 PM	1006	217463	83.00	19.00	0.00	0.00	102.00	53	44385.00	0.00	1588200	1044308	0.40	0.00	88.00	0.00	0	perf_experiment
06:43:17 PM	1006	217463	87.00	15.00	0.00	0.00	102.00	53	1016.00	0.00	1588200	1044308	0.40	0.00	448.00	0.00	0	perf_experiment
06:43:18 PM	1006	217463	87.00	16.00	0.00	0.00	103.00	53	187.00	0.00	1588200	1044308	0.40	0.00	420.00	0.00	0	perf_experiment
06:43:19 PM	1006	217463	90.00	12.00	0.00	0.00	102.00	53	118.00	0.00	1588200	1044308	0.40	0.00	252.00	0.00	0	perf_experiment
06:43:20 PM	1006	217463	100.00	2.00	0.00	0.00	102.00	53	177.00	0.00	1586136	1042384	0.40	0.00	312.00	0.00	0	perf_experiment
06:43:21 PM	1006	217463	69.00	30.00	0.00	0.00	99.00	53	19174.00	0.00	1512600	981008	0.37	0.00	0.00	0.00	0	perf_experiment
