Time	UID	PID	%usr	%system	%guest	%wait	%CPU	CPU	minflt/s	majflt/s	VSZ	RSS	%MEM	kB_rd/s	kB_wr/s	kB_ccwr/s	iodelay	Command
05:36:21 AM	1006	220142	80.00	19.00	0.00	0.00	99.00	6	111154.00	0.00	469220	396072	0.15	0.00	4.00	0.00	0	perf_experiment
05:36:22 AM	1006	220142	85.00	15.00	0.00	0.00	100.00	6	101469.00	0.00	778268	705252	0.27	0.00	0.00	0.00	0	perf_experiment
05:36:23 AM	1006	220142	80.00	20.00	0.00	0.00	100.00	6	235007.00	0.00	1067552	994664	0.38	0.00	0.00	0.00	0	perf_experiment
05:36:24 AM	1006	220142	89.00	11.00	0.00	0.00	100.00	6	85673.00	0.00	1366796	1293860	0.49	0.00	0.00	0.00	0	perf_experiment
05:36:25 AM	1006	220142	81.00	18.00	0.00	0.00	99.00	6	248221.00	0.00	2010588	1629664	0.62	0.00	0.00	0.00	0	perf_experiment
05:36:26 AM	1006	220142	77.00	24.00	0.00	0.00	101.00	6	203390.00	0.00	1938500	1865436	0.71	0.00	0.00	0.00	0	perf_experiment
05:36:27 AM	1006	220142	86.00	14.00	0.00	0.00	100.00	6	136044.00	0.00	2224544	2151524	0.82	0.00	0.00	0.00	0	perf_experiment
05:36:28 AM	1006	220142	98.00	2.00	0.00	0.00	100.00	6	45438.00	0.00	2231936	2159004	0.82	0.00	0.00	0.00	0	perf_experiment
05:36:29 AM	1006	220142	100.00	0.00	0.00	0.00	100.00	6	1213.00	0.00	2231936	2159004	0.82	0.00	0.00	0.00	0	perf_experiment
05:36:30 AM	1006	220142	99.00	1.00	0.00	0.00	100.00	6	2131.00	0.00	2231936	2159004	0.82	0.00	0.00	0.00	0	perf_experiment
05:36:31 AM	1006	220142	96.00	4.00	0.00	0.00	100.00	6	57973.00	0.00	2231936	2159004	0.82	0.00	0.00	0.00	0	perf_experiment
05:36:32 AM	1006	220142	96.00	4.00	0.00	0.00	100.00	6	70241.00	0.00	2231936	2159004	0.82	0.00	4.00	0.00	0	perf_experiment
05:36:33 AM	1006	220142	83.17	15.84	0.00	0.00	99.01	6	314812.87	0.00	2231936	2159004	0.82	0.00	0.00	0.00	0	perf_experiment
