Time	UID	PID	%usr	%system	%guest	%wait	%CPU	CPU	minflt/s	majflt/s	VSZ	RSS	%MEM	kB_rd/s	kB_wr/s	kB_ccwr/s	iodelay	Command
07:45:29 PM	1006	217638	80.00	19.00	0.00	0.00	99.00	22	144428.00	0.00	590180	582464	0.22	0.00	4.00	0.00	0	perf_experiment
07:45:30 PM	1006	217638	87.00	1.00	0.00	0.00	88.00	22	2.00	0.00	590180	582464	0.22	0.00	163840.00	0.00	12	perf_experiment
07:45:31 PM	1006	217638	87.00	1.00	0.00	0.00	88.00	22	1.00	0.00	590180	582464	0.22	0.00	189111.50	0.00	12	perf_experiment
07:45:32 PM	1006	217638	84.00	2.00	0.00	0.00	86.00	22	2.00	0.00	590180	582464	0.22	0.00	171336.50	0.00	14	perf_experiment
07:45:33 PM	1006	217638	87.00	1.00	0.00	0.00	88.00	22	1.00	0.00	590180	582464	0.22	0.00	163840.00	0.00	10	perf_experiment
07:45:34 PM	1006	217638	89.00	1.00	0.00	0.00	90.00	22	1.00	0.00	590180	582464	0.22	0.00	131072.00	0.00	12	perf_experiment
07:45:35 PM	1006	217638	89.00	1.00	0.00	0.00	90.00	22	0.00	0.00	590180	582464	0.22	0.00	131072.00	0.00	9	perf_experiment
07:45:36 PM	1006	217638	96.00	2.00	0.00	0.00	98.00	22	46.00	0.00	658040	583144	0.22	6763.00	32768.00	0.00	3	perf_experiment
07:45:37 PM	1006	217638	97.00	3.00	0.00	0.00	100.00	22	7424.00	0.00	658040	583160	0.22	8427.50	0.00	0.00	0	perf_experiment
07:45:38 PM	1006	217638	96.00	4.00	0.00	0.00	100.00	22	3938.00	0.00	658040	583224	0.22	8479.00	0.00	0.00	0	perf_experiment
07:45:39 PM	1006	217638	98.00	2.00	0.00	0.00	100.00	22	1683.00	0.00	658040	583224	0.22	8431.50	0.00	0.00	0	perf_experiment
07:45:40 PM	1006	217638	98.00	2.00	0.00	0.00	100.00	22	3026.00	0.00	658040	583256	0.22	8514.50	0.00	0.00	0	perf_experiment
07:45:41 PM	1006	217638	98.00	2.00	0.00	0.00	100.00	22	2970.00	0.00	658176	583336	0.22	8464.00	0.00	0.00	0	perf_experiment
07:45:42 PM	1006	217638	97.00	3.00	0.00	0.00	100.00	22	2762.00	0.00	658176	583400	0.22	8476.00	0.00	0.00	0	perf_experiment
07:45:43 PM	1006	217638	97.00	3.00	0.00	0.00	100.00	22	2668.00	0.00	658312	583432	0.22	8495.00	0.00	0.00	0	perf_experiment
07:45:44 PM	1006	217638	97.00	2.00	0.00	0.00	99.00	22	12713.00	0.00	658312	583512	0.22	8381.00	0.00	0.00	0	perf_experiment
07:45:45 PM	1006	217638	99.00	2.00	0.00	0.00	101.00	22	2987.00	0.00	658448	583544	0.22	8500.00	0.00	0.00	0	perf_experiment
07:45:46 PM	1006	217638	97.00	2.00	0.00	0.00	99.00	22	2819.00	0.00	658440	583592	0.22	8497.00	0.00	0.00	0	perf_experiment
07:45:47 PM	1006	217638	98.00	3.00	0.00	0.00	101.00	22	3154.00	0.00	658440	583632	0.22	8560.00	0.00	0.00	0	perf_experiment
07:45:48 PM	1006	217638	98.00	2.00	0.00	0.00	100.00	22	2891.00	0.00	658568	583704	0.22	8572.50	0.00	0.00	0	perf_experiment
07:45:49 PM	1006	217638	95.00	4.00	0.00	0.00	99.00	22	2773.00	0.00	658568	583752	0.22	8548.00	0.00	0.00	0	perf_experiment
07:45:50 PM	1006	217638	98.00	3.00	0.00	0.00	101.00	22	2702.00	0.00	658568	583780	0.22	8561.00	0.00	0.00	0	perf_experiment
07:45:51 PM	1006	217638	97.00	3.00	0.00	0.00	100.00	22	2503.00	0.00	658700	583840	0.22	8589.50	0.00	0.00	0	perf_experiment
07:45:52 PM	1006	217638	97.00	3.00	0.00	0.00	100.00	22	12430.00	0.00	658700	583880	0.22	8475.00	0.00	0.00	0	perf_experiment
07:45:53 PM	1006	217638	98.00	2.00	0.00	0.00	100.00	22	3215.00	0.00	658832	583952	0.22	8586.00	0.00	0.00	0	perf_experiment
07:45:54 PM	1006	217638	98.00	2.00	0.00	0.00	100.00	22	2613.00	0.00	658832	584004	0.22	8570.00	0.00	0.00	0	perf_experiment
07:45:55 PM	1006	217638	97.00	2.00	0.00	0.00	99.00	22	2716.00	0.00	658832	584052	0.22	8532.00	0.00	0.00	0	perf_experiment
07:45:56 PM	1006	217638	99.00	1.00	0.00	0.00	100.00	22	2904.00	0.00	658964	584116	0.22	8560.50	0.00	0.00	0	perf_experiment
07:45:57 PM	1006	217638	100.00	1.00	0.00	0.00	101.00	22	2881.00	0.00	658964	584156	0.22	8618.50	0.00	0.00	0	perf_experiment
07:45:58 PM	1006	217638	99.00	1.00	0.00	0.00	100.00	22	2732.00	0.00	659100	584204	0.22	8563.00	0.00	0.00	0	perf_experiment
07:45:59 PM	1006	217638	98.00	2.00	0.00	0.00	100.00	22	2617.00	0.00	659100	584292	0.22	8550.50	0.00	0.00	0	perf_experiment
07:46:00 PM	1006	217638	97.00	2.00	0.00	0.00	99.00	22	2563.00	0.00	659100	584324	0.22	8561.00	0.00	0.00	0	perf_experiment
07:46:01 PM	1006	217638	99.00	1.00	0.00	0.00	100.00	22	2380.00	0.00	659236	584356	0.22	8557.50	0.00	0.00	0	perf_experiment
07:46:02 PM	1006	217638	98.00	2.00	0.00	0.00	100.00	22	2354.00	0.00	659236	584412	0.22	8591.50	0.00	0.00	0	perf_experiment
07:46:03 PM	1006	217638	98.00	3.00	0.00	0.00	101.00	22	12670.00	0.00	659236	584452	0.22	8478.50	0.00	0.00	0	perf_experiment
07:46:04 PM	1006	217638	97.00	2.00	0.00	0.00	99.00	22	2771.00	0.00	659372	584544	0.22	8589.50	0.00	0.00	0	perf_experiment
07:46:05 PM	1006	217638	98.00	2.00	0.00	0.00	100.00	22	2407.00	0.00	659372	584560	0.22	8543.00	0.00	0.00	0	perf_experiment
07:46:06 PM	1006	217638	98.00	3.00	0.00	0.00	101.00	22	2388.00	0.00	659496	584672	0.22	8577.00	0.00	0.00	0	perf_experiment
07:46:07 PM	1006	217638	97.00	3.00	0.00	0.00	100.00	22	2802.00	0.00	659496	584684	0.22	8541.00	0.00	0.00	0	perf_experiment
07:46:08 PM	1006	217638	97.00	3.00	0.00	0.00	100.00	22	2929.00	0.00	659496	584716	0.22	8578.50	0.00	0.00	0	perf_experiment
07:46:09 PM	1006	217638	97.03	1.98	0.00	0.00	99.01	22	2741.58	0.00	659628	584788	0.22	8482.18	0.00	0.00	0	perf_experiment
07:46:10 PM	1006	217638	96.00	3.00	0.00	0.00	99.00	22	2725.00	0.00	659628	584836	0.22	8525.50	0.00	0.00	0	perf_experiment
07:46:11 PM	1006	217638	98.00	3.00	0.00	0.00	101.00	22	2508.00	0.00	659764	584916	0.22	8569.00	0.00	0.00	0	perf_experiment
07:46:12 PM	1006	217638	97.00	2.00	0.00	0.00	99.00	22	2537.00	0.00	659764	584972	0.22	8562.00	0.00	0.00	0	perf_experiment
07:46:13 PM	1006	217638	99.00	2.00	0.00	0.00	101.00	22	2257.00	0.00	659764	584972	0.22	8633.50	0.00	0.00	0	perf_experiment
07:46:14 PM	1006	217638	97.00	3.00	0.00	0.00	100.00	22	2233.00	0.00	659900	585052	0.22	8574.50	0.00	0.00	0	perf_experiment
07:46:15 PM	1006	217638	98.00	1.00	0.00	0.00	99.00	22	2138.00	0.00	659900	585100	0.22	8555.50	0.00	0.00	0	perf_experiment
07:46:16 PM	1006	217638	97.00	3.00	0.00	0.00	100.00	22	6272.00	0.00	660028	585172	0.22	8494.00	0.00	0.00	0	perf_experiment
07:46:17 PM	1006	217638	97.00	4.00	0.00	0.00	101.00	22	8457.00	0.00	660028	585204	0.22	8532.50	0.00	0.00	0	perf_experiment
07:46:18 PM	1006	217638	98.00	1.00	0.00	0.00	99.00	22	2460.00	0.00	660028	585240	0.22	8552.50	0.00	0.00	0	perf_experiment
07:46:19 PM	1006	217638	98.00	3.00	0.00	0.00	101.00	22	2291.00	0.00	660160	585324	0.22	8582.50	0.00	0.00	0	perf_experiment
07:46:20 PM	1006	217638	96.00	3.00	0.00	0.00	99.00	22	2155.00	0.00	660160	585384	0.22	8548.50	0.00	0.00	0	perf_experiment
07:46:21 PM	1006	217638	98.00	3.00	0.00	0.00	101.00	22	2109.00	0.00	660280	585444	0.22	8532.50	0.00	0.00	0	perf_experiment
07:46:22 PM	1006	217638	97.00	3.00	0.00	0.00	100.00	22	2647.00	0.00	660280	585460	0.22	8519.00	0.00	0.00	0	perf_experiment
07:46:23 PM	1006	217638	97.00	2.00	0.00	0.00	99.00	22	3037.00	0.00	660280	585500	0.22	8566.00	0.00	0.00	0	perf_experiment
07:46:24 PM	1006	217638	99.00	2.00	0.00	0.00	101.00	22	2723.00	0.00	660412	585580	0.22	8539.50	0.00	0.00	0	perf_experiment
07:46:25 PM	1006	217638	99.00	1.00	0.00	0.00	100.00	22	2656.00	0.00	660412	585624	0.22	8572.50	0.00	0.00	0	perf_experiment
07:46:26 PM	1006	217638	97.00	3.00	0.00	0.00	100.00	22	2608.00	0.00	660544	585672	0.22	8542.00	0.00	0.00	0	perf_experiment
07:46:27 PM	1006	217638	98.00	2.00	0.00	0.00	100.00	22	2534.00	0.00	660544	585728	0.22	8574.00	0.00	0.00	0	perf_experiment
07:46:28 PM	1006	217638	96.00	4.00	0.00	0.00	100.00	22	2255.00	0.00	660672	585816	0.22	8553.50	0.00	0.00	0	perf_experiment
07:46:29 PM	1006	217638	98.00	2.00	0.00	0.00	100.00	22	2146.00	0.00	660672	585856	0.22	8582.00	0.00	0.00	0	perf_experiment
07:46:30 PM	1006	217638	98.00	2.00	0.00	0.00	100.00	22	2141.00	0.00	660672	585856	0.22	8531.00	0.00	0.00	0	perf_experiment
07:46:31 PM	1006	217638	98.00	2.00	0.00	0.00	100.00	22	2163.00	0.00	660808	585960	0.22	8577.50	0.00	0.00	0	perf_experiment
07:46:32 PM	1006	217638	97.00	2.00	0.00	0.00	99.00	22	1854.00	0.00	660808	586008	0.22	8591.00	0.00	0.00	0	perf_experiment
07:46:33 PM	1006	217638	99.00	2.00	0.00	0.00	101.00	22	1887.00	0.00	660944	586060	0.22	8564.50	0.00	0.00	0	perf_experiment
07:46:34 PM	1006	217638	97.00	2.00	0.00	0.00	99.00	22	3081.00	0.00	660944	586096	0.22	8543.50	0.00	0.00	0	perf_experiment
07:46:35 PM	1006	217638	96.00	4.00	0.00	0.00	100.00	22	11117.00	0.00	660944	586144	0.22	8525.00	0.00	0.00	0	perf_experiment
07:46:36 PM	1006	217638	99.00	2.00	0.00	0.00	101.00	22	2421.00	0.00	661080	586208	0.22	8561.00	0.00	0.00	0	perf_experiment
07:46:37 PM	1006	217638	97.00	3.00	0.00	0.00	100.00	22	2163.00	0.00	661080	586272	0.22	8591.50	0.00	0.00	0	perf_experiment
07:46:38 PM	1006	217638	98.00	2.00	0.00	0.00	100.00	22	2034.00	0.00	661080	586288	0.22	8540.50	0.00	0.00	0	perf_experiment
07:46:39 PM	1006	217638	98.00	2.00	0.00	0.00	100.00	22	2012.00	0.00	661216	586392	0.22	8571.00	0.00	0.00	0	perf_experiment
07:46:40 PM	1006	217638	98.00	2.00	0.00	0.00	100.00	22	1873.00	0.00	661216	586392	0.22	8575.00	0.00	0.00	0	perf_experiment
07:46:41 PM	1006	217638	97.00	3.00	0.00	0.00	100.00	22	1837.00	0.00	661344	586448	0.22	8560.00	0.00	0.00	0	perf_experiment
07:46:42 PM	1006	217638	98.00	1.00	0.00	0.00	99.00	22	2822.00	0.00	661344	586512	0.22	8488.50	0.00	0.00	0	perf_experiment
07:46:43 PM	1006	217638	100.00	1.00	0.00	0.00	101.00	22	2806.00	0.00	661344	586556	0.22	8569.00	0.00	0.00	0	perf_experiment
07:46:44 PM	1006	217638	96.00	4.00	0.00	0.00	100.00	22	2616.00	0.00	661476	586636	0.22	8562.50	0.00	0.00	0	perf_experiment
07:46:45 PM	1006	217638	98.00	2.00	0.00	0.00	100.00	22	2519.00	0.00	661476	586660	0.22	8577.50	0.00	0.00	0	perf_experiment
07:46:46 PM	1006	217638	98.00	2.00	0.00	0.00	100.00	22	2500.00	0.00	661476	586692	0.22	8545.00	0.00	0.00	0	perf_experiment
07:46:47 PM	1006	217638	98.00	1.00	0.00	0.00	99.00	22	2354.00	0.00	661612	586764	0.22	8573.00	0.00	0.00	0	perf_experiment
07:46:48 PM	1006	217638	97.00	4.00	0.00	0.00	101.00	22	2327.00	0.00	661612	586804	0.22	8588.50	0.00	0.00	0	perf_experiment
07:46:49 PM	1006	217638	99.00	1.00	0.00	0.00	100.00	22	2194.00	0.00	661740	586900	0.22	8591.00	0.00	0.00	0	perf_experiment
07:46:50 PM	1006	217638	98.00	2.00	0.00	0.00	100.00	22	2087.00	0.00	661740	586924	0.22	8569.50	0.00	0.00	0	perf_experiment
07:46:51 PM	1006	217638	96.00	4.00	0.00	0.00	100.00	22	1875.00	0.00	661868	587004	0.22	8568.00	0.00	0.00	0	perf_experiment
07:46:52 PM	1006	217638	97.00	2.00	0.00	0.00	99.00	22	1916.00	0.00	661868	587036	0.22	8550.00	0.00	0.00	0	perf_experiment
07:46:53 PM	1006	217638	98.00	2.00	0.00	0.00	100.00	22	1768.00	0.00	662004	587112	0.22	8562.50	0.00	0.00	0	perf_experiment
07:46:54 PM	1006	217638	98.00	3.00	0.00	0.00	101.00	22	1806.00	0.00	662004	587156	0.22	8593.00	0.00	0.00	0	perf_experiment
07:46:55 PM	1006	217638	97.00	2.00	0.00	0.00	99.00	22	1613.00	0.00	662004	587212	0.22	8591.50	0.00	0.00	0	perf_experiment
07:46:56 PM	1006	217638	100.00	1.00	0.00	0.00	101.00	22	1614.00	0.00	662140	587244	0.22	8546.00	0.00	0.00	0	perf_experiment
07:46:57 PM	1006	217638	98.00	2.00	0.00	0.00	100.00	22	1548.00	0.00	662140	587324	0.22	8546.50	0.00	0.00	0	perf_experiment
07:46:58 PM	1006	217638	97.00	3.00	0.00	0.00	100.00	22	11773.00	0.00	662140	587324	0.22	8539.50	0.00	0.00	0	perf_experiment
07:46:59 PM	1006	217638	96.00	3.00	0.00	0.00	99.00	22	2491.00	0.00	662276	587412	0.22	8581.00	0.00	0.00	0	perf_experiment
07:47:00 PM	1006	217638	99.00	2.00	0.00	0.00	101.00	22	2031.00	0.00	662276	587468	0.22	8552.00	0.00	0.00	0	perf_experiment
07:47:01 PM	1006	217638	96.00	4.00	0.00	0.00	100.00	22	1909.00	0.00	662276	587492	0.22	8592.50	0.00	0.00	0	perf_experiment
07:47:02 PM	1006	217638	98.00	2.00	0.00	0.00	100.00	22	1879.00	0.00	662412	587564	0.22	8537.00	0.00	0.00	0	perf_experiment
07:47:03 PM	1006	217638	96.00	3.00	0.00	0.00	99.00	22	1686.00	0.00	662412	587596	0.22	8579.50	0.00	0.00	0	perf_experiment
07:47:04 PM	1006	217638	100.00	1.00	0.00	0.00	101.00	22	1793.00	0.00	662540	587692	0.22	8555.50	0.00	0.00	0	perf_experiment
07:47:05 PM	1006	217638	97.00	3.00	0.00	0.00	100.00	22	1568.00	0.00	662540	587724	0.22	8559.00	0.00	0.00	0	perf_experiment
07:47:06 PM	1006	217638	98.00	1.00	0.00	0.00	99.00	22	1561.00	0.00	662540	587764	0.22	8548.00	0.00	0.00	0	perf_experiment
07:47:07 PM	1006	217638	96.00	5.00	0.00	0.00	101.00	22	2029.00	0.00	662676	587856	0.22	8551.50	0.00	0.00	0	perf_experiment
07:47:08 PM	1006	217638	96.00	3.00	0.00	0.00	99.00	22	2804.00	0.00	662676	587864	0.22	8582.00	0.00	0.00	0	perf_experiment
07:47:09 PM	1006	217638	99.00	2.00	0.00	0.00	101.00	22	2666.00	0.00	662808	587948	0.22	8518.50	0.00	0.00	0	perf_experiment
07:47:10 PM	1006	217638	98.00	2.00	0.00	0.00	100.00	22	2644.00	0.00	662808	587992	0.22	8540.00	0.00	0.00	0	perf_experiment
07:47:11 PM	1006	217638	97.00	3.00	0.00	0.00	100.00	22	2412.00	0.00	662808	588032	0.22	8562.50	0.00	0.00	0	perf_experiment
07:47:12 PM	1006	217638	97.00	3.00	0.00	0.00	100.00	22	2368.00	0.00	662944	588088	0.22	8547.50	0.00	0.00	0	perf_experiment
07:47:13 PM	1006	217638	97.00	2.00	0.00	0.00	99.00	22	2236.00	0.00	662944	588136	0.22	8553.00	0.00	0.00	0	perf_experiment
07:47:14 PM	1006	217638	97.00	4.00	0.00	0.00	101.00	22	2054.00	0.00	662944	588160	0.22	8583.00	0.00	0.00	0	perf_experiment
07:47:15 PM	1006	217638	99.00	1.00	0.00	0.00	100.00	22	2149.00	0.00	663080	588232	0.22	8556.50	0.00	0.00	0	perf_experiment
07:47:16 PM	1006	217638	99.00	1.00	0.00	0.00	100.00	22	2016.00	0.00	663080	588264	0.22	8550.00	0.00	0.00	0	perf_experiment
07:47:17 PM	1006	217638	99.00	0.00	0.00	0.00	99.00	22	1951.00	0.00	663216	588352	0.22	8545.00	0.00	0.00	0	perf_experiment
07:47:18 PM	1006	217638	100.00	1.00	0.00	0.00	101.00	22	1827.00	0.00	663216	588388	0.22	8540.50	0.00	0.00	0	perf_experiment
07:47:19 PM	1006	217638	98.00	1.00	0.00	0.00	99.00	22	1798.00	0.00	663348	588460	0.22	8543.00	0.00	0.00	0	perf_experiment
07:47:20 PM	1006	217638	98.00	3.00	0.00	0.00	101.00	22	1698.00	0.00	663340	588484	0.22	8589.00	0.00	0.00	0	perf_experiment
07:47:21 PM	1006	217638	97.00	3.00	0.00	0.00	100.00	22	1567.00	0.00	663340	588524	0.22	8634.50	0.00	0.00	0	perf_experiment
07:47:22 PM	1006	217638	97.00	3.00	0.00	0.00	100.00	22	1571.00	0.00	663476	588604	0.22	8550.50	0.00	0.00	0	perf_experiment
07:47:23 PM	1006	217638	97.00	3.00	0.00	0.00	100.00	22	1471.00	0.00	663476	588652	0.22	8556.00	0.00	0.00	0	perf_experiment
07:47:24 PM	1006	217638	97.00	3.00	0.00	0.00	100.00	22	1464.00	0.00	663476	588700	0.22	8611.50	0.00	0.00	0	perf_experiment
07:47:25 PM	1006	217638	98.00	2.00	0.00	0.00	100.00	22	1410.00	0.00	663612	588780	0.22	8563.50	0.00	0.00	0	perf_experiment
07:47:26 PM	1006	217638	98.00	2.00	0.00	0.00	100.00	22	1328.00	0.00	663612	588804	0.22	8555.50	0.00	0.00	0	perf_experiment
07:47:27 PM	1006	217638	97.00	3.00	0.00	0.00	100.00	22	1222.00	0.00	663740	588860	0.22	8594.00	0.00	0.00	0	perf_experiment
07:47:28 PM	1006	217638	99.00	1.00	0.00	0.00	100.00	22	7636.00	0.00	663740	588892	0.22	8509.00	0.00	0.00	0	perf_experiment
07:47:29 PM	1006	217638	98.00	2.00	0.00	0.00	100.00	22	5662.00	0.00	663872	588940	0.22	8555.50	0.00	0.00	0	perf_experiment
07:47:30 PM	1006	217638	97.00	3.00	0.00	0.00	100.00	22	1943.00	0.00	663864	589040	0.22	8592.50	0.00	0.00	0	perf_experiment
07:47:31 PM	1006	217638	98.00	2.00	0.00	0.00	100.00	22	1803.00	0.00	663980	589092	0.22	8578.50	0.00	0.00	0	perf_experiment
07:47:32 PM	1006	217638	98.00	2.00	0.00	0.00	100.00	22	1745.00	0.00	663980	589164	0.22	8544.50	0.00	0.00	0	perf_experiment
07:47:33 PM	1006	217638	99.00	1.00	0.00	0.00	100.00	22	1579.00	0.00	663980	589164	0.22	8578.50	0.00	0.00	0	perf_experiment
07:47:34 PM	1006	217638	97.00	2.00	0.00	0.00	99.00	22	1498.00	0.00	664116	589268	0.22	8563.00	0.00	0.00	0	perf_experiment
07:47:35 PM	1006	217638	96.00	4.00	0.00	0.00	100.00	22	1421.00	0.00	664116	589312	0.22	8613.00	0.00	0.00	0	perf_experiment
07:47:36 PM	1006	217638	98.00	3.00	0.00	0.00	101.00	22	1470.00	0.00	664116	589312	0.22	8565.00	0.00	0.00	0	perf_experiment
07:47:37 PM	1006	217638	98.00	2.00	0.00	0.00	100.00	22	1344.00	0.00	664236	589420	0.22	8559.50	0.00	0.00	0	perf_experiment
07:47:38 PM	1006	217638	96.00	3.00	0.00	0.00	99.00	22	1265.00	0.00	664236	589436	0.22	8564.00	0.00	0.00	0	perf_experiment
07:47:39 PM	1006	217638	97.00	3.00	0.00	0.00	100.00	22	1239.00	0.00	664348	589528	0.22	8579.00	0.00	0.00	0	perf_experiment
07:47:40 PM	1006	217638	98.00	3.00	0.00	0.00	101.00	22	1442.00	0.00	664348	589528	0.22	8517.00	0.00	0.00	0	perf_experiment
07:47:41 PM	1006	217638	98.00	1.00	0.00	0.00	99.00	22	2816.00	0.00	664472	589616	0.22	8525.00	0.00	0.00	0	perf_experiment
07:47:42 PM	1006	217638	97.00	3.00	0.00	0.00	100.00	22	2687.00	0.00	664472	589640	0.22	8558.00	0.00	0.00	0	perf_experiment
07:47:43 PM	1006	217638	97.00	3.00	0.00	0.00	100.00	22	2506.00	0.00	664472	589672	0.22	8600.00	0.00	0.00	0	perf_experiment
07:47:44 PM	1006	217638	98.00	3.00	0.00	0.00	101.00	22	2371.00	0.00	664608	589784	0.22	8589.00	0.00	0.00	0	perf_experiment
07:47:45 PM	1006	217638	97.00	3.00	0.00	0.00	100.00	22	2322.00	0.00	664608	589784	0.22	8538.00	0.00	0.00	0	perf_experiment
07:47:46 PM	1006	217638	96.00	4.00	0.00	0.00	100.00	22	2202.00	0.00	664744	589872	0.22	8556.50	0.00	0.00	0	perf_experiment
07:47:47 PM	1006	217638	97.00	2.00	0.00	0.00	99.00	22	2180.00	0.00	664744	589920	0.22	8578.00	0.00	0.00	0	perf_experiment
07:47:48 PM	1006	217638	99.00	2.00	0.00	0.00	101.00	22	1977.00	0.00	664744	589960	0.22	8585.50	0.00	0.00	0	perf_experiment
07:47:49 PM	1006	217638	97.00	3.00	0.00	0.00	100.00	22	1937.00	0.00	664880	590004	0.22	8558.00	0.00	0.00	0	perf_experiment
07:47:50 PM	1006	217638	97.00	3.00	0.00	0.00	100.00	22	1961.00	0.00	664880	590084	0.22	8568.00	0.00	0.00	0	perf_experiment
07:47:51 PM	1006	217638	98.00	2.00	0.00	0.00	100.00	22	1772.00	0.00	665004	590124	0.22	8582.00	0.00	0.00	0	perf_experiment
07:47:52 PM	1006	217638	98.00	2.00	0.00	0.00	100.00	22	1720.00	0.00	665004	590188	0.22	8569.50	0.00	0.00	0	perf_experiment
07:47:53 PM	1006	217638	98.00	2.00	0.00	0.00	100.00	22	1635.00	0.00	665004	590204	0.22	8572.00	0.00	0.00	0	perf_experiment
07:47:54 PM	1006	217638	97.00	3.00	0.00	0.00	100.00	22	1602.00	0.00	665140	590284	0.22	8578.50	0.00	0.00	0	perf_experiment
07:47:55 PM	1006	217638	97.00	3.00	0.00	0.00	100.00	22	1513.00	0.00	665140	590316	0.22	8591.00	0.00	0.00	0	perf_experiment
07:47:56 PM	1006	217638	97.00	2.00	0.00	0.00	99.00	22	1467.00	0.00	665140	590364	0.22	8592.00	0.00	0.00	0	perf_experiment
07:47:57 PM	1006	217638	98.00	3.00	0.00	0.00	101.00	22	1356.00	0.00	665276	590452	0.22	8601.50	0.00	0.00	0	perf_experiment
07:47:58 PM	1006	217638	98.00	2.00	0.00	0.00	100.00	22	1296.00	0.00	665276	590492	0.22	8621.50	0.00	0.00	0	perf_experiment
07:47:59 PM	1006	217638	97.00	3.00	0.00	0.00	100.00	22	1278.00	0.00	665412	590540	0.22	8594.00	0.00	0.00	0	perf_experiment
07:48:00 PM	1006	217638	99.00	1.00	0.00	0.00	100.00	22	1291.00	0.00	665412	590596	0.22	8588.50	0.00	0.00	0	perf_experiment
07:48:01 PM	1006	217638	96.00	4.00	0.00	0.00	100.00	22	1164.00	0.00	665412	590620	0.22	8579.50	0.00	0.00	0	perf_experiment
07:48:02 PM	1006	217638	98.00	1.00	0.00	0.00	99.00	22	1171.00	0.00	665548	590700	0.22	8528.00	0.00	0.00	0	perf_experiment
07:48:03 PM	1006	217638	98.00	2.00	0.00	0.00	100.00	22	1068.00	0.00	665548	590748	0.22	8589.00	0.00	0.00	0	perf_experiment
07:48:04 PM	1006	217638	97.03	2.97	0.00	0.99	100.00	22	1050.50	0.00	665684	590832	0.22	8468.81	0.00	0.00	0	perf_experiment
07:48:05 PM	1006	217638	99.00	1.00	0.00	0.00	100.00	22	1017.00	0.00	665684	590856	0.22	8610.00	0.00	0.00	0	perf_experiment
07:48:06 PM	1006	217638	96.00	4.00	0.00	0.00	100.00	22	945.00	0.00	665684	590880	0.22	8564.00	0.00	0.00	0	perf_experiment
07:48:07 PM	1006	217638	96.00	4.00	0.00	0.00	100.00	22	908.00	0.00	665816	590952	0.22	8605.50	0.00	0.00	0	perf_experiment
07:48:08 PM	1006	217638	98.00	2.00	0.00	0.00	100.00	22	10985.00	0.00	665816	591000	0.22	8527.00	0.00	0.00	0	perf_experiment
07:48:09 PM	1006	217638	97.00	3.00	0.00	0.00	100.00	22	2331.00	0.00	665816	591040	0.22	8581.00	0.00	0.00	0	perf_experiment
07:48:10 PM	1006	217638	98.00	2.00	0.00	0.00	100.00	22	1690.00	0.00	665952	591096	0.22	8563.50	0.00	0.00	0	perf_experiment
07:48:11 PM	1006	217638	96.00	4.00	0.00	0.00	100.00	22	1534.00	0.00	665952	591160	0.22	8554.00	0.00	0.00	0	perf_experiment
07:48:12 PM	1006	217638	98.00	1.00	0.00	0.00	99.00	22	1546.00	0.00	666088	591208	0.22	8587.00	0.00	0.00	0	perf_experiment
07:48:13 PM	1006	217638	97.00	4.00	0.00	0.00	101.00	22	1401.00	0.00	666088	591280	0.22	8554.00	0.00	0.00	0	perf_experiment
07:48:14 PM	1006	217638	97.00	3.00	0.00	0.00	100.00	22	1320.00	0.00	666208	591336	0.22	8573.00	0.00	0.00	0	perf_experiment
07:48:15 PM	1006	217638	97.00	3.00	0.00	0.00	100.00	22	1276.00	0.00	666208	591392	0.22	8580.50	0.00	0.00	0	perf_experiment
07:48:16 PM	1006	217638	98.00	2.00	0.00	0.00	100.00	22	1201.00	0.00	666208	591416	0.22	8557.00	0.00	0.00	0	perf_experiment
07:48:17 PM	1006	217638	98.00	2.00	0.00	0.00	100.00	22	1148.00	0.00	666336	591472	0.22	8530.50	0.00	0.00	0	perf_experiment
07:48:18 PM	1006	217638	99.00	1.00	0.00	0.00	100.00	22	1120.00	0.00	666336	591512	0.22	8567.00	0.00	0.00	0	perf_experiment
07:48:19 PM	1006	217638	99.00	1.00	0.00	0.00	100.00	22	1104.00	0.00	666464	591568	0.22	8596.50	0.00	0.00	0	perf_experiment
07:48:20 PM	1006	217638	100.00	0.00	0.00	0.00	100.00	22	1055.00	0.00	666464	591620	0.22	8530.00	0.00	0.00	0	perf_experiment
07:48:21 PM	1006	217638	96.00	4.00	0.00	0.00	100.00	22	1037.00	0.00	666464	591684	0.22	8584.00	0.00	0.00	0	perf_experiment
07:48:22 PM	1006	217638	98.00	1.00	0.00	0.00	99.00	22	995.00	0.00	666596	591756	0.22	8580.00	0.00	0.00	0	perf_experiment
07:48:23 PM	1006	217638	99.00	2.00	0.00	0.00	101.00	22	918.00	0.00	666596	591772	0.22	8580.50	0.00	0.00	0	perf_experiment
07:48:24 PM	1006	217638	98.00	1.00	0.00	0.00	99.00	22	2498.00	0.00	666732	591852	0.22	8551.50	0.00	0.00	0	perf_experiment
07:48:25 PM	1006	217638	97.00	3.00	0.00	0.00	100.00	22	2541.00	0.00	666732	591908	0.22	8568.00	0.00	0.00	0	perf_experiment
07:48:26 PM	1006	217638	99.00	2.00	0.00	0.00	101.00	22	2462.00	0.00	666732	591948	0.22	8599.50	0.00	0.00	0	perf_experiment
07:48:27 PM	1006	217638	96.00	3.00	0.00	0.00	99.00	22	2376.00	0.00	666868	591988	0.22	8511.00	0.00	0.00	0	perf_experiment
07:48:28 PM	1006	217638	96.00	5.00	0.00	0.00	101.00	22	2284.00	0.00	666868	592044	0.22	8576.00	0.00	0.00	0	perf_experiment
07:48:29 PM	1006	217638	97.00	2.00	0.00	0.00	99.00	22	2120.00	0.00	666868	592084	0.22	8544.00	0.00	0.00	0	perf_experiment
07:48:30 PM	1006	217638	98.00	2.00	0.00	0.00	100.00	22	2132.00	0.00	667004	592152	0.22	8598.00	0.00	0.00	0	perf_experiment
07:48:31 PM	1006	217638	100.00	1.00	0.00	0.00	101.00	22	1957.00	0.00	667004	592184	0.22	8582.50	0.00	0.00	0	perf_experiment
07:48:32 PM	1006	217638	97.00	2.00	0.00	0.00	99.00	22	1947.00	0.00	667136	592256	0.22	8584.50	0.00	0.00	0	perf_experiment
07:48:33 PM	1006	217638	99.00	2.00	0.00	0.00	101.00	22	1825.00	0.00	667136	592312	0.22	8558.50	0.00	0.00	0	perf_experiment
07:48:34 PM	1006	217638	98.00	2.00	0.00	0.00	100.00	22	1737.00	0.00	667136	592352	0.22	8562.00	0.00	0.00	0	perf_experiment
07:48:35 PM	1006	217638	98.00	2.00	0.00	0.00	100.00	22	1750.00	0.00	667272	592416	0.22	8575.00	0.00	0.00	0	perf_experiment
07:48:36 PM	1006	217638	98.00	2.00	0.00	0.00	100.00	22	1628.00	0.00	667272	592448	0.22	8534.00	0.00	0.00	0	perf_experiment
07:48:37 PM	1006	217638	96.00	4.00	0.00	0.00	100.00	22	1531.00	0.00	667408	592512	0.22	8584.50	0.00	0.00	0	perf_experiment
07:48:38 PM	1006	217638	99.00	1.00	0.00	0.00	100.00	22	1425.00	0.00	667408	592560	0.22	8563.50	0.00	0.00	0	perf_experiment
07:48:39 PM	1006	217638	96.00	4.00	0.00	0.00	100.00	22	1452.00	0.00	667408	592608	0.22	8587.50	0.00	0.00	0	perf_experiment
07:48:40 PM	1006	217638	98.00	2.00	0.00	0.00	100.00	22	1352.00	0.00	667544	592664	0.22	8555.50	0.00	0.00	0	perf_experiment
07:48:41 PM	1006	217638	98.00	1.00	0.00	0.00	99.00	22	1355.00	0.00	667544	592752	0.22	8567.50	0.00	0.00	0	perf_experiment
07:48:42 PM	1006	217638	99.00	2.00	0.00	0.00	101.00	22	1286.00	0.00	667672	592784	0.22	8575.00	0.00	0.00	0	perf_experiment
07:48:43 PM	1006	217638	97.00	3.00	0.00	0.00	100.00	22	1207.00	0.00	667672	592844	0.22	8545.50	0.00	0.00	0	perf_experiment
07:48:44 PM	1006	217638	98.00	2.00	0.00	0.00	100.00	22	1122.00	0.00	667784	592904	0.22	8574.00	0.00	0.00	0	perf_experiment
07:48:45 PM	1006	217638	96.00	4.00	0.00	0.00	100.00	22	1131.00	0.00	667784	592956	0.22	8550.00	0.00	0.00	0	perf_experiment
07:48:46 PM	1006	217638	99.00	1.00	0.00	0.00	100.00	22	1036.00	0.00	667784	592996	0.22	8540.50	0.00	0.00	0	perf_experiment
07:48:47 PM	1006	217638	96.00	4.00	0.00	0.00	100.00	22	998.00	0.00	667916	593036	0.22	8549.50	0.00	0.00	0	perf_experiment
07:48:48 PM	1006	217638	98.00	2.00	0.00	0.00	100.00	22	956.00	0.00	667916	593108	0.22	8634.00	0.00	0.00	0	perf_experiment
07:48:49 PM	1006	217638	99.00	1.00	0.00	0.00	100.00	22	991.00	0.00	668044	593156	0.22	8582.50	0.00	0.00	0	perf_experiment
07:48:50 PM	1006	217638	98.00	2.00	0.00	0.00	100.00	22	880.00	0.00	668044	593204	0.22	8596.00	0.00	0.00	0	perf_experiment
07:48:51 PM	1006	217638	96.00	3.00	0.00	0.00	99.00	22	888.00	0.00	668044	593236	0.22	8579.00	0.00	0.00	0	perf_experiment
07:48:52 PM	1006	217638	98.00	3.00	0.00	0.00	101.00	22	845.00	0.00	668172	593332	0.22	8581.50	0.00	0.00	0	perf_experiment
07:48:53 PM	1006	217638	97.00	3.00	0.00	0.00	100.00	22	772.00	0.00	668172	593340	0.22	8581.00	0.00	0.00	0	perf_experiment
07:48:54 PM	1006	217638	99.00	0.00	0.00	0.00	99.00	22	816.00	0.00	668308	593380	0.22	8541.00	0.00	0.00	0	perf_experiment
07:48:55 PM	1006	217638	98.00	3.00	0.00	0.00	101.00	22	696.00	0.00	668308	593460	0.22	8601.50	0.00	0.00	0	perf_experiment
07:48:56 PM	1006	217638	96.00	3.00	0.00	0.00	99.00	22	768.00	0.00	668308	593492	0.22	8585.50	0.00	0.00	0	perf_experiment
07:48:57 PM	1006	217638	97.00	4.00	0.00	0.00	101.00	22	674.00	0.00	668440	593592	0.23	8610.50	0.00	0.00	0	perf_experiment
07:48:58 PM	1006	217638	98.00	2.00	0.00	0.00	100.00	22	642.00	0.00	668440	593636	0.23	8577.00	0.00	0.00	0	perf_experiment
07:48:59 PM	1006	217638	100.00	0.00	0.00	0.00	100.00	22	9787.00	0.00	668564	593692	0.23	8510.00	0.00	0.00	0	perf_experiment
07:49:00 PM	1006	217638	98.00	2.00	0.00	0.00	100.00	22	2845.00	0.00	668564	593748	0.23	8579.50	0.00	0.00	0	perf_experiment
07:49:01 PM	1006	217638	97.00	3.00	0.00	0.00	100.00	22	1557.00	0.00	668564	593748	0.23	8535.50	0.00	0.00	0	perf_experiment
07:49:02 PM	1006	217638	96.00	4.00	0.00	0.00	100.00	22	1369.00	0.00	668692	593836	0.23	8581.00	0.00	0.00	0	perf_experiment
07:49:03 PM	1006	217638	97.00	3.00	0.00	0.00	100.00	22	1312.00	0.00	668692	593876	0.23	8555.00	0.00	0.00	0	perf_experiment
07:49:04 PM	1006	217638	97.00	3.00	0.00	0.00	100.00	22	1301.00	0.00	668828	593924	0.23	8522.50	0.00	0.00	0	perf_experiment
07:49:05 PM	1006	217638	97.00	3.00	0.00	0.00	100.00	22	1189.00	0.00	668828	593968	0.23	8560.00	0.00	0.00	0	perf_experiment
07:49:06 PM	1006	217638	98.00	2.00	0.00	0.00	100.00	22	1129.00	0.00	668828	594048	0.23	8575.00	0.00	0.00	0	perf_experiment
07:49:07 PM	1006	217638	98.00	2.00	0.00	0.00	100.00	22	1106.00	0.00	668960	594088	0.23	8535.50	0.00	0.00	0	perf_experiment
07:49:08 PM	1006	217638	97.00	2.00	0.00	0.00	99.00	22	1148.00	0.00	668960	594128	0.23	8586.00	0.00	0.00	0	perf_experiment
07:49:09 PM	1006	217638	99.00	2.00	0.00	0.00	101.00	22	1055.00	0.00	669096	594224	0.23	8571.50	0.00	0.00	0	perf_experiment
07:49:10 PM	1006	217638	96.00	3.00	0.00	0.00	99.00	22	984.00	0.00	669096	594280	0.23	8571.00	0.00	0.00	0	perf_experiment
07:49:11 PM	1006	217638	100.00	0.00	0.00	0.00	100.00	22	961.00	0.00	669096	594280	0.23	8602.50	0.00	0.00	0	perf_experiment
07:49:12 PM	1006	217638	99.00	2.00	0.00	0.00	101.00	22	861.00	0.00	669232	594384	0.23	8583.50	0.00	0.00	0	perf_experiment
07:49:13 PM	1006	217638	98.00	1.00	0.00	0.00	99.00	22	869.00	0.00	669232	594408	0.23	8572.00	0.00	0.00	0	perf_experiment
07:49:14 PM	1006	217638	96.00	4.00	0.00	0.00	100.00	22	864.00	0.00	669232	594448	0.23	8566.50	0.00	0.00	0	perf_experiment
07:49:15 PM	1006	217638	96.00	4.00	0.00	0.00	100.00	22	819.00	0.00	669368	594532	0.23	8602.50	0.00	0.00	0	perf_experiment
07:49:16 PM	1006	217638	97.00	3.00	0.00	0.00	100.00	22	750.00	0.00	669368	594540	0.23	8561.50	0.00	0.00	0	perf_experiment
07:49:17 PM	1006	217638	100.00	1.00	0.00	0.00	101.00	22	743.00	0.00	669500	594604	0.23	8553.00	0.00	0.00	0	perf_experiment
07:49:18 PM	1006	217638	98.00	2.00	0.00	0.00	100.00	22	688.00	0.00	669500	594668	0.23	8599.50	0.00	0.00	0	perf_experiment
07:49:19 PM	1006	217638	98.00	2.00	0.00	0.00	100.00	22	1202.00	0.00	669500	594700	0.23	8523.00	0.00	0.00	0	perf_experiment
07:49:20 PM	1006	217638	98.00	1.00	0.00	0.00	99.00	22	2498.00	0.00	669636	594780	0.23	8573.50	0.00	0.00	0	perf_experiment
07:49:21 PM	1006	217638	97.00	4.00	0.00	0.00	101.00	22	2475.00	0.00	669636	594808	0.23	8545.50	0.00	0.00	0	perf_experiment
07:49:22 PM	1006	217638	97.00	3.00	0.00	0.00	100.00	22	2285.00	0.00	669768	594872	0.23	8551.50	0.00	0.00	0	perf_experiment
07:49:23 PM	1006	217638	97.00	3.00	0.00	0.00	100.00	22	2216.00	0.00	669768	594912	0.23	8557.00	0.00	0.00	0	perf_experiment
07:49:24 PM	1006	217638	97.00	3.00	0.00	0.00	100.00	22	2185.00	0.00	669768	594952	0.23	8567.50	0.00	0.00	0	perf_experiment
07:49:25 PM	1006	217638	98.00	2.00	0.00	0.00	100.00	22	2042.00	0.00	669904	595040	0.23	8583.00	0.00	0.00	0	perf_experiment
07:49:26 PM	1006	217638	98.00	2.00	0.00	0.00	100.00	22	2042.00	0.00	669904	595080	0.23	8588.50	0.00	0.00	0	perf_experiment
07:49:27 PM	1006	217638	98.00	2.00	0.00	0.00	100.00	22	1828.00	0.00	669904	595112	0.23	8566.50	0.00	0.00	0	perf_experiment
07:49:28 PM	1006	217638	97.00	3.00	0.00	0.00	100.00	22	1810.00	0.00	670040	595192	0.23	8606.50	0.00	0.00	0	perf_experiment
07:49:29 PM	1006	217638	98.00	2.00	0.00	0.00	100.00	22	1729.00	0.00	670040	595224	0.23	8544.50	0.00	0.00	0	perf_experiment
07:49:30 PM	1006	217638	98.00	2.00	0.00	0.00	100.00	22	1659.00	0.00	670176	595296	0.23	8574.50	0.00	0.00	0	perf_experiment
07:49:31 PM	1006	217638	99.00	1.00	0.00	0.00	100.00	22	1585.00	0.00	670176	595356	0.23	8548.00	0.00	0.00	0	perf_experiment
07:49:32 PM	1006	217638	96.00	4.00	0.00	0.00	100.00	22	1526.00	0.00	670308	595404	0.23	8569.50	0.00	0.00	0	perf_experiment
07:49:33 PM	1006	217638	98.00	2.00	0.00	0.00	100.00	22	1489.00	0.00	670308	595452	0.23	8577.50	0.00	0.00	0	perf_experiment
07:49:34 PM	1006	217638	99.00	1.00	0.00	0.00	100.00	54	1421.00	0.00	670308	595508	0.23	8529.50	0.00	0.00	0	perf_experiment
07:49:35 PM	1006	217638	97.00	3.00	0.00	0.00	100.00	54	1358.00	0.00	670308	595532	0.23	8581.00	0.00	0.00	0	perf_experiment
07:49:36 PM	1006	217638	98.00	2.00	0.00	0.00	100.00	54	1251.00	0.00	670444	595612	0.23	8582.00	0.00	0.00	0	perf_experiment
07:49:37 PM	1006	217638	98.00	2.00	0.00	0.00	100.00	54	1295.00	0.00	670444	595636	0.23	8541.50	0.00	0.00	0	perf_experiment
07:49:38 PM	1006	217638	98.00	2.00	0.00	0.00	100.00	54	1224.00	0.00	670572	595700	0.23	8497.50	0.00	0.00	0	perf_experiment
07:49:39 PM	1006	217638	98.00	2.00	0.00	0.00	100.00	54	1166.00	0.00	670572	595760	0.23	8497.00	0.00	0.00	0	perf_experiment
07:49:40 PM	1006	217638	98.00	2.00	0.00	0.00	100.00	54	1120.00	0.00	670704	595804	0.23	8561.50	0.00	0.00	0	perf_experiment
07:49:41 PM	1006	217638	99.00	1.00	0.00	0.00	100.00	54	1016.00	0.00	670704	595876	0.23	8556.00	0.00	0.00	0	perf_experiment
07:49:42 PM	1006	217638	96.00	4.00	0.00	0.00	100.00	54	1008.00	0.00	670704	595916	0.23	8511.50	0.00	0.00	0	perf_experiment
07:49:43 PM	1006	217638	98.00	1.00	0.00	0.00	99.00	54	924.00	0.00	670828	595956	0.23	8534.00	0.00	0.00	0	perf_experiment
07:49:44 PM	1006	217638	98.00	2.00	0.00	0.00	100.00	54	945.00	0.00	670828	596028	0.23	8529.00	0.00	0.00	0	perf_experiment
07:49:45 PM	1006	217638	100.00	1.00	0.00	0.00	101.00	54	922.00	0.00	670964	596116	0.23	8540.50	0.00	0.00	0	perf_experiment
07:49:46 PM	1006	217638	98.00	2.00	0.00	0.00	100.00	54	801.00	0.00	670964	596116	0.23	8549.00	0.00	0.00	0	perf_experiment
07:49:47 PM	1006	217638	98.00	1.00	0.00	0.00	99.00	54	821.00	0.00	670964	596164	0.23	8564.00	0.00	0.00	0	perf_experiment
07:49:48 PM	1006	217638	98.00	2.00	0.00	0.00	100.00	54	830.00	0.00	671100	596212	0.23	8576.00	0.00	0.00	0	perf_experiment
07:49:49 PM	1006	217638	97.00	4.00	0.00	0.00	101.00	54	726.00	0.00	671100	596276	0.23	8563.50	0.00	0.00	0	perf_experiment
07:49:50 PM	1006	217638	97.00	3.00	0.00	0.00	100.00	54	746.00	0.00	671100	596324	0.23	8574.00	0.00	0.00	0	perf_experiment
07:49:51 PM	1006	217638	98.00	2.00	0.00	0.00	100.00	54	729.00	0.00	671236	596388	0.23	8536.50	0.00	0.00	0	perf_experiment
07:49:52 PM	1006	217638	97.00	3.00	0.00	0.00	100.00	54	692.00	0.00	671348	596476	0.23	8554.00	0.00	0.00	0	perf_experiment
07:49:53 PM	1006	217638	97.00	3.00	0.00	0.00	100.00	54	615.00	0.00	671348	596500	0.23	8523.50	0.00	0.00	0	perf_experiment
07:49:54 PM	1006	217638	98.00	1.00	0.00	0.00	99.00	54	619.00	0.00	671348	596532	0.23	8566.50	0.00	0.00	0	perf_experiment
07:49:55 PM	1006	217638	99.00	2.00	0.00	0.00	101.00	54	646.00	0.00	671476	596580	0.23	8559.00	0.00	0.00	0	perf_experiment
07:49:56 PM	1006	217638	97.00	2.00	0.00	0.00	99.00	54	585.00	0.00	671476	596644	0.23	8542.50	0.00	0.00	0	perf_experiment
07:49:57 PM	1006	217638	99.00	2.00	0.00	0.00	101.00	54	552.00	0.00	671476	596688	0.23	8545.00	0.00	0.00	0	perf_experiment
07:49:58 PM	1006	217638	94.06	4.95	0.00	0.00	99.01	54	520.79	0.00	671608	596772	0.23	8480.20	0.00	0.00	0	perf_experiment
07:49:59 PM	1006	217638	98.00	2.00	0.00	0.00	100.00	54	9547.00	0.00	671608	596780	0.23	8460.00	0.00	0.00	0	perf_experiment
07:50:00 PM	1006	217638	97.00	2.00	0.00	0.00	99.00	54	2940.00	0.00	671740	596852	0.23	8503.50	0.00	0.00	0	perf_experiment
07:50:01 PM	1006	217638	97.00	4.00	0.00	0.00	101.00	54	1497.00	0.00	671740	596900	0.23	8543.50	0.00	0.00	0	perf_experiment
07:50:02 PM	1006	217638	98.00	1.00	0.00	0.00	99.00	54	1338.00	0.00	671740	596940	0.23	8533.00	0.00	0.00	0	perf_experiment
07:50:03 PM	1006	217638	99.00	1.00	0.00	0.00	100.00	54	1292.00	0.00	671876	597020	0.23	8553.50	0.00	0.00	0	perf_experiment
07:50:04 PM	1006	217638	100.00	1.00	0.00	0.00	101.00	54	1156.00	0.00	671876	597060	0.23	8519.50	0.00	0.00	0	perf_experiment
07:50:05 PM	1006	217638	97.00	2.00	0.00	0.00	99.00	54	1148.00	0.00	671876	597092	0.23	8568.00	0.00	0.00	0	perf_experiment
07:50:06 PM	1006	217638	97.00	4.00	0.00	0.00	101.00	54	1087.00	0.00	672008	597176	0.23	8556.00	0.00	0.00	0	perf_experiment
07:50:07 PM	1006	217638	95.00	5.00	0.00	0.00	100.00	54	1101.00	0.00	672008	597216	0.23	8521.50	0.00	0.00	0	perf_experiment
07:50:08 PM	1006	217638	97.00	3.00	0.00	0.00	100.00	54	982.00	0.00	672140	597316	0.23	8544.00	0.00	0.00	0	perf_experiment
07:50:09 PM	1006	217638	98.00	2.00	0.00	0.00	100.00	54	937.00	0.00	672140	597316	0.23	8522.50	0.00	0.00	0	perf_experiment
07:50:10 PM	1006	217638	98.00	2.00	0.00	0.00	100.00	54	924.00	0.00	672268	597372	0.23	8539.00	0.00	0.00	0	perf_experiment
07:50:11 PM	1006	217638	99.00	1.00	0.00	0.00	100.00	54	918.00	0.00	672268	597440	0.23	8564.00	0.00	0.00	0	perf_experiment
07:50:12 PM	1006	217638	98.00	2.00	0.00	0.00	100.00	54	809.00	0.00	672268	597476	0.23	8534.50	0.00	0.00	0	perf_experiment
07:50:13 PM	1006	217638	97.00	3.00	0.00	0.00	100.00	54	857.00	0.00	672404	597576	0.23	8539.50	0.00	0.00	0	perf_experiment
07:50:14 PM	1006	217638	98.00	2.00	0.00	0.00	100.00	54	815.00	0.00	672404	597576	0.23	8525.50	0.00	0.00	0	perf_experiment
07:50:15 PM	1006	217638	98.00	2.00	0.00	0.00	100.00	54	749.00	0.00	672404	597616	0.23	8570.50	0.00	0.00	0	perf_experiment
07:50:16 PM	1006	217638	99.00	1.00	0.00	0.00	100.00	54	714.00	0.00	672536	597712	0.23	8546.00	0.00	0.00	0	perf_experiment
07:50:17 PM	1006	217638	97.00	3.00	0.00	0.00	100.00	54	651.00	0.00	672536	597712	0.23	8550.50	0.00	0.00	0	perf_experiment
07:50:18 PM	1006	217638	98.00	2.00	0.00	0.00	100.00	54	678.00	0.00	672664	597800	0.23	8553.50	0.00	0.00	0	perf_experiment
07:50:19 PM	1006	217638	96.00	4.00	0.00	0.00	100.00	54	1211.00	0.00	672664	597840	0.23	8526.00	0.00	0.00	0	perf_experiment
07:50:20 PM	1006	217638	97.00	3.00	0.00	0.00	100.00	54	2546.00	0.00	672664	597888	0.23	8520.00	0.00	0.00	0	perf_experiment
07:50:21 PM	1006	217638	96.00	3.00	0.00	0.00	99.00	54	2397.00	0.00	672800	597960	0.23	8511.00	0.00	0.00	0	perf_experiment
07:50:22 PM	1006	217638	98.00	3.00	0.00	0.00	101.00	54	2338.00	0.00	672800	597992	0.23	8511.50	0.00	0.00	0	perf_experiment
07:50:23 PM	1006	217638	99.00	1.00	0.00	0.00	100.00	54	2229.00	0.00	672936	598052	0.23	8540.50	0.00	0.00	0	perf_experiment
07:50:24 PM	1006	217638	97.00	3.00	0.00	0.00	100.00	54	2156.00	0.00	672936	598084	0.23	8548.00	0.00	0.00	0	perf_experiment
07:50:25 PM	1006	217638	97.00	3.00	0.00	0.00	100.00	54	2002.00	0.00	672936	598140	0.23	8559.00	0.00	0.00	0	perf_experiment
07:50:26 PM	1006	217638	99.00	1.00	0.00	0.00	100.00	54	1899.00	0.00	673068	598220	0.23	8558.50	0.00	0.00	0	perf_experiment
07:50:27 PM	1006	217638	99.00	1.00	0.00	0.00	100.00	54	1889.00	0.00	673068	598268	0.23	8593.50	0.00	0.00	0	perf_experiment
07:50:28 PM	1006	217638	98.00	2.00	0.00	0.00	100.00	54	1779.00	0.00	673204	598364	0.23	8531.00	0.00	0.00	0	perf_experiment
07:50:29 PM	1006	217638	99.00	1.00	0.00	0.00	100.00	54	1828.00	0.00	673204	598388	0.23	8490.00	0.00	0.00	0	perf_experiment
07:50:30 PM	1006	217638	96.00	3.00	0.00	0.00	99.00	54	1613.00	0.00	673204	598388	0.23	8532.50	0.00	0.00	0	perf_experiment
07:50:31 PM	1006	217638	97.00	4.00	0.00	1.00	101.00	54	1629.00	0.00	673340	598500	0.23	8548.00	0.00	0.00	0	perf_experiment
07:50:32 PM	1006	217638	97.00	2.00	0.00	0.00	99.00	54	1575.00	0.00	673340	598524	0.23	8528.50	0.00	0.00	0	perf_experiment
07:50:33 PM	1006	217638	99.00	2.00	0.00	0.00	101.00	54	1505.00	0.00	673340	598564	0.23	8525.50	0.00	0.00	0	perf_experiment
07:50:34 PM	1006	217638	98.00	2.00	0.00	0.00	100.00	54	1404.00	0.00	673476	598644	0.23	8541.50	0.00	0.00	0	perf_experiment
07:50:35 PM	1006	217638	98.00	2.00	0.00	0.00	100.00	54	1420.00	0.00	673476	598676	0.23	8554.00	0.00	0.00	0	perf_experiment
07:50:36 PM	1006	217638	97.00	3.00	0.00	0.00	100.00	54	1395.00	0.00	673612	598748	0.23	8520.00	0.00	0.00	0	perf_experiment
07:50:37 PM	1006	217638	98.00	1.00	0.00	0.00	99.00	54	1247.00	0.00	673612	598776	0.23	8544.50	0.00	0.00	0	perf_experiment
07:50:38 PM	1006	217638	97.00	4.00	0.00	0.00	101.00	54	1179.00	0.00	673612	598808	0.23	8547.50	0.00	0.00	0	perf_experiment
07:50:39 PM	1006	217638	99.00	1.00	0.00	0.00	100.00	54	1213.00	0.00	673744	598880	0.23	8548.50	0.00	0.00	0	perf_experiment
07:50:40 PM	1006	217638	96.00	3.00	0.00	0.00	99.00	54	1175.00	0.00	673744	598952	0.23	8550.00	0.00	0.00	0	perf_experiment
07:50:41 PM	1006	217638	98.00	3.00	0.00	0.00	101.00	54	1067.00	0.00	673864	598992	0.23	8564.00	0.00	0.00	0	perf_experiment
07:50:42 PM	1006	217638	98.00	1.00	0.00	0.00	99.00	54	993.00	0.00	673864	599040	0.23	8564.00	0.00	0.00	0	perf_experiment
07:50:43 PM	1006	217638	97.00	3.00	0.00	0.00	100.00	54	927.00	0.00	673864	599080	0.23	8517.00	0.00	0.00	0	perf_experiment
07:50:44 PM	1006	217638	96.00	4.00	0.00	0.00	100.00	54	937.00	0.00	674000	599144	0.23	8568.00	0.00	0.00	0	perf_experiment
07:50:45 PM	1006	217638	95.00	5.00	0.00	0.00	100.00	54	864.00	0.00	674000	599176	0.23	8542.50	0.00	0.00	0	perf_experiment
07:50:46 PM	1006	217638	97.00	3.00	0.00	0.00	100.00	54	855.00	0.00	674136	599264	0.23	8562.00	0.00	0.00	0	perf_experiment
07:50:47 PM	1006	217638	99.00	2.00	0.00	0.00	101.00	54	832.00	0.00	674136	599308	0.23	8543.50	0.00	0.00	0	perf_experiment
07:50:48 PM	1006	217638	96.00	3.00	0.00	0.00	99.00	54	786.00	0.00	674136	599352	0.23	8529.00	0.00	0.00	0	perf_experiment
07:50:49 PM	1006	217638	98.00	3.00	0.00	0.00	101.00	54	756.00	0.00	674272	599424	0.23	8564.50	0.00	0.00	0	perf_experiment
07:50:50 PM	1006	217638	97.00	3.00	0.00	0.00	100.00	54	756.00	0.00	674272	599448	0.23	8553.00	0.00	0.00	0	perf_experiment
07:50:51 PM	1006	217638	97.00	2.00	0.00	0.00	99.00	54	725.00	0.00	674272	599488	0.23	8552.00	0.00	0.00	0	perf_experiment
07:50:52 PM	1006	217638	99.00	2.00	0.00	0.00	101.00	54	682.00	0.00	674400	599576	0.23	8559.50	0.00	0.00	0	perf_experiment
07:50:53 PM	1006	217638	98.00	2.00	0.00	0.00	100.00	54	628.00	0.00	674400	599600	0.23	8548.50	0.00	0.00	0	perf_experiment
07:50:54 PM	1006	217638	98.00	2.00	0.00	0.00	100.00	54	598.00	0.00	674536	599680	0.23	8501.50	0.00	0.00	0	perf_experiment
07:50:55 PM	1006	217638	98.00	2.00	0.00	0.00	100.00	54	605.00	0.00	674536	599704	0.23	8522.00	0.00	0.00	0	perf_experiment
07:50:56 PM	1006	217638	99.00	1.00	0.00	0.00	100.00	54	606.00	0.00	674664	599768	0.23	8560.00	0.00	0.00	0	perf_experiment
07:50:57 PM	1006	217638	97.00	3.00	0.00	0.00	100.00	54	582.00	0.00	674664	599840	0.23	8520.00	0.00	0.00	0	perf_experiment
07:50:58 PM	1006	217638	98.00	2.00	0.00	0.00	100.00	54	515.00	0.00	674664	599872	0.23	8581.50	0.00	0.00	0	perf_experiment
07:50:59 PM	1006	217638	96.00	4.00	0.00	0.00	100.00	54	9453.00	0.00	674792	599952	0.23	8468.00	0.00	0.00	0	perf_experiment
07:51:00 PM	1006	217638	96.00	4.00	0.00	0.00	100.00	54	3034.00	0.00	674792	599984	0.23	8562.50	0.00	0.00	0	perf_experiment
07:51:01 PM	1006	217638	96.00	4.00	0.00	0.00	100.00	54	1497.00	0.00	674920	600080	0.23	8579.50	0.00	0.00	0	perf_experiment
07:51:02 PM	1006	217638	98.00	2.00	0.00	0.00	100.00	54	1348.00	0.00	674920	600112	0.23	8562.50	0.00	0.00	0	perf_experiment
07:51:03 PM	1006	217638	99.00	1.00	0.00	0.00	100.00	54	1256.00	0.00	674920	600112	0.23	8561.50	0.00	0.00	0	perf_experiment
07:51:04 PM	1006	217638	96.00	4.00	0.00	0.00	100.00	54	1217.00	0.00	675056	600200	0.23	8520.00	0.00	0.00	0	perf_experiment
07:51:05 PM	1006	217638	98.00	2.00	0.00	0.00	100.00	54	1086.00	0.00	675056	600224	0.23	8542.50	0.00	0.00	0	perf_experiment
07:51:06 PM	1006	217638	97.00	3.00	0.00	0.00	100.00	54	1186.00	0.00	675184	600312	0.23	8564.50	0.00	0.00	0	perf_experiment
07:51:07 PM	1006	217638	98.00	2.00	0.00	0.00	100.00	54	1099.00	0.00	675184	600360	0.23	8579.50	0.00	0.00	0	perf_experiment
07:51:08 PM	1006	217638	96.00	4.00	0.00	0.00	100.00	54	941.00	0.00	675184	600400	0.23	8575.50	0.00	0.00	0	perf_experiment
07:51:09 PM	1006	217638	98.00	2.00	0.00	0.00	100.00	54	938.00	0.00	675312	600464	0.23	8551.00	0.00	0.00	0	perf_experiment
07:51:10 PM	1006	217638	97.00	2.00	0.00	0.00	99.00	54	935.00	0.00	675312	600492	0.23	8522.50	0.00	0.00	0	perf_experiment
07:51:11 PM	1006	217638	99.00	2.00	0.00	0.00	101.00	54	915.00	0.00	675312	600532	0.23	8544.00	0.00	0.00	0	perf_experiment
07:51:12 PM	1006	217638	98.00	2.00	0.00	0.00	100.00	54	894.00	0.00	675444	600612	0.23	8532.00	0.00	0.00	0	perf_experiment
07:51:13 PM	1006	217638	99.00	1.00	0.00	0.00	100.00	54	809.00	0.00	675444	600652	0.23	8542.50	0.00	0.00	0	perf_experiment
07:51:14 PM	1006	217638	98.00	2.00	0.00	0.00	100.00	54	819.00	0.00	675580	600700	0.23	8552.50	0.00	0.00	0	perf_experiment
07:51:15 PM	1006	217638	98.00	2.00	0.00	0.00	100.00	54	768.00	0.00	675580	600760	0.23	8581.50	0.00	0.00	0	perf_experiment
07:51:16 PM	1006	217638	98.00	2.00	0.00	0.00	100.00	54	705.00	0.00	675704	600848	0.23	8570.50	0.00	0.00	0	perf_experiment
07:51:17 PM	1006	217638	98.00	2.00	0.00	0.00	100.00	54	715.00	0.00	675704	600900	0.23	8580.00	0.00	0.00	0	perf_experiment
07:51:18 PM	1006	217638	98.00	2.00	0.00	0.00	100.00	54	641.00	0.00	675704	600900	0.23	8540.50	0.00	0.00	0	perf_experiment
07:51:19 PM	1006	217638	97.00	3.00	0.00	0.00	100.00	54	1141.00	0.00	675828	600988	0.23	8521.50	0.00	0.00	0	perf_experiment
07:51:20 PM	1006	217638	98.00	2.00	0.00	0.00	100.00	54	2439.00	0.00	675828	601004	0.23	8569.50	0.00	0.00	0	perf_experiment
07:51:21 PM	1006	217638	98.00	2.00	0.00	0.00	100.00	54	2439.00	0.00	675956	601100	0.23	8555.50	0.00	0.00	0	perf_experiment
07:51:22 PM	1006	217638	98.00	2.00	0.00	0.00	100.00	54	2309.00	0.00	675956	601132	0.23	8561.00	0.00	0.00	0	perf_experiment
07:51:23 PM	1006	217638	96.00	4.00	0.00	0.00	100.00	54	2214.00	0.00	675956	601180	0.23	8548.00	0.00	0.00	0	perf_experiment
07:51:24 PM	1006	217638	99.00	0.00	0.00	0.00	99.00	54	2183.00	0.00	676092	601228	0.23	8555.00	0.00	0.00	0	perf_experiment
07:51:25 PM	1006	217638	97.00	4.00	0.00	0.00	101.00	54	2202.00	0.00	676092	601300	0.23	8534.00	0.00	0.00	0	perf_experiment
07:51:26 PM	1006	217638	99.00	0.00	0.00	0.00	99.00	54	1939.00	0.00	676228	601348	0.23	8521.50	0.00	0.00	0	perf_experiment
07:51:27 PM	1006	217638	97.00	4.00	0.00	0.00	101.00	54	1899.00	0.00	676228	601404	0.23	8521.00	0.00	0.00	0	perf_experiment
07:51:28 PM	1006	217638	98.00	2.00	0.00	0.00	100.00	54	1919.00	0.00	676228	601444	0.23	8528.50	0.00	0.00	0	perf_experiment
07:51:29 PM	1006	217638	96.00	4.00	0.00	0.00	100.00	54	1737.00	0.00	676356	601536	0.23	8535.50	0.00	0.00	0	perf_experiment
07:51:30 PM	1006	217638	97.00	3.00	0.00	0.00	100.00	54	1643.00	0.00	676356	601536	0.23	8522.50	0.00	0.00	0	perf_experiment
07:51:31 PM	1006	217638	95.00	5.00	0.00	0.00	100.00	54	1583.00	0.00	676492	601572	0.23	8569.00	0.00	0.00	0	perf_experiment
07:51:32 PM	1006	217638	98.00	2.00	0.00	0.00	100.00	54	1569.00	0.00	676492	601668	0.23	8545.00	0.00	0.00	0	perf_experiment
07:51:33 PM	1006	217638	98.00	2.00	0.00	0.00	100.00	54	1489.00	0.00	676628	601740	0.23	8518.50	0.00	0.00	0	perf_experiment
07:51:34 PM	1006	217638	98.00	2.00	0.00	0.00	100.00	54	1432.00	0.00	676628	601796	0.23	8541.00	0.00	0.00	0	perf_experiment
07:51:35 PM	1006	217638	98.00	2.00	0.00	0.00	100.00	54	1323.00	0.00	676628	601796	0.23	8542.00	0.00	0.00	0	perf_experiment
07:51:36 PM	1006	217638	98.00	2.00	0.00	0.00	100.00	54	1313.00	0.00	676628	601836	0.23	8531.50	0.00	0.00	0	perf_experiment
07:51:37 PM	1006	217638	99.00	1.00	0.00	0.00	100.00	54	1224.00	0.00	676764	601924	0.23	8543.50	0.00	0.00	0	perf_experiment
07:51:38 PM	1006	217638	98.00	2.00	0.00	0.00	100.00	54	1175.00	0.00	676764	601956	0.23	8537.00	0.00	0.00	0	perf_experiment
07:51:39 PM	1006	217638	98.00	2.00	0.00	0.00	100.00	54	1198.00	0.00	676900	602052	0.23	8535.50	0.00	0.00	0	perf_experiment
07:51:40 PM	1006	217638	98.00	2.00	0.00	0.00	100.00	54	1113.00	0.00	676900	602108	0.23	8538.00	0.00	0.00	0	perf_experiment
07:51:41 PM	1006	217638	95.00	5.00	0.00	0.00	100.00	54	1036.00	0.00	676900	602108	0.23	8502.00	0.00	0.00	0	perf_experiment
07:51:42 PM	1006	217638	99.00	1.00	0.00	0.00	100.00	54	1016.00	0.00	677036	602188	0.23	8580.00	0.00	0.00	0	perf_experiment
07:51:43 PM	1006	217638	99.00	1.00	0.00	0.00	100.00	54	909.00	0.00	677036	602220	0.23	8533.00	0.00	0.00	0	perf_experiment
07:51:44 PM	1006	217638	97.00	3.00	0.00	0.00	100.00	54	911.00	0.00	677036	602260	0.23	8565.00	0.00	0.00	0	perf_experiment
07:51:45 PM	1006	217638	98.00	2.00	0.00	0.00	100.00	54	894.00	0.00	677172	602360	0.23	8509.00	0.00	0.00	0	perf_experiment
07:51:46 PM	1006	217638	96.00	4.00	0.00	0.00	100.00	54	837.00	0.00	677172	602376	0.23	8501.00	0.00	0.00	0	perf_experiment
07:51:47 PM	1006	217638	99.00	1.00	0.00	0.00	100.00	54	853.00	0.00	677304	602468	0.23	8498.50	0.00	0.00	0	perf_experiment
07:51:48 PM	1006	217638	96.00	4.00	0.00	0.00	100.00	54	786.00	0.00	677304	602488	0.23	8528.00	0.00	0.00	0	perf_experiment
07:51:49 PM	1006	217638	98.00	2.00	0.00	0.00	100.00	54	815.00	0.00	677304	602520	0.23	8559.50	0.00	0.00	0	perf_experiment
07:51:50 PM	1006	217638	99.00	1.00	0.00	0.00	100.00	54	766.00	0.00	677440	602632	0.23	8576.00	0.00	0.00	0	perf_experiment
07:51:51 PM	1006	217638	96.00	3.00	0.00	0.00	99.00	54	689.00	0.00	677440	602640	0.23	8533.00	0.00	0.00	0	perf_experiment
07:51:52 PM	1006	217638	100.00	1.00	0.00	0.00	101.00	54	659.00	0.00	677576	602696	0.23	8539.00	0.00	0.00	0	perf_experiment
07:51:53 PM	1006	217638	98.02	0.99	0.00	0.00	99.01	54	616.83	0.00	677576	602768	0.23	8438.12	0.00	0.00	0	perf_experiment
07:51:54 PM	1006	217638	97.00	2.00	0.00	0.00	99.00	54	658.00	0.00	677576	602792	0.23	8529.00	0.00	0.00	0	perf_experiment
07:51:55 PM	1006	217638	98.00	3.00	0.00	0.00	101.00	54	581.00	0.00	677712	602864	0.23	8561.50	0.00	0.00	0	perf_experiment
07:51:56 PM	1006	217638	98.00	2.00	0.00	0.00	100.00	54	561.00	0.00	677712	602896	0.23	8545.50	0.00	0.00	0	perf_experiment
07:51:57 PM	1006	217638	98.00	1.00	0.00	0.00	99.00	54	560.00	0.00	677848	602960	0.23	8560.00	0.00	0.00	0	perf_experiment
07:51:58 PM	1006	217638	98.00	3.00	0.00	0.00	101.00	54	503.00	0.00	677848	603024	0.23	8592.50	0.00	0.00	0	perf_experiment
07:51:59 PM	1006	217638	97.00	3.00	0.00	0.00	100.00	54	9203.00	0.00	677848	603072	0.23	8480.50	0.00	0.00	0	perf_experiment
07:52:00 PM	1006	217638	97.00	2.00	0.00	0.00	99.00	54	3233.00	0.00	677984	603108	0.23	8510.00	0.00	0.00	0	perf_experiment
07:52:01 PM	1006	217638	98.00	2.00	0.00	0.00	100.00	54	1504.00	0.00	677984	603172	0.23	8557.50	0.00	0.00	0	perf_experiment
07:52:02 PM	1006	217638	98.00	3.00	0.00	0.00	101.00	54	1374.00	0.00	677984	603196	0.23	8540.50	0.00	0.00	0	perf_experiment
07:52:03 PM	1006	217638	97.00	3.00	0.00	0.00	100.00	54	1258.00	0.00	678116	603260	0.23	8547.50	0.00	0.00	0	perf_experiment
07:52:04 PM	1006	217638	97.00	2.00	0.00	0.00	99.00	54	1289.00	0.00	678116	603332	0.23	8564.00	0.00	0.00	0	perf_experiment
07:52:05 PM	1006	217638	96.00	4.00	0.00	0.00	100.00	54	1136.00	0.00	678244	603380	0.23	8554.50	0.00	0.00	0	perf_experiment
07:52:06 PM	1006	217638	98.00	3.00	0.00	0.00	101.00	54	1064.00	0.00	678244	603428	0.23	8543.50	0.00	0.00	0	perf_experiment
07:52:07 PM	1006	217638	95.00	5.00	0.00	0.00	100.00	54	1012.00	0.00	678244	603468	0.23	8575.00	0.00	0.00	0	perf_experiment
07:52:08 PM	1006	217638	99.00	1.00	0.00	0.00	100.00	54	975.00	0.00	678380	603556	0.23	8553.50	0.00	0.00	0	perf_experiment
07:52:09 PM	1006	217638	98.00	1.00	0.00	0.00	99.00	54	868.00	0.00	678380	603556	0.23	8550.00	0.00	0.00	0	perf_experiment
07:52:10 PM	1006	217638	98.00	2.00	0.00	0.00	100.00	54	981.00	0.00	678492	603636	0.23	8532.50	0.00	0.00	0	perf_experiment
07:52:11 PM	1006	217638	98.00	2.00	0.00	0.00	100.00	54	911.00	0.00	678492	603668	0.23	8537.50	0.00	0.00	0	perf_experiment
07:52:12 PM	1006	217638	99.00	2.00	0.00	0.00	101.00	54	842.00	0.00	678628	603724	0.23	8563.00	0.00	0.00	0	perf_experiment
07:52:13 PM	1006	217638	96.00	3.00	0.00	0.00	99.00	54	766.00	0.00	678628	603788	0.23	8574.50	0.00	0.00	0	perf_experiment
07:52:14 PM	1006	217638	98.00	3.00	0.00	0.00	101.00	54	766.00	0.00	678628	603820	0.23	8534.50	0.00	0.00	0	perf_experiment
07:52:15 PM	1006	217638	98.00	2.00	0.00	0.00	100.00	54	708.00	0.00	678764	603892	0.23	8554.50	0.00	0.00	0	perf_experiment
07:52:16 PM	1006	217638	97.00	3.00	0.00	0.00	100.00	54	653.00	0.00	678764	603964	0.23	8551.00	0.00	0.00	0	perf_experiment
07:52:17 PM	1006	217638	98.00	1.00	0.00	0.00	99.00	54	693.00	0.00	678888	604008	0.23	8553.50	0.00	0.00	0	perf_experiment
07:52:18 PM	1006	217638	99.00	2.00	0.00	0.00	101.00	54	647.00	0.00	678888	604052	0.23	8507.00	0.00	0.00	0	perf_experiment
07:52:19 PM	1006	217638	98.00	2.00	0.00	0.00	100.00	54	1127.00	0.00	679004	604140	0.23	8505.50	0.00	0.00	0	perf_experiment
07:52:20 PM	1006	217638	99.00	1.00	0.00	0.00	100.00	54	2518.00	0.00	679004	604192	0.23	8526.00	0.00	0.00	0	perf_experiment
07:52:21 PM	1006	217638	98.00	1.00	0.00	0.00	99.00	54	2418.00	0.00	679004	604216	0.23	8523.00	0.00	0.00	0	perf_experiment
07:52:22 PM	1006	217638	96.00	4.00	0.00	0.00	100.00	54	2338.00	0.00	679136	604272	0.23	8538.50	0.00	0.00	0	perf_experiment
07:52:23 PM	1006	217638	97.00	4.00	0.00	0.00	101.00	54	2322.00	0.00	679136	604320	0.23	8537.00	0.00	0.00	0	perf_experiment
07:52:24 PM	1006	217638	96.00	4.00	0.00	0.00	100.00	54	2081.00	0.00	679136	604360	0.23	8533.00	0.00	0.00	0	perf_experiment
07:52:25 PM	1006	217638	94.00	6.00	0.00	0.00	100.00	54	2100.00	0.00	679272	604424	0.23	8501.50	0.00	0.00	0	perf_experiment
07:52:26 PM	1006	217638	98.00	2.00	0.00	0.00	100.00	54	1977.00	0.00	679272	604448	0.23	8532.50	0.00	0.00	0	perf_experiment
07:52:27 PM	1006	217638	97.00	3.00	0.00	0.00	100.00	54	1887.00	0.00	679408	604528	0.23	8495.50	0.00	0.00	0	perf_experiment
07:52:28 PM	1006	217638	98.00	2.00	0.00	0.00	100.00	54	1833.00	0.00	679408	604584	0.23	8541.00	0.00	0.00	0	perf_experiment
07:52:29 PM	1006	217638	99.00	1.00	0.00	0.00	100.00	54	1740.00	0.00	679408	604616	0.23	8543.50	0.00	0.00	0	perf_experiment
07:52:30 PM	1006	217638	96.00	4.00	0.00	0.00	100.00	54	1673.00	0.00	679544	604688	0.23	8561.00	0.00	0.00	0	perf_experiment
07:52:31 PM	1006	217638	97.00	3.00	0.00	0.00	100.00	54	1615.00	0.00	679544	604720	0.23	8549.00	0.00	0.00	0	perf_experiment
07:52:32 PM	1006	217638	98.00	2.00	0.00	0.00	100.00	54	1548.00	0.00	679544	604768	0.23	8507.50	0.00	0.00	0	perf_experiment
07:52:33 PM	1006	217638	99.00	1.00	0.00	0.00	100.00	54	1505.00	0.00	679680	604832	0.23	8562.50	0.00	0.00	0	perf_experiment
07:52:34 PM	1006	217638	97.00	3.00	0.00	0.00	100.00	54	1333.00	0.00	679680	604880	0.23	8542.00	0.00	0.00	0	perf_experiment
07:52:35 PM	1006	217638	96.00	3.00	0.00	0.00	99.00	54	1337.00	0.00	679816	604936	0.23	8568.50	0.00	0.00	0	perf_experiment
07:52:36 PM	1006	217638	96.00	4.00	0.00	0.00	100.00	54	1285.00	0.00	679816	604996	0.23	8542.50	0.00	0.00	0	perf_experiment
07:52:37 PM	1006	217638	96.00	4.00	0.00	0.00	100.00	54	1248.00	0.00	679816	605032	0.23	8504.50	0.00	0.00	0	perf_experiment
07:52:38 PM	1006	217638	98.00	3.00	0.00	0.00	101.00	54	1144.00	0.00	679952	605080	0.23	8576.50	0.00	0.00	0	perf_experiment
07:52:39 PM	1006	217638	97.00	3.00	0.00	0.00	100.00	54	1195.00	0.00	679952	605140	0.23	8521.00	0.00	0.00	0	perf_experiment
07:52:40 PM	1006	217638	98.00	2.00	0.00	0.00	100.00	54	1072.00	0.00	680076	605188	0.23	8509.00	0.00	0.00	0	perf_experiment
07:52:41 PM	1006	217638	97.00	2.00	0.00	0.00	99.00	54	1055.00	0.00	680076	605276	0.23	8581.50	0.00	0.00	0	perf_experiment
07:52:42 PM	1006	217638	98.00	2.00	0.00	0.00	100.00	54	1003.00	0.00	680076	605276	0.23	8546.50	0.00	0.00	0	perf_experiment
07:52:43 PM	1006	217638	99.00	2.00	0.00	1.00	101.00	54	939.00	0.00	680212	605356	0.23	8561.00	0.00	0.00	0	perf_experiment
07:52:44 PM	1006	217638	97.00	3.00	0.00	0.00	100.00	54	943.00	0.00	680212	605404	0.23	8536.50	0.00	0.00	0	perf_experiment
07:52:45 PM	1006	217638	96.00	3.00	0.00	0.00	99.00	54	940.00	0.00	680340	605444	0.23	8566.50	0.00	0.00	0	perf_experiment
07:52:46 PM	1006	217638	97.00	4.00	0.00	0.00	101.00	54	867.00	0.00	680340	605524	0.23	8567.50	0.00	0.00	0	perf_experiment
07:52:47 PM	1006	217638	98.00	2.00	0.00	0.00	100.00	54	868.00	0.00	680340	605556	0.23	8534.50	0.00	0.00	0	perf_experiment
07:52:48 PM	1006	217638	97.00	2.00	0.00	0.00	99.00	54	761.00	0.00	680476	605604	0.23	8533.50	0.00	0.00	0	perf_experiment
07:52:49 PM	1006	217638	98.00	2.00	0.00	0.00	100.00	54	774.00	0.00	680476	605668	0.23	8569.00	0.00	0.00	0	perf_experiment
07:52:50 PM	1006	217638	99.00	2.00	0.00	0.00	101.00	54	787.00	0.00	680596	605740	0.23	8543.00	0.00	0.00	0	perf_experiment
07:52:51 PM	1006	217638	97.00	2.00	0.00	0.00	99.00	54	719.00	0.00	680596	605764	0.23	8563.00	0.00	0.00	0	perf_experiment
07:52:52 PM	1006	217638	98.00	2.00	0.00	0.00	100.00	54	692.00	0.00	680716	605844	0.23	8516.50	0.00	0.00	0	perf_experiment
07:52:53 PM	1006	217638	98.00	2.00	0.00	0.00	100.00	54	630.00	0.00	680716	605900	0.23	8544.00	0.00	0.00	0	perf_experiment
07:52:54 PM	1006	217638	97.00	3.00	0.00	0.00	100.00	54	615.00	0.00	680716	605900	0.23	8536.50	0.00	0.00	0	perf_experiment
07:52:55 PM	1006	217638	100.00	1.00	0.00	0.00	101.00	54	594.00	0.00	680852	605996	0.23	8577.50	0.00	0.00	0	perf_experiment
07:52:56 PM	1006	217638	97.00	2.00	0.00	0.00	99.00	54	577.00	0.00	680852	606012	0.23	8527.50	0.00	0.00	0	perf_experiment
07:52:57 PM	1006	217638	97.00	3.00	0.00	0.00	100.00	54	557.00	0.00	680852	606068	0.23	8499.00	0.00	0.00	0	perf_experiment
07:52:58 PM	1006	217638	99.00	2.00	0.00	0.00	101.00	54	526.00	0.00	680988	606164	0.23	8554.50	0.00	0.00	0	perf_experiment
07:52:59 PM	1006	217638	96.00	4.00	0.00	0.00	100.00	54	8904.00	0.00	680988	606164	0.23	8499.50	0.00	0.00	0	perf_experiment
07:53:00 PM	1006	217638	97.00	2.00	0.00	0.00	99.00	54	3597.00	0.00	681124	606244	0.23	8532.50	0.00	0.00	0	perf_experiment
07:53:01 PM	1006	217638	99.00	2.00	0.00	0.00	101.00	54	1484.00	0.00	681124	606300	0.23	8543.00	0.00	0.00	0	perf_experiment
07:53:02 PM	1006	217638	99.00	1.00	0.00	0.00	100.00	54	1366.00	0.00	681124	606332	0.23	8488.00	0.00	0.00	0	perf_experiment
07:53:03 PM	1006	217638	97.00	2.00	0.00	0.00	99.00	54	1244.00	0.00	681260	606412	0.23	8542.00	0.00	0.00	0	perf_experiment
07:53:04 PM	1006	217638	99.00	2.00	0.00	0.00	101.00	54	1194.00	0.00	681260	606436	0.23	8566.00	0.00	0.00	0	perf_experiment
07:53:05 PM	1006	217638	98.00	1.00	0.00	0.00	99.00	54	1128.00	0.00	681260	606484	0.23	8540.00	0.00	0.00	0	perf_experiment
07:53:06 PM	1006	217638	97.00	3.00	0.00	0.00	100.00	54	1100.00	0.00	681396	606540	0.23	8532.50	0.00	0.00	0	perf_experiment
