Time	UID	PID	%usr	%system	%guest	%wait	%CPU	CPU	minflt/s	majflt/s	VSZ	RSS	%MEM	kB_rd/s	kB_wr/s	kB_ccwr/s	iodelay	Command
06:09:39 AM	1006	220281	65.00	34.00	0.00	0.00	99.00	38	145816.00	0.00	663192	588276	0.22	0.00	4.00	0.00	0	perf_experiment
06:09:40 AM	1006	220281	82.00	17.00	0.00	0.00	99.00	38	11938.00	0.00	670584	595756	0.23	0.00	0.00	0.00	0	perf_experiment
06:09:41 AM	1006	220281	90.00	11.00	0.00	0.00	101.00	38	31596.00	0.00	677844	602996	0.23	0.00	0.00	0.00	0	perf_experiment
06:09:42 AM	1006	220281	79.00	14.00	0.00	0.00	93.00	38	39460.00	0.00	684312	609340	0.23	0.00	98304.00	0.00	6	perf_experiment
06:09:43 AM	1006	220281	79.00	15.00	0.00	0.00	94.00	38	42507.00	0.00	690780	615712	0.23	0.00	98304.00	0.00	7	perf_experiment
06:09:44 AM	1006	220281	82.00	11.00	0.00	0.00	93.00	38	28467.00	0.00	697116	622296	0.24	0.00	98304.00	0.00	7	perf_experiment
06:09:45 AM	1006	220281	80.00	13.00	0.00	0.00	93.00	38	27383.00	0.00	703584	628732	0.24	0.00	98304.00	0.00	7	perf_experiment
06:09:46 AM	1006	220281	76.00	17.00	0.00	0.00	93.00	38	28263.00	0.00	709920	635076	0.24	0.00	98304.00	0.00	6	perf_experiment
06:09:47 AM	1006	220281	78.00	15.00	0.00	0.00	93.00	38	29219.00	0.00	716256	641220	0.24	0.00	98304.00	0.00	7	perf_experiment
06:09:48 AM	1006	220281	72.00	21.00	0.00	0.00	93.00	38	37830.00	0.00	722460	647620	0.25	0.00	98304.00	0.00	7	perf_experiment
06:09:49 AM	1006	220281	76.00	17.00	0.00	0.00	93.00	38	26468.00	0.00	728796	653880	0.25	0.00	98304.00	0.00	7	perf_experiment
06:09:50 AM	1006	220281	80.00	14.00	0.00	0.00	94.00	38	30219.00	0.00	735000	660116	0.25	0.00	98304.00	0.00	7	perf_experiment
06:09:51 AM	1006	220281	74.00	19.00	0.00	0.00	93.00	38	15977.00	0.00	741204	666308	0.25	0.00	98304.00	0.00	7	perf_experiment
06:09:52 AM	1006	220281	81.00	14.00	0.00	0.00	95.00	38	27240.00	0.00	745568	670496	0.25	3316.50	65536.00	0.00	4	perf_experiment
06:09:53 AM	1006	220281	93.00	5.00	0.00	0.00	98.00	38	8598.00	0.00	746876	671860	0.25	8762.50	32768.00	0.00	3	perf_experiment
06:09:54 AM	1006	220281	90.00	7.00	0.00	0.00	97.00	38	10205.00	0.00	749000	674200	0.26	7144.00	32768.00	0.00	2	perf_experiment
06:09:55 AM	1006	220281	90.00	8.00	0.00	0.00	98.00	38	15782.00	0.00	751256	676252	0.26	7249.00	32768.00	0.00	2	perf_experiment
06:09:56 AM	1006	220281	92.00	6.00	0.00	0.00	98.00	38	9207.00	0.00	752588	677708	0.26	8736.00	32768.00	0.00	2	perf_experiment
06:09:57 AM	1006	220281	90.00	8.00	0.00	0.00	98.00	38	11469.00	0.00	754708	679928	0.26	7288.00	32768.00	0.00	3	perf_experiment
06:09:58 AM	1006	220281	96.00	4.00	0.00	0.00	100.00	38	5629.00	0.00	756052	681260	0.26	9064.50	0.00	0.00	0	perf_experiment
06:09:59 AM	1006	220281	85.00	10.00	0.00	0.00	95.00	38	17357.00	0.00	758296	683440	0.26	6935.50	65536.00	0.00	4	perf_experiment
06:10:00 AM	1006	220281	90.00	8.00	0.00	0.00	98.00	38	13841.00	0.00	760428	685596	0.26	7121.00	32768.00	0.00	3	perf_experiment
06:10:01 AM	1006	220281	94.00	6.00	0.00	0.00	100.00	38	386.00	0.00	761888	686864	0.26	9093.00	0.00	0.00	0	perf_experiment
06:10:02 AM	1006	220281	88.00	10.00	0.00	0.00	98.00	38	10900.00	0.00	763988	689200	0.26	7192.50	32768.00	0.00	2	perf_experiment
06:10:03 AM	1006	220281	89.00	8.00	0.00	0.00	97.00	38	13617.00	0.00	765308	690496	0.26	8721.00	32768.00	0.00	2	perf_experiment
06:10:04 AM	1006	220281	87.00	10.00	0.00	0.00	97.00	38	13895.00	0.00	767016	692004	0.26	8164.00	32768.00	0.00	2	perf_experiment
06:10:05 AM	1006	220281	96.00	5.00	0.00	0.00	101.00	38	173.00	0.00	767548	692644	0.26	10312.00	0.00	0.00	0	perf_experiment
06:10:06 AM	1006	220281	96.00	3.00	0.00	0.00	99.00	38	178.00	0.00	768208	693196	0.26	10390.50	0.00	0.00	0	perf_experiment
06:10:07 AM	1006	220281	90.00	8.00	0.00	0.00	98.00	38	14024.00	0.00	769792	694896	0.26	8054.50	32768.00	0.00	3	perf_experiment
06:10:08 AM	1006	220281	96.00	4.00	0.00	0.00	100.00	38	163.00	0.00	770456	695540	0.26	10269.00	0.00	0.00	0	perf_experiment
06:10:09 AM	1006	220281	93.00	5.00	0.00	0.00	98.00	38	8365.00	0.00	770980	696032	0.26	9879.00	32768.00	0.00	3	perf_experiment
06:10:10 AM	1006	220281	95.00	5.00	0.00	0.00	100.00	38	157.00	0.00	771508	696504	0.26	10199.50	0.00	0.00	0	perf_experiment
06:10:11 AM	1006	220281	91.00	6.00	0.00	0.00	97.00	38	12475.00	0.00	773084	698204	0.26	8116.50	32768.00	0.00	2	perf_experiment
06:10:12 AM	1006	220281	97.00	4.00	0.00	0.00	101.00	38	175.00	0.00	773748	698732	0.26	10337.00	0.00	0.00	0	perf_experiment
06:10:13 AM	1006	220281	95.00	5.00	0.00	0.00	100.00	38	2268.00	0.00	774412	699532	0.27	10240.00	0.00	0.00	0	perf_experiment
06:10:14 AM	1006	220281	91.00	6.00	0.00	0.00	97.00	38	11793.00	0.00	775208	700392	0.27	9513.50	32768.00	0.00	3	perf_experiment
06:10:15 AM	1006	220281	99.00	1.00	0.00	0.00	100.00	38	1151.00	0.00	775340	700576	0.27	11011.00	0.00	0.00	0	perf_experiment
06:10:16 AM	1006	220281	98.00	2.00	0.00	0.00	100.00	38	1483.00	0.00	775608	700812	0.27	10860.50	0.00	0.00	0	perf_experiment
06:10:17 AM	1006	220281	96.00	4.00	0.00	0.00	100.00	38	1357.00	0.00	775864	701024	0.27	10849.50	0.00	0.00	0	perf_experiment
06:10:18 AM	1006	220281	99.00	1.00	0.00	0.00	100.00	38	1174.00	0.00	776000	701208	0.27	11216.00	0.00	0.00	0	perf_experiment
06:10:19 AM	1006	220281	98.00	2.00	0.00	0.00	100.00	38	1156.00	0.00	776260	701492	0.27	10818.00	0.00	0.00	0	perf_experiment
06:10:20 AM	1006	220281	98.00	2.00	0.00	0.00	100.00	38	1145.00	0.00	776532	701636	0.27	10963.50	0.00	0.00	0	perf_experiment
06:10:21 AM	1006	220281	97.00	3.00	0.00	0.00	100.00	38	1134.00	0.00	776656	701856	0.27	10891.50	0.00	0.00	0	perf_experiment
06:10:22 AM	1006	220281	98.00	2.00	0.00	0.00	100.00	38	1170.00	0.00	776928	702112	0.27	10932.00	0.00	0.00	0	perf_experiment
06:10:23 AM	1006	220281	99.00	1.00	0.00	0.00	100.00	38	1198.00	0.00	777184	702336	0.27	10886.50	0.00	0.00	0	perf_experiment
06:10:24 AM	1006	220281	96.00	1.00	0.00	0.00	97.00	38	9193.00	0.00	777320	702552	0.27	10758.50	32768.00	0.00	2	perf_experiment
06:10:25 AM	1006	220281	98.00	3.00	0.00	0.00	101.00	38	996.00	0.00	777580	702776	0.27	10715.50	0.00	0.00	0	perf_experiment
06:10:26 AM	1006	220281	96.00	3.00	0.00	0.00	99.00	38	1032.00	0.00	777848	703060	0.27	10974.50	0.00	0.00	0	perf_experiment
06:10:27 AM	1006	220281	96.04	2.97	0.00	0.00	99.01	38	1003.96	0.00	778108	703292	0.27	10718.81	0.00	0.00	0	perf_experiment
06:10:28 AM	1006	220281	99.00	1.00	0.00	0.00	100.00	38	1491.00	0.00	778376	703512	0.27	11077.50	0.00	0.00	0	perf_experiment
06:10:29 AM	1006	220281	99.00	2.00	0.00	0.00	101.00	38	1302.00	0.00	778508	703700	0.27	10861.00	0.00	0.00	0	perf_experiment
06:10:30 AM	1006	220281	97.00	3.00	0.00	0.00	100.00	38	1166.00	0.00	778776	703924	0.27	10969.50	0.00	0.00	0	perf_experiment
06:10:31 AM	1006	220281	97.00	3.00	0.00	0.00	100.00	38	1159.00	0.00	779020	704156	0.27	11034.00	0.00	0.00	0	perf_experiment
06:10:32 AM	1006	220281	97.00	2.00	0.00	0.00	99.00	38	1130.00	0.00	779156	704356	0.27	10829.00	0.00	0.00	0	perf_experiment
06:10:33 AM	1006	220281	95.00	4.00	0.00	0.00	99.00	38	9320.00	0.00	779424	704560	0.27	10680.50	32768.00	0.00	2	perf_experiment
06:10:34 AM	1006	220281	97.00	2.00	0.00	0.00	99.00	38	1152.00	0.00	779560	704776	0.27	10846.50	0.00	0.00	0	perf_experiment
06:10:35 AM	1006	220281	100.00	1.00	0.00	0.00	101.00	38	1178.00	0.00	779812	705020	0.27	10934.50	0.00	0.00	0	perf_experiment
06:10:36 AM	1006	220281	97.00	2.00	0.00	0.00	99.00	38	1144.00	0.00	780084	705196	0.27	10925.50	0.00	0.00	0	perf_experiment
06:10:37 AM	1006	220281	99.00	2.00	0.00	0.00	101.00	38	1182.00	0.00	780220	705432	0.27	10831.50	0.00	0.00	0	perf_experiment
06:10:38 AM	1006	220281	98.00	2.00	0.00	0.00	100.00	38	1028.00	0.00	780480	705696	0.27	10948.50	0.00	0.00	0	perf_experiment
06:10:39 AM	1006	220281	97.00	2.00	0.00	0.00	99.00	38	993.00	0.00	780744	705912	0.27	10711.50	0.00	0.00	0	perf_experiment
06:10:40 AM	1006	220281	98.00	3.00	0.00	0.00	101.00	38	1029.00	0.00	781012	706172	0.27	10924.50	0.00	0.00	0	perf_experiment
06:10:41 AM	1006	220281	99.00	0.00	0.00	0.00	99.00	38	1010.00	0.00	781268	706412	0.27	10904.00	0.00	0.00	0	perf_experiment
06:10:42 AM	1006	220281	94.00	4.00	0.00	0.00	98.00	38	8892.00	0.00	781404	706600	0.27	10614.50	32768.00	0.00	2	perf_experiment
06:10:43 AM	1006	220281	98.00	2.00	0.00	0.00	100.00	38	478.00	0.00	781656	706848	0.27	10596.00	0.00	0.00	0	perf_experiment
06:10:44 AM	1006	220281	95.00	5.00	0.00	0.00	100.00	38	744.00	0.00	781792	707032	0.27	11083.00	0.00	0.00	0	perf_experiment
06:10:45 AM	1006	220281	96.00	4.00	0.00	0.00	100.00	38	347.00	0.00	782064	707240	0.27	11061.50	0.00	0.00	0	perf_experiment
06:10:46 AM	1006	220281	96.00	4.00	0.00	0.00	100.00	38	340.00	0.00	782320	707428	0.27	10732.00	0.00	0.00	0	perf_experiment
06:10:47 AM	1006	220281	98.00	2.00	0.00	0.00	100.00	38	362.00	0.00	782584	707720	0.27	11149.50	0.00	0.00	0	perf_experiment
06:10:48 AM	1006	220281	99.00	2.00	0.00	0.00	101.00	38	331.00	0.00	782716	707924	0.27	10788.00	0.00	0.00	0	perf_experiment
06:10:49 AM	1006	220281	99.00	0.00	0.00	0.00	99.00	38	356.00	0.00	782984	708104	0.27	11143.50	0.00	0.00	0	perf_experiment
06:10:50 AM	1006	220281	97.00	4.00	0.00	0.00	101.00	38	1169.00	0.00	783092	708308	0.27	10795.50	0.00	0.00	0	perf_experiment
06:10:51 AM	1006	220281	98.00	2.00	0.00	0.00	100.00	38	1177.00	0.00	783352	708552	0.27	11131.00	0.00	0.00	0	perf_experiment
06:10:52 AM	1006	220281	96.00	1.00	0.00	0.00	97.00	38	9153.00	0.00	783616	708808	0.27	10025.00	32768.00	0.00	3	perf_experiment
06:10:53 AM	1006	220281	96.00	4.00	0.00	0.00	100.00	38	1060.00	0.00	783880	709048	0.27	11280.00	0.00	0.00	0	perf_experiment
06:10:54 AM	1006	220281	96.00	3.00	0.00	0.00	99.00	38	1013.00	0.00	784144	709296	0.27	10633.50	0.00	0.00	0	perf_experiment
06:10:55 AM	1006	220281	99.00	2.00	0.00	0.00	101.00	38	1034.00	0.00	784372	709540	0.27	11101.50	0.00	0.00	0	perf_experiment
06:10:56 AM	1006	220281	98.00	2.00	0.00	0.00	100.00	38	897.00	0.00	784496	709724	0.27	10747.00	0.00	0.00	0	perf_experiment
06:10:57 AM	1006	220281	96.00	4.00	0.00	0.00	100.00	38	918.00	0.00	784768	709968	0.27	11150.00	0.00	0.00	0	perf_experiment
06:10:58 AM	1006	220281	98.00	2.00	0.00	0.00	100.00	38	885.00	0.00	785004	710200	0.27	10748.50	0.00	0.00	0	perf_experiment
06:10:59 AM	1006	220281	97.00	3.00	0.00	0.00	100.00	38	907.00	0.00	785268	710376	0.27	11170.00	0.00	0.00	0	perf_experiment
06:11:00 AM	1006	220281	98.00	3.00	0.00	0.00	101.00	38	880.00	0.00	785404	710596	0.27	10807.50	0.00	0.00	0	perf_experiment
06:11:01 AM	1006	220281	95.00	2.00	0.00	0.00	97.00	38	8713.00	0.00	785676	710732	0.27	10503.50	32768.00	0.00	2	perf_experiment
06:11:02 AM	1006	220281	99.00	1.00	0.00	0.00	100.00	38	56.00	0.00	785808	710892	0.27	11309.50	0.00	0.00	0	perf_experiment
06:11:03 AM	1006	220281	98.00	2.00	0.00	0.00	100.00	38	157.00	0.00	786080	711244	0.27	10585.50	0.00	0.00	0	perf_experiment
06:11:04 AM	1006	220281	96.00	3.00	0.00	0.00	99.00	38	373.00	0.00	786332	711452	0.27	11064.00	0.00	0.00	0	perf_experiment
06:11:05 AM	1006	220281	96.00	5.00	0.00	0.00	101.00	38	124.00	0.00	786592	711720	0.27	10686.50	0.00	0.00	0	perf_experiment
06:11:06 AM	1006	220281	97.00	3.00	0.00	0.00	100.00	38	120.00	0.00	786724	711820	0.27	11139.50	0.00	0.00	0	perf_experiment
06:11:07 AM	1006	220281	97.00	2.00	0.00	0.00	99.00	38	105.00	0.00	786992	712108	0.27	10618.00	0.00	0.00	0	perf_experiment
06:11:08 AM	1006	220281	97.00	4.00	0.00	0.00	101.00	38	94.00	0.00	787248	712248	0.27	11114.00	0.00	0.00	0	perf_experiment
06:11:09 AM	1006	220281	99.00	1.00	0.00	0.00	100.00	38	65.00	0.00	787520	712440	0.27	10692.00	0.00	0.00	0	perf_experiment
06:11:10 AM	1006	220281	93.00	4.00	0.00	0.00	97.00	38	8249.00	0.00	787644	712836	0.27	10745.50	32768.00	0.00	2	perf_experiment
06:11:11 AM	1006	220281	99.00	2.00	0.00	0.00	101.00	38	281.00	0.00	787904	713112	0.27	10581.00	0.00	0.00	0	perf_experiment
06:11:12 AM	1006	220281	96.00	4.00	0.00	0.00	100.00	38	1037.00	0.00	788164	713312	0.27	11230.50	0.00	0.00	0	perf_experiment
06:11:13 AM	1006	220281	98.00	2.00	0.00	0.00	100.00	38	888.00	0.00	788300	713500	0.27	10981.00	0.00	0.00	0	perf_experiment
06:11:14 AM	1006	220281	97.00	3.00	0.00	0.00	100.00	38	877.00	0.00	788568	713744	0.27	10594.50	0.00	0.00	0	perf_experiment
06:11:15 AM	1006	220281	95.00	4.00	0.00	0.00	99.00	38	917.00	0.00	788704	713924	0.27	11296.50	0.00	0.00	0	perf_experiment
06:11:16 AM	1006	220281	98.00	2.00	0.00	0.00	100.00	38	882.00	0.00	788960	714136	0.27	10688.00	0.00	0.00	0	perf_experiment
06:11:17 AM	1006	220281	97.00	3.00	0.00	0.00	100.00	38	920.00	0.00	789232	714384	0.27	11174.50	0.00	0.00	0	perf_experiment
06:11:18 AM	1006	220281	96.00	5.00	0.00	0.00	101.00	38	888.00	0.00	789360	714600	0.27	10680.50	0.00	0.00	0	perf_experiment
06:11:19 AM	1006	220281	98.00	1.00	0.00	0.00	99.00	38	1051.00	0.00	789632	714824	0.27	10991.00	0.00	0.00	0	perf_experiment
06:11:20 AM	1006	220281	95.00	3.00	0.00	0.00	98.00	38	9170.00	0.00	789868	715052	0.27	10332.50	32768.00	0.00	2	perf_experiment
06:11:21 AM	1006	220281	99.00	1.00	0.00	0.00	100.00	38	1053.00	0.00	790140	715300	0.27	11087.50	0.00	0.00	0	perf_experiment
06:11:22 AM	1006	220281	95.00	5.00	0.00	0.00	100.00	38	1017.00	0.00	790376	715536	0.27	10801.50	0.00	0.00	0	perf_experiment
06:11:23 AM	1006	220281	95.00	5.00	0.00	0.00	100.00	38	976.00	0.00	790620	715796	0.27	10851.00	0.00	0.00	0	perf_experiment
06:11:24 AM	1006	220281	97.00	3.00	0.00	0.00	100.00	38	891.00	0.00	790756	715980	0.27	10993.50	0.00	0.00	0	perf_experiment
06:11:25 AM	1006	220281	97.00	3.00	0.00	0.00	100.00	38	911.00	0.00	791016	716208	0.27	11018.00	0.00	0.00	0	perf_experiment
06:11:26 AM	1006	220281	98.00	2.00	0.00	0.00	100.00	38	896.00	0.00	791284	716420	0.27	10924.00	0.00	0.00	0	perf_experiment
06:11:27 AM	1006	220281	98.00	2.00	0.00	0.00	100.00	38	895.00	0.00	791416	716624	0.27	11002.00	0.00	0.00	0	perf_experiment
06:11:28 AM	1006	220281	99.00	1.00	0.00	0.00	100.00	38	910.00	0.00	791680	716864	0.27	10991.50	0.00	0.00	0	perf_experiment
06:11:29 AM	1006	220281	95.00	2.00	0.00	0.00	97.00	38	8928.00	0.00	791816	717008	0.27	10578.00	32768.00	0.00	3	perf_experiment
06:11:30 AM	1006	220281	98.00	2.00	0.00	0.00	100.00	38	317.00	0.00	792088	717260	0.27	10964.50	0.00	0.00	0	perf_experiment
06:11:31 AM	1006	220281	97.00	4.00	0.00	0.00	101.00	38	160.00	0.00	792348	717412	0.27	10917.00	0.00	0.00	0	perf_experiment
06:11:32 AM	1006	220281	99.00	1.00	0.00	0.00	100.00	38	157.00	0.00	792480	717680	0.27	10756.50	0.00	0.00	0	perf_experiment
06:11:33 AM	1006	220281	97.00	3.00	0.00	0.00	100.00	38	140.00	0.00	792728	717848	0.27	11081.50	0.00	0.00	0	perf_experiment
06:11:34 AM	1006	220281	99.00	1.00	0.00	0.00	100.00	38	74.00	0.00	792996	718052	0.27	10716.00	0.00	0.00	0	perf_experiment
06:11:35 AM	1006	220281	98.00	1.00	0.00	0.00	99.00	38	74.00	0.00	793260	718272	0.27	10810.50	0.00	0.00	0	perf_experiment
06:11:36 AM	1006	220281	97.00	4.00	0.00	0.00	101.00	38	73.00	0.00	793516	718504	0.27	11102.50	0.00	0.00	0	perf_experiment
06:11:37 AM	1006	220281	97.00	3.00	0.00	0.00	100.00	38	64.00	0.00	793760	718880	0.27	10654.00	0.00	0.00	0	perf_experiment
06:11:38 AM	1006	220281	95.00	3.00	0.00	0.00	98.00	38	8252.00	0.00	793896	719096	0.27	10802.50	32768.00	0.00	2	perf_experiment
06:11:39 AM	1006	220281	96.00	4.00	0.00	0.00	100.00	38	65.00	0.00	794132	719252	0.27	10724.00	0.00	0.00	0	perf_experiment
06:11:40 AM	1006	220281	98.00	2.00	0.00	0.00	100.00	38	1179.00	0.00	794400	719536	0.27	10915.00	0.00	0.00	0	perf_experiment
06:11:41 AM	1006	220281	98.00	2.00	0.00	0.00	100.00	38	933.00	0.00	794528	719736	0.27	10962.00	0.00	0.00	0	perf_experiment
06:11:42 AM	1006	220281	97.00	2.00	0.00	0.00	99.00	38	891.00	0.00	794784	719972	0.27	10802.00	0.00	0.00	0	perf_experiment
06:11:43 AM	1006	220281	96.00	4.00	0.00	0.00	100.00	38	898.00	0.00	795044	720164	0.27	11029.00	0.00	0.00	0	perf_experiment
06:11:44 AM	1006	220281	96.00	4.00	0.00	0.00	100.00	38	886.00	0.00	795180	720376	0.27	10837.00	0.00	0.00	0	perf_experiment
06:11:45 AM	1006	220281	99.00	2.00	0.00	0.00	101.00	38	907.00	0.00	795440	720600	0.27	10958.50	0.00	0.00	0	perf_experiment
06:11:46 AM	1006	220281	96.00	3.00	0.00	0.00	99.00	38	958.00	0.00	795684	720820	0.27	10909.50	0.00	0.00	0	perf_experiment
06:11:47 AM	1006	220281	97.00	3.00	0.00	0.00	100.00	38	1021.00	0.00	795952	721072	0.27	10788.50	0.00	0.00	0	perf_experiment
06:11:48 AM	1006	220281	96.00	3.00	0.00	0.00	99.00	38	8812.00	0.00	796088	721216	0.27	10637.00	32768.00	0.00	2	perf_experiment
06:11:49 AM	1006	220281	98.00	2.00	0.00	0.00	100.00	38	65.00	0.00	796348	721468	0.27	10749.00	0.00	0.00	0	perf_experiment
06:11:50 AM	1006	220281	98.00	2.00	0.00	0.00	100.00	38	581.00	0.00	796612	721812	0.27	10888.50	0.00	0.00	0	perf_experiment
06:11:51 AM	1006	220281	98.00	2.00	0.00	0.00	100.00	38	924.00	0.00	796884	722024	0.27	10827.00	0.00	0.00	0	perf_experiment
06:11:52 AM	1006	220281	98.00	2.00	0.00	0.00	100.00	38	914.00	0.00	797016	722240	0.27	11229.00	0.00	0.00	0	perf_experiment
06:11:53 AM	1006	220281	98.00	2.00	0.00	0.00	100.00	38	886.00	0.00	797272	722464	0.27	10813.50	0.00	0.00	0	perf_experiment
06:11:54 AM	1006	220281	98.00	2.00	0.00	0.00	100.00	38	903.00	0.00	797520	722660	0.27	11082.50	0.00	0.00	0	perf_experiment
06:11:55 AM	1006	220281	96.00	4.00	0.00	0.00	100.00	38	887.00	0.00	797652	722856	0.27	10843.50	0.00	0.00	0	perf_experiment
06:11:56 AM	1006	220281	96.00	4.00	0.00	0.00	100.00	38	895.00	0.00	797912	723080	0.27	10932.50	0.00	0.00	0	perf_experiment
06:11:57 AM	1006	220281	98.00	1.00	0.00	0.00	99.00	38	888.00	0.00	798176	723312	0.27	10769.50	0.00	0.00	0	perf_experiment
06:11:58 AM	1006	220281	94.00	4.00	0.00	0.00	98.00	38	9068.00	0.00	798312	723496	0.27	10799.00	32768.00	0.00	2	perf_experiment
06:11:59 AM	1006	220281	97.00	3.00	0.00	0.00	100.00	38	899.00	0.00	798580	723708	0.27	10956.00	0.00	0.00	0	perf_experiment
06:12:00 AM	1006	220281	99.00	1.00	0.00	0.00	100.00	38	972.00	0.00	798852	723924	0.27	10765.00	0.00	0.00	0	perf_experiment
06:12:01 AM	1006	220281	97.00	4.00	0.00	0.00	101.00	38	1025.00	0.00	798984	724192	0.27	10923.50	0.00	0.00	0	perf_experiment
06:12:02 AM	1006	220281	97.00	2.00	0.00	0.00	99.00	38	1029.00	0.00	799248	724444	0.27	10875.00	0.00	0.00	0	perf_experiment
06:12:03 AM	1006	220281	97.00	3.00	0.00	0.00	100.00	38	1152.00	0.00	799504	724688	0.27	10778.50	0.00	0.00	0	perf_experiment
06:12:04 AM	1006	220281	96.00	5.00	0.00	0.00	101.00	38	1309.00	0.00	799776	724916	0.27	10916.00	0.00	0.00	0	perf_experiment
06:12:05 AM	1006	220281	96.00	3.00	0.00	0.00	99.00	38	1043.00	0.00	799908	725128	0.27	10853.50	0.00	0.00	0	perf_experiment
06:12:06 AM	1006	220281	99.00	2.00	0.00	0.00	101.00	38	1024.00	0.00	800176	725352	0.27	10886.50	0.00	0.00	0	perf_experiment
06:12:07 AM	1006	220281	95.00	2.00	0.00	0.00	97.00	38	8582.00	0.00	800432	725496	0.28	10651.00	32768.00	0.00	3	perf_experiment
06:12:08 AM	1006	220281	98.00	2.00	0.00	0.00	100.00	38	141.00	0.00	800560	725680	0.28	10819.00	0.00	0.00	0	perf_experiment
06:12:09 AM	1006	220281	98.00	1.00	0.00	0.00	99.00	38	68.00	0.00	800828	725788	0.28	10963.50	0.00	0.00	0	perf_experiment
06:12:10 AM	1006	220281	98.00	3.00	0.00	0.00	101.00	38	66.00	0.00	800964	726008	0.28	10988.00	0.00	0.00	0	perf_experiment
06:12:11 AM	1006	220281	99.00	1.00	0.00	0.00	100.00	38	63.00	0.00	801232	726216	0.28	10834.50	0.00	0.00	0	perf_experiment
06:12:12 AM	1006	220281	97.00	2.00	0.00	0.00	99.00	38	74.00	0.00	801484	726620	0.28	11037.00	0.00	0.00	0	perf_experiment
06:12:13 AM	1006	220281	97.00	3.00	0.00	0.00	100.00	38	62.00	0.00	801620	726824	0.28	10712.50	0.00	0.00	0	perf_experiment
06:12:14 AM	1006	220281	98.00	3.00	0.00	0.00	101.00	38	76.00	0.00	801888	727044	0.28	11081.00	0.00	0.00	0	perf_experiment
06:12:15 AM	1006	220281	98.00	2.00	0.00	0.00	100.00	38	68.00	0.00	802148	727268	0.28	10510.50	0.00	0.00	0	perf_experiment
06:12:16 AM	1006	220281	93.00	4.00	0.00	0.00	97.00	38	8274.00	0.00	802408	727496	0.28	10888.50	32768.00	0.00	2	perf_experiment
06:12:17 AM	1006	220281	96.00	4.00	0.00	0.00	100.00	38	1381.00	0.00	802544	727784	0.28	10614.50	0.00	0.00	0	perf_experiment
06:12:18 AM	1006	220281	97.00	4.00	0.00	0.00	101.00	38	1060.00	0.00	802948	728060	0.28	11217.50	0.00	0.00	0	perf_experiment
06:12:19 AM	1006	220281	97.00	2.00	0.00	0.00	99.00	38	884.00	0.00	803084	728240	0.28	10842.50	0.00	0.00	0	perf_experiment
06:12:20 AM	1006	220281	98.00	2.00	0.00	0.00	100.00	38	898.00	0.00	803348	728444	0.28	10928.00	0.00	0.00	0	perf_experiment
06:12:21 AM	1006	220281	97.00	3.00	0.00	0.00	100.00	38	668.00	0.00	803476	728620	0.28	11224.00	0.00	0.00	0	perf_experiment
06:12:22 AM	1006	220281	96.00	4.00	0.00	0.00	100.00	38	66.00	0.00	803748	728716	0.28	10816.00	0.00	0.00	0	perf_experiment
06:12:23 AM	1006	220281	95.00	5.00	0.00	0.00	100.00	38	64.00	0.00	804016	728948	0.28	11147.50	0.00	0.00	0	perf_experiment
06:12:24 AM	1006	220281	97.03	1.98	0.00	0.00	99.01	38	51.49	0.00	804148	729176	0.28	10741.58	0.00	0.00	0	perf_experiment
06:12:25 AM	1006	220281	96.00	4.00	0.00	0.00	100.00	38	63.00	0.00	804416	729404	0.28	10924.00	0.00	0.00	0	perf_experiment
06:12:26 AM	1006	220281	94.00	4.00	0.00	0.00	98.00	38	8832.00	0.00	804544	729744	0.28	10642.00	32768.00	0.00	3	perf_experiment
06:12:27 AM	1006	220281	98.00	2.00	0.00	0.00	100.00	38	937.00	0.00	804816	729988	0.28	11230.00	0.00	0.00	0	perf_experiment
06:12:28 AM	1006	220281	97.00	3.00	0.00	0.00	100.00	38	1025.00	0.00	805064	730208	0.28	10931.00	0.00	0.00	0	perf_experiment
06:12:29 AM	1006	220281	98.00	2.00	0.00	0.00	100.00	38	1033.00	0.00	805324	730476	0.28	10912.50	0.00	0.00	0	perf_experiment
06:12:30 AM	1006	220281	96.00	3.00	0.00	0.00	99.00	38	1062.00	0.00	805596	730692	0.28	11129.50	0.00	0.00	0	perf_experiment
06:12:31 AM	1006	220281	98.00	3.00	0.00	0.00	101.00	38	1044.00	0.00	805720	730944	0.28	11147.50	0.00	0.00	0	perf_experiment
06:12:32 AM	1006	220281	99.00	1.00	0.00	0.00	100.00	38	1027.00	0.00	805984	731192	0.28	10913.50	0.00	0.00	0	perf_experiment
06:12:33 AM	1006	220281	99.00	1.00	0.00	0.00	100.00	38	1117.00	0.00	806252	731476	0.28	11785.50	0.00	0.00	0	perf_experiment
06:12:34 AM	1006	220281	96.00	2.00	0.00	0.00	98.00	38	9161.00	0.00	806516	731740	0.28	10312.00	32768.00	0.00	2	perf_experiment
06:12:35 AM	1006	220281	95.00	5.00	0.00	0.00	100.00	38	61.00	0.00	806772	731892	0.28	10845.00	0.00	0.00	0	perf_experiment
06:12:36 AM	1006	220281	98.00	2.00	0.00	0.00	100.00	38	71.00	0.00	807036	732020	0.28	11191.00	0.00	0.00	0	perf_experiment
06:12:37 AM	1006	220281	96.00	4.00	0.00	0.00	100.00	38	74.00	0.00	807300	732420	0.28	11026.00	0.00	0.00	0	perf_experiment
06:12:38 AM	1006	220281	96.00	4.00	0.00	0.00	100.00	38	74.00	0.00	807544	732688	0.28	11055.00	0.00	0.00	0	perf_experiment
06:12:39 AM	1006	220281	98.00	2.00	0.00	0.00	100.00	38	74.00	0.00	807812	732908	0.28	11399.50	0.00	0.00	0	perf_experiment
06:12:40 AM	1006	220281	95.00	4.00	0.00	0.00	99.00	38	68.00	0.00	807944	733128	0.28	10944.50	0.00	0.00	0	perf_experiment
06:12:41 AM	1006	220281	96.00	5.00	0.00	0.00	101.00	38	75.00	0.00	808208	733328	0.28	11098.50	0.00	0.00	0	perf_experiment
06:12:42 AM	1006	220281	99.00	1.00	0.00	0.00	100.00	38	75.00	0.00	808472	733692	0.28	11253.00	0.00	0.00	0	perf_experiment
06:12:43 AM	1006	220281	95.00	2.00	0.00	0.00	97.00	38	8261.00	0.00	808732	733856	0.28	10306.00	32768.00	0.00	2	perf_experiment
06:12:44 AM	1006	220281	99.00	2.00	0.00	1.00	101.00	38	83.00	0.00	808992	734116	0.28	11082.50	0.00	0.00	0	perf_experiment
06:12:45 AM	1006	220281	98.00	2.00	0.00	0.00	100.00	38	76.00	0.00	809260	734324	0.28	10833.50	0.00	0.00	0	perf_experiment
06:12:46 AM	1006	220281	97.00	2.00	0.00	0.00	99.00	38	70.00	0.00	809496	734520	0.28	11116.00	0.00	0.00	0	perf_experiment
06:12:47 AM	1006	220281	98.00	3.00	0.00	0.00	101.00	38	283.00	0.00	809756	734924	0.28	10925.50	0.00	0.00	0	perf_experiment
06:12:48 AM	1006	220281	97.00	3.00	0.00	0.00	100.00	38	538.00	0.00	810020	735124	0.28	10697.50	0.00	0.00	0	perf_experiment
06:12:49 AM	1006	220281	96.00	4.00	0.00	0.00	100.00	38	425.00	0.00	810284	735404	0.28	11223.00	0.00	0.00	0	perf_experiment
06:12:50 AM	1006	220281	98.00	1.00	0.00	0.00	99.00	38	388.00	0.00	810416	735636	0.28	10797.50	0.00	0.00	0	perf_experiment
06:12:51 AM	1006	220281	98.00	2.00	0.00	0.00	100.00	6	8290.00	0.00	810672	735880	0.28	10933.00	32768.00	0.00	0	perf_experiment
06:12:52 AM	1006	220281	94.00	4.00	0.00	0.00	98.00	6	75.00	0.00	810940	735944	0.28	10277.50	0.00	0.00	3	perf_experiment
06:12:53 AM	1006	220281	97.00	3.00	0.00	0.00	100.00	6	72.00	0.00	811200	736184	0.28	11069.00	0.00	0.00	0	perf_experiment
06:12:54 AM	1006	220281	98.00	2.00	0.00	0.00	100.00	6	79.00	0.00	811460	736448	0.28	10704.50	0.00	0.00	0	perf_experiment
06:12:55 AM	1006	220281	96.00	4.00	0.00	0.00	100.00	6	74.00	0.00	811716	736836	0.28	10948.50	0.00	0.00	0	perf_experiment
06:12:56 AM	1006	220281	96.00	4.00	0.00	0.00	100.00	6	75.00	0.00	811984	737044	0.28	10674.50	0.00	0.00	0	perf_experiment
06:12:57 AM	1006	220281	99.00	1.00	0.00	0.00	100.00	6	64.00	0.00	812112	737232	0.28	10960.00	0.00	0.00	0	perf_experiment
06:12:58 AM	1006	220281	97.00	3.00	0.00	0.00	100.00	6	71.00	0.00	812384	737472	0.28	10805.50	0.00	0.00	0	perf_experiment
06:12:59 AM	1006	220281	96.00	4.00	0.00	0.00	100.00	6	73.00	0.00	812640	737772	0.28	10899.50	0.00	0.00	0	perf_experiment
06:13:00 AM	1006	220281	95.00	2.00	0.00	0.00	97.00	6	8274.00	0.00	812904	738036	0.28	10401.00	32768.00	0.00	2	perf_experiment
06:13:01 AM	1006	220281	99.00	2.00	0.00	0.00	101.00	6	75.00	0.00	813168	738288	0.28	10927.00	0.00	0.00	0	perf_experiment
06:13:02 AM	1006	220281	99.00	1.00	0.00	0.00	100.00	6	62.00	0.00	813436	738524	0.28	10835.00	0.00	0.00	0	perf_experiment
06:13:03 AM	1006	220281	97.00	2.00	0.00	0.00	99.00	6	79.00	0.00	813700	738684	0.28	10863.50	0.00	0.00	0	perf_experiment
06:13:04 AM	1006	220281	98.00	3.00	0.00	0.00	101.00	6	75.00	0.00	813824	738944	0.28	10897.50	0.00	0.00	0	perf_experiment
06:13:05 AM	1006	220281	97.00	3.00	0.00	0.00	100.00	6	1431.00	0.00	814088	739284	0.28	10705.50	0.00	0.00	0	perf_experiment
06:13:06 AM	1006	220281	95.00	4.00	0.00	0.00	99.00	6	1041.00	0.00	814348	739532	0.28	11019.00	0.00	0.00	0	perf_experiment
06:13:07 AM	1006	220281	98.00	3.00	0.00	0.00	101.00	6	1025.00	0.00	814604	739788	0.28	10781.00	0.00	0.00	0	perf_experiment
06:13:08 AM	1006	220281	95.00	5.00	0.00	0.00	100.00	6	1049.00	0.00	814872	740048	0.28	11121.00	0.00	0.00	0	perf_experiment
06:13:09 AM	1006	220281	95.00	2.00	0.00	0.00	97.00	6	9164.00	0.00	815140	740236	0.28	10327.50	32768.00	0.00	3	perf_experiment
06:13:10 AM	1006	220281	99.00	1.00	0.00	0.00	100.00	6	1018.00	0.00	815264	740488	0.28	10827.50	0.00	0.00	0	perf_experiment
06:13:11 AM	1006	220281	98.00	2.00	0.00	0.00	100.00	6	1032.00	0.00	815532	740732	0.28	10943.50	0.00	0.00	0	perf_experiment
06:13:12 AM	1006	220281	96.00	4.00	0.00	0.00	100.00	6	1048.00	0.00	815796	741000	0.28	11065.50	0.00	0.00	0	perf_experiment
06:13:13 AM	1006	220281	97.00	2.00	0.00	0.00	99.00	6	1023.00	0.00	816060	741228	0.28	10897.00	0.00	0.00	0	perf_experiment
06:13:14 AM	1006	220281	98.00	3.00	0.00	0.00	101.00	6	1032.00	0.00	816320	741488	0.28	10835.00	0.00	0.00	0	perf_experiment
06:13:15 AM	1006	220281	96.00	4.00	0.00	0.00	100.00	6	1039.00	0.00	816576	741720	0.28	10999.50	0.00	0.00	0	perf_experiment
06:13:16 AM	1006	220281	98.00	2.00	0.00	0.00	100.00	6	1015.00	0.00	816844	741972	0.28	10802.50	0.00	0.00	0	perf_experiment
06:13:17 AM	1006	220281	94.00	3.00	0.00	0.00	97.00	6	9113.00	0.00	816972	742176	0.28	10986.50	32768.00	0.00	2	perf_experiment
06:13:18 AM	1006	220281	98.00	2.00	0.00	0.00	100.00	6	79.00	0.00	817232	742352	0.28	10893.00	0.00	0.00	0	perf_experiment
06:13:19 AM	1006	220281	98.00	2.00	0.00	0.00	100.00	6	76.00	0.00	817504	742564	0.28	11011.00	0.00	0.00	0	perf_experiment
06:13:20 AM	1006	220281	98.00	2.00	0.00	0.00	100.00	6	83.00	0.00	817772	742776	0.28	11062.00	0.00	0.00	0	perf_experiment
06:13:21 AM	1006	220281	99.00	2.00	0.00	0.00	101.00	6	61.00	0.00	818032	743020	0.28	10998.50	0.00	0.00	0	perf_experiment
06:13:22 AM	1006	220281	98.00	2.00	0.00	0.00	100.00	6	98.00	0.00	818292	743412	0.28	10967.00	0.00	0.00	0	perf_experiment
06:13:23 AM	1006	220281	98.00	2.00	0.00	0.00	100.00	6	76.00	0.00	818544	743672	0.28	11138.50	0.00	0.00	0	perf_experiment
06:13:24 AM	1006	220281	98.00	2.00	0.00	0.00	100.00	6	85.00	0.00	818816	743872	0.28	11050.50	0.00	0.00	0	perf_experiment
06:13:25 AM	1006	220281	95.00	4.00	0.00	0.00	99.00	6	73.00	0.00	819076	744068	0.28	11207.50	0.00	0.00	0	perf_experiment
06:13:26 AM	1006	220281	95.00	4.00	0.00	0.00	99.00	6	8871.00	0.00	819212	744436	0.28	10774.00	32768.00	0.00	2	perf_experiment
06:13:27 AM	1006	220281	98.00	2.00	0.00	0.00	100.00	6	1092.00	0.00	819472	744708	0.28	11557.00	0.00	0.00	0	perf_experiment
06:13:28 AM	1006	220281	98.00	1.00	0.00	0.00	99.00	6	1013.00	0.00	819736	744948	0.28	10747.00	0.00	0.00	0	perf_experiment
06:13:29 AM	1006	220281	96.00	5.00	0.00	0.00	101.00	6	1074.00	0.00	820000	745204	0.28	11363.50	0.00	0.00	0	perf_experiment
06:13:30 AM	1006	220281	96.00	3.00	0.00	0.00	99.00	6	1061.00	0.00	820272	745464	0.28	11229.00	0.00	0.00	0	perf_experiment
06:13:31 AM	1006	220281	99.00	2.00	0.00	0.00	101.00	6	1051.00	0.00	820532	745740	0.28	11044.00	0.00	0.00	0	perf_experiment
06:13:32 AM	1006	220281	97.00	3.00	0.00	0.00	100.00	6	1025.00	0.00	820796	745948	0.28	10986.50	0.00	0.00	0	perf_experiment
06:13:33 AM	1006	220281	96.00	4.00	0.00	0.00	100.00	6	1049.00	0.00	821056	746192	0.28	11082.00	0.00	0.00	0	perf_experiment
06:13:34 AM	1006	220281	95.00	2.00	0.00	0.00	97.00	6	9014.00	0.00	821316	746436	0.28	10516.00	32768.00	0.00	3	perf_experiment
06:13:35 AM	1006	220281	98.00	2.00	0.00	0.00	100.00	6	57.00	0.00	821448	746644	0.28	11091.00	0.00	0.00	0	perf_experiment
06:13:36 AM	1006	220281	96.00	4.00	0.00	0.00	100.00	6	80.00	0.00	821844	746880	0.28	11006.00	0.00	0.00	0	perf_experiment
06:13:37 AM	1006	220281	99.00	1.00	0.00	0.00	100.00	6	70.00	0.00	821980	747116	0.28	10928.00	0.00	0.00	0	perf_experiment
06:13:38 AM	1006	220281	98.00	2.00	0.00	0.00	100.00	6	67.00	0.00	822252	747328	0.28	11222.00	0.00	0.00	0	perf_experiment
06:13:39 AM	1006	220281	99.00	1.00	0.00	0.00	100.00	6	81.00	0.00	822512	747496	0.28	10882.50	0.00	0.00	0	perf_experiment
06:13:40 AM	1006	220281	98.00	2.00	0.00	0.00	100.00	6	75.00	0.00	822780	747936	0.28	11075.50	0.00	0.00	0	perf_experiment
06:13:41 AM	1006	220281	99.00	1.00	0.00	0.00	100.00	6	68.00	0.00	823032	748152	0.28	10997.00	0.00	0.00	0	perf_experiment
06:13:42 AM	1006	220281	97.00	3.00	0.00	0.00	100.00	6	747.00	0.00	823296	748392	0.28	11139.50	0.00	0.00	0	perf_experiment
06:13:43 AM	1006	220281	92.00	5.00	0.00	0.00	97.00	6	8803.00	0.00	823420	748628	0.28	10587.50	32768.00	0.00	2	perf_experiment
06:13:44 AM	1006	220281	96.00	4.00	0.00	0.00	100.00	6	550.00	0.00	823680	748872	0.28	10955.00	0.00	0.00	0	perf_experiment
06:13:45 AM	1006	220281	98.00	3.00	0.00	0.00	101.00	6	382.00	0.00	823952	749112	0.28	11329.00	0.00	0.00	0	perf_experiment
06:13:46 AM	1006	220281	98.00	2.00	0.00	0.00	100.00	6	105.00	0.00	824224	749280	0.28	11039.00	0.00	0.00	0	perf_experiment
06:13:47 AM	1006	220281	99.00	0.00	0.00	0.00	99.00	6	76.00	0.00	824492	749456	0.28	11333.00	0.00	0.00	0	perf_experiment
06:13:48 AM	1006	220281	96.00	4.00	0.00	0.00	100.00	6	68.00	0.00	824748	749868	0.28	11121.00	0.00	0.00	0	perf_experiment
06:13:49 AM	1006	220281	99.00	2.00	0.00	0.00	101.00	6	76.00	0.00	825016	750092	0.28	11285.50	0.00	0.00	0	perf_experiment
06:13:50 AM	1006	220281	96.00	4.00	0.00	0.00	100.00	6	73.00	0.00	825268	750388	0.28	10679.50	0.00	0.00	0	perf_experiment
06:13:51 AM	1006	220281	95.00	2.00	0.00	0.00	97.00	6	8266.00	0.00	825528	750588	0.28	11153.00	32768.00	0.00	3	perf_experiment
06:13:52 AM	1006	220281	98.00	2.00	0.00	0.00	100.00	6	70.00	0.00	825664	750708	0.28	10402.00	0.00	0.00	0	perf_experiment
06:13:53 AM	1006	220281	95.00	5.00	0.00	0.00	100.00	6	82.00	0.00	825932	751140	0.28	11372.00	0.00	0.00	0	perf_experiment
06:13:54 AM	1006	220281	97.00	3.00	0.00	0.00	100.00	6	65.00	0.00	826192	751328	0.28	10735.00	0.00	0.00	0	perf_experiment
06:13:55 AM	1006	220281	99.00	2.00	0.00	0.00	101.00	6	76.00	0.00	826448	751576	0.28	11345.00	0.00	0.00	0	perf_experiment
06:13:56 AM	1006	220281	96.00	3.00	0.00	0.00	99.00	6	66.00	0.00	826720	751800	0.29	10794.00	0.00	0.00	0	perf_experiment
06:13:57 AM	1006	220281	98.00	2.00	0.00	0.00	100.00	6	82.00	0.00	826980	751968	0.29	11034.50	0.00	0.00	0	perf_experiment
06:13:58 AM	1006	220281	98.00	3.00	0.00	0.00	101.00	6	79.00	0.00	827244	752364	0.29	11139.50	0.00	0.00	0	perf_experiment
06:13:59 AM	1006	220281	98.00	2.00	0.00	0.00	100.00	6	62.00	0.00	827380	752592	0.29	10960.00	0.00	0.00	0	perf_experiment
06:14:00 AM	1006	220281	94.00	3.00	0.00	0.00	97.00	6	8267.00	0.00	827648	752784	0.29	10478.50	32768.00	0.00	2	perf_experiment
06:14:01 AM	1006	220281	96.00	3.00	0.00	0.00	99.00	6	74.00	0.00	827912	753012	0.29	10937.00	0.00	0.00	0	perf_experiment
06:14:02 AM	1006	220281	98.00	3.00	0.00	0.00	101.00	6	881.00	0.00	828172	753356	0.29	10855.50	0.00	0.00	0	perf_experiment
06:14:03 AM	1006	220281	96.00	3.00	0.00	0.00	99.00	6	1168.00	0.00	828428	753596	0.29	11020.00	0.00	0.00	0	perf_experiment
06:14:04 AM	1006	220281	99.00	2.00	0.00	0.00	101.00	6	1021.00	0.00	828684	753832	0.29	10862.50	0.00	0.00	0	perf_experiment
06:14:05 AM	1006	220281	98.00	2.00	0.00	0.00	100.00	6	1034.00	0.00	828932	754108	0.29	10872.00	0.00	0.00	0	perf_experiment
06:14:06 AM	1006	220281	99.00	1.00	0.00	0.00	100.00	6	1047.00	0.00	829188	754344	0.29	11115.00	0.00	0.00	0	perf_experiment
06:14:07 AM	1006	220281	97.00	3.00	0.00	0.00	100.00	6	556.00	0.00	829448	754568	0.29	10922.50	0.00	0.00	0	perf_experiment
06:14:08 AM	1006	220281	96.00	2.00	0.00	0.00	98.00	6	8409.00	0.00	829704	754824	0.29	10643.50	32768.00	0.00	2	perf_experiment
06:14:09 AM	1006	220281	98.00	2.00	0.00	0.00	100.00	6	1072.00	0.00	829972	755052	0.29	11367.50	0.00	0.00	0	perf_experiment
06:14:10 AM	1006	220281	97.00	2.00	0.00	0.00	99.00	6	1069.00	0.00	830228	755348	0.29	11249.50	0.00	0.00	0	perf_experiment
06:14:11 AM	1006	220281	97.00	3.00	0.00	0.00	100.00	6	1022.00	0.00	830464	755552	0.29	10945.50	0.00	0.00	0	perf_experiment
06:14:12 AM	1006	220281	99.00	1.00	0.00	0.00	100.00	6	1057.00	0.00	830592	755804	0.29	11223.00	0.00	0.00	0	perf_experiment
06:14:13 AM	1006	220281	97.00	4.00	0.00	0.00	101.00	6	1063.00	0.00	830856	756084	0.29	11235.50	0.00	0.00	0	perf_experiment
06:14:14 AM	1006	220281	98.00	2.00	0.00	0.00	100.00	6	1027.00	0.00	831108	756312	0.29	10923.50	0.00	0.00	0	perf_experiment
06:14:15 AM	1006	220281	96.00	3.00	0.00	0.00	99.00	6	1044.00	0.00	831372	756576	0.29	11031.00	0.00	0.00	0	perf_experiment
06:14:16 AM	1006	220281	99.00	1.00	0.00	0.00	100.00	6	1067.00	0.00	831636	756804	0.29	11343.00	0.00	0.00	0	perf_experiment
06:14:17 AM	1006	220281	93.00	5.00	0.00	0.00	98.00	6	8476.00	0.00	831904	756996	0.29	10841.00	32768.00	0.00	3	perf_experiment
06:14:18 AM	1006	220281	97.00	3.00	0.00	0.00	100.00	6	68.00	0.00	832172	757220	0.29	10861.50	0.00	0.00	0	perf_experiment
06:14:19 AM	1006	220281	97.00	3.00	0.00	0.00	100.00	6	78.00	0.00	832440	757440	0.29	11003.00	0.00	0.00	0	perf_experiment
06:14:20 AM	1006	220281	98.00	2.00	0.00	0.00	100.00	6	82.00	0.00	832684	757812	0.29	10941.00	0.00	0.00	0	perf_experiment
06:14:21 AM	1006	220281	99.00	1.00	0.00	0.00	100.00	6	67.00	0.00	832820	758024	0.29	10867.00	0.00	0.00	0	perf_experiment
06:14:22 AM	1006	220281	96.04	2.97	0.00	0.00	99.01	6	96.04	0.00	833076	758196	0.29	10788.12	0.00	0.00	0	perf_experiment
06:14:23 AM	1006	220281	99.00	1.00	0.00	0.00	100.00	6	75.00	0.00	833344	758336	0.29	10937.50	0.00	0.00	0	perf_experiment
06:14:24 AM	1006	220281	95.00	5.00	0.00	0.00	100.00	6	68.00	0.00	833612	758568	0.29	10810.00	0.00	0.00	0	perf_experiment
06:14:25 AM	1006	220281	95.00	3.00	0.00	0.00	98.00	6	8276.00	0.00	833860	758988	0.29	10773.00	32768.00	0.00	2	perf_experiment
06:14:26 AM	1006	220281	96.00	4.00	0.00	0.00	100.00	6	69.00	0.00	834120	759108	0.29	10575.00	0.00	0.00	0	perf_experiment
06:14:27 AM	1006	220281	97.00	3.00	0.00	0.00	100.00	6	67.00	0.00	834384	759368	0.29	11149.00	0.00	0.00	0	perf_experiment
06:14:28 AM	1006	220281	97.00	3.00	0.00	0.00	100.00	6	78.00	0.00	834648	759592	0.29	10894.00	0.00	0.00	0	perf_experiment
06:14:29 AM	1006	220281	98.00	2.00	0.00	0.00	100.00	6	70.00	0.00	834784	759820	0.29	11007.50	0.00	0.00	0	perf_experiment
06:14:30 AM	1006	220281	98.00	2.00	0.00	0.00	100.00	6	78.00	0.00	835056	760248	0.29	10755.50	0.00	0.00	0	perf_experiment
06:14:31 AM	1006	220281	98.00	2.00	0.00	0.00	100.00	6	75.00	0.00	835328	760468	0.29	10757.00	0.00	0.00	0	perf_experiment
06:14:32 AM	1006	220281	98.00	2.00	0.00	0.00	100.00	6	72.00	0.00	835588	760708	0.29	11150.50	0.00	0.00	0	perf_experiment
06:14:33 AM	1006	220281	97.00	3.00	0.00	0.00	100.00	6	58.00	0.00	835724	760940	0.29	10473.50	0.00	0.00	0	perf_experiment
06:14:34 AM	1006	220281	94.00	4.00	0.00	0.00	98.00	6	8267.00	0.00	835992	761124	0.29	10780.00	32768.00	0.00	2	perf_experiment
06:14:35 AM	1006	220281	97.00	3.00	0.00	0.00	100.00	6	72.00	0.00	836256	761344	0.29	10833.50	0.00	0.00	0	perf_experiment
06:14:36 AM	1006	220281	98.00	2.00	0.00	0.00	100.00	6	78.00	0.00	836508	761628	0.29	10818.00	0.00	0.00	0	perf_experiment
06:14:37 AM	1006	220281	97.00	2.00	0.00	0.00	99.00	6	81.00	0.00	836780	761832	0.29	10885.00	0.00	0.00	0	perf_experiment
06:14:38 AM	1006	220281	99.00	2.00	0.00	0.00	101.00	6	72.00	0.00	837020	762040	0.29	11007.50	0.00	0.00	0	perf_experiment
06:14:39 AM	1006	220281	97.00	3.00	0.00	0.00	100.00	6	68.00	0.00	837276	762396	0.29	10687.50	0.00	0.00	0	perf_experiment
06:14:40 AM	1006	220281	97.00	2.00	0.00	0.00	99.00	6	68.00	0.00	837540	762620	0.29	10991.00	0.00	0.00	0	perf_experiment
06:14:41 AM	1006	220281	97.00	4.00	0.00	0.00	101.00	6	78.00	0.00	837808	762840	0.29	10971.00	0.00	0.00	0	perf_experiment
06:14:42 AM	1006	220281	95.00	4.00	0.00	0.00	99.00	6	617.00	0.00	837940	763160	0.29	10580.00	0.00	0.00	0	perf_experiment
06:14:43 AM	1006	220281	96.00	2.00	0.00	0.00	98.00	6	9175.00	0.00	838200	763400	0.29	10537.50	32768.00	0.00	2	perf_experiment
06:14:44 AM	1006	220281	97.00	3.00	0.00	0.00	100.00	6	765.00	0.00	838468	763632	0.29	10874.00	0.00	0.00	0	perf_experiment
06:14:45 AM	1006	220281	99.00	2.00	0.00	0.00	101.00	6	640.00	0.00	838724	763868	0.29	10796.50	0.00	0.00	0	perf_experiment
06:14:46 AM	1006	220281	95.00	4.00	0.00	0.00	99.00	6	81.00	0.00	838968	764112	0.29	10837.50	0.00	0.00	0	perf_experiment
06:14:47 AM	1006	220281	97.00	3.00	0.00	0.00	100.00	6	69.00	0.00	839236	764340	0.29	10896.00	0.00	0.00	0	perf_experiment
06:14:48 AM	1006	220281	98.00	3.00	0.00	0.00	101.00	6	64.00	0.00	839372	764564	0.29	10624.50	0.00	0.00	0	perf_experiment
06:14:49 AM	1006	220281	96.00	3.00	0.00	0.00	99.00	6	78.00	0.00	839632	764752	0.29	11058.00	0.00	0.00	0	perf_experiment
06:14:50 AM	1006	220281	98.00	2.00	0.00	0.00	100.00	6	76.00	0.00	839896	765096	0.29	10824.50	0.00	0.00	0	perf_experiment
06:14:51 AM	1006	220281	96.00	2.00	0.00	0.00	98.00	6	8260.00	0.00	840148	765276	0.29	10513.50	32768.00	0.00	3	perf_experiment
06:14:52 AM	1006	220281	97.00	3.00	0.00	0.00	100.00	6	64.00	0.00	840416	765472	0.29	10575.50	0.00	0.00	0	perf_experiment
06:14:53 AM	1006	220281	99.00	1.00	0.00	0.00	100.00	6	75.00	0.00	840680	765700	0.29	11028.50	0.00	0.00	0	perf_experiment
06:14:54 AM	1006	220281	98.00	3.00	0.00	0.00	101.00	6	76.00	0.00	840924	765928	0.29	10706.50	0.00	0.00	0	perf_experiment
06:14:55 AM	1006	220281	96.00	3.00	0.00	0.00	99.00	6	70.00	0.00	841180	766300	0.29	11038.50	0.00	0.00	0	perf_experiment
06:14:56 AM	1006	220281	96.00	5.00	0.00	0.00	101.00	6	75.00	0.00	841444	766564	0.29	10600.00	0.00	0.00	0	perf_experiment
06:14:57 AM	1006	220281	98.00	2.00	0.00	0.00	100.00	6	70.00	0.00	841568	766688	0.29	10947.50	0.00	0.00	0	perf_experiment
06:14:58 AM	1006	220281	98.00	2.00	0.00	0.00	100.00	6	76.00	0.00	841836	766904	0.29	10884.00	0.00	0.00	0	perf_experiment
06:14:59 AM	1006	220281	97.00	2.00	0.00	0.00	99.00	6	80.00	0.00	842100	767220	0.29	10698.50	0.00	0.00	0	perf_experiment
06:15:00 AM	1006	220281	95.00	3.00	0.00	0.00	98.00	6	8259.00	0.00	842364	767372	0.29	10504.50	32768.00	0.00	2	perf_experiment
06:15:01 AM	1006	220281	98.00	2.00	0.00	0.00	100.00	6	78.00	0.00	842628	767748	0.29	10895.00	0.00	0.00	0	perf_experiment
06:15:02 AM	1006	220281	99.00	1.00	0.00	0.00	100.00	6	375.00	0.00	842872	768008	0.29	10811.50	0.00	0.00	0	perf_experiment
06:15:03 AM	1006	220281	98.00	2.00	0.00	0.00	100.00	6	279.00	0.00	843128	768248	0.29	10842.00	0.00	0.00	0	perf_experiment
06:15:04 AM	1006	220281	98.00	2.00	0.00	0.00	100.00	6	82.00	0.00	843392	768512	0.29	10703.00	0.00	0.00	0	perf_experiment
06:15:05 AM	1006	220281	97.00	3.00	0.00	0.00	100.00	6	74.00	0.00	843516	768636	0.29	11084.00	0.00	0.00	0	perf_experiment
06:15:06 AM	1006	220281	97.00	3.00	0.00	0.00	100.00	6	72.00	0.00	843784	768852	0.29	10641.00	0.00	0.00	0	perf_experiment
06:15:07 AM	1006	220281	97.00	3.00	0.00	0.00	100.00	6	77.00	0.00	844048	769168	0.29	10922.00	0.00	0.00	0	perf_experiment
06:15:08 AM	1006	220281	97.00	3.00	0.00	0.00	100.00	6	66.00	0.00	844312	769296	0.29	10550.50	0.00	0.00	0	perf_experiment
06:15:09 AM	1006	220281	96.00	2.00	0.00	0.00	98.00	6	8266.00	0.00	844572	769560	0.29	10782.00	32768.00	0.00	2	perf_experiment
06:15:10 AM	1006	220281	97.00	3.00	0.00	0.00	100.00	6	63.00	0.00	844708	769780	0.29	10685.00	0.00	0.00	0	perf_experiment
06:15:11 AM	1006	220281	98.00	1.00	0.00	0.00	99.00	6	76.00	0.00	844972	770172	0.29	10987.50	0.00	0.00	0	perf_experiment
06:15:12 AM	1006	220281	98.00	3.00	0.00	0.00	101.00	6	75.00	0.00	845232	770428	0.29	10562.00	0.00	0.00	0	perf_experiment
06:15:13 AM	1006	220281	97.00	3.00	0.00	0.00	100.00	6	73.00	0.00	845500	770652	0.29	10960.00	0.00	0.00	0	perf_experiment
06:15:14 AM	1006	220281	97.00	2.00	0.00	0.00	99.00	6	67.00	0.00	845756	770876	0.29	10755.50	0.00	0.00	0	perf_experiment
06:15:15 AM	1006	220281	98.00	3.00	0.00	0.00	101.00	6	74.00	0.00	846020	771004	0.29	10787.00	0.00	0.00	0	perf_experiment
06:15:16 AM	1006	220281	99.00	1.00	0.00	0.00	100.00	6	71.00	0.00	846276	771396	0.29	10895.50	0.00	0.00	0	perf_experiment
06:15:17 AM	1006	220281	94.00	3.00	0.00	0.00	97.00	6	8267.00	0.00	846528	771648	0.29	10402.50	32768.00	0.00	3	perf_experiment
06:15:18 AM	1006	220281	97.00	4.00	0.00	0.00	101.00	6	62.00	0.00	846664	771872	0.29	10784.50	0.00	0.00	0	perf_experiment
06:15:19 AM	1006	220281	97.00	3.00	0.00	0.00	100.00	6	74.00	0.00	846932	772064	0.29	10850.50	0.00	0.00	0	perf_experiment
06:15:20 AM	1006	220281	95.00	4.00	0.00	0.00	99.00	6	76.00	0.00	847192	772316	0.29	10887.50	0.00	0.00	0	perf_experiment
06:15:21 AM	1006	220281	99.00	2.00	0.00	0.00	101.00	6	74.00	0.00	847456	772444	0.29	10789.50	0.00	0.00	0	perf_experiment
06:15:22 AM	1006	220281	96.00	3.00	0.00	0.00	99.00	6	287.00	0.00	847716	772836	0.29	10733.50	0.00	0.00	0	perf_experiment
06:15:23 AM	1006	220281	95.00	5.00	0.00	0.00	100.00	6	1043.00	0.00	847984	773124	0.29	11011.50	0.00	0.00	0	perf_experiment
06:15:24 AM	1006	220281	98.00	3.00	0.00	0.00	101.00	6	992.00	0.00	848120	773348	0.29	10570.00	0.00	0.00	0	perf_experiment
06:15:25 AM	1006	220281	98.00	2.00	0.00	0.00	100.00	6	1068.00	0.00	848388	773596	0.29	11252.00	0.00	0.00	0	perf_experiment
06:15:26 AM	1006	220281	95.00	2.00	0.00	0.00	97.00	6	9135.00	0.00	848648	773840	0.29	10034.00	32768.00	0.00	2	perf_experiment
06:15:27 AM	1006	220281	97.00	3.00	0.00	0.00	100.00	6	1055.00	0.00	848912	774072	0.29	11140.00	0.00	0.00	0	perf_experiment
06:15:28 AM	1006	220281	98.00	2.00	0.00	0.00	100.00	6	1000.00	0.00	849176	774304	0.29	10620.50	0.00	0.00	0	perf_experiment
06:15:29 AM	1006	220281	100.00	0.00	0.00	0.00	100.00	6	1013.00	0.00	849444	774548	0.29	10749.50	0.00	0.00	0	perf_experiment
06:15:30 AM	1006	220281	97.00	3.00	0.00	0.00	100.00	6	1007.00	0.00	849572	774776	0.29	10745.50	0.00	0.00	0	perf_experiment
06:15:31 AM	1006	220281	98.00	2.00	0.00	0.00	100.00	6	1070.00	0.00	849824	775056	0.29	11251.50	0.00	0.00	0	perf_experiment
06:15:32 AM	1006	220281	96.00	4.00	0.00	0.00	100.00	6	987.00	0.00	850092	775280	0.29	10450.50	0.00	0.00	0	perf_experiment
06:15:33 AM	1006	220281	98.00	2.00	0.00	0.00	100.00	6	1035.00	0.00	850348	775516	0.29	10986.50	0.00	0.00	0	perf_experiment
06:15:34 AM	1006	220281	98.00	2.00	0.00	0.00	100.00	6	996.00	0.00	850612	775760	0.29	10489.50	0.00	0.00	0	perf_experiment
06:15:35 AM	1006	220281	92.00	5.00	0.00	0.00	97.00	6	8307.00	0.00	850872	775860	0.29	11089.00	32768.00	0.00	2	perf_experiment
06:15:36 AM	1006	220281	95.00	6.00	0.00	0.00	101.00	6	64.00	0.00	851008	776064	0.29	10661.50	0.00	0.00	0	perf_experiment
06:15:37 AM	1006	220281	98.00	1.00	0.00	0.00	99.00	6	72.00	0.00	851272	776480	0.29	10680.00	0.00	0.00	0	perf_experiment
06:15:38 AM	1006	220281	98.00	2.00	0.00	0.00	100.00	6	74.00	0.00	851532	776744	0.29	10925.50	0.00	0.00	0	perf_experiment
06:15:39 AM	1006	220281	97.00	4.00	0.00	0.00	101.00	6	73.00	0.00	851800	776964	0.29	11217.00	0.00	0.00	0	perf_experiment
06:15:40 AM	1006	220281	96.00	3.00	0.00	1.00	99.00	6	71.00	0.00	852056	777176	0.29	10482.50	0.00	0.00	0	perf_experiment
06:15:41 AM	1006	220281	99.00	2.00	0.00	0.00	101.00	6	76.00	0.00	852316	777304	0.29	10926.00	0.00	0.00	0	perf_experiment
06:15:42 AM	1006	220281	96.00	4.00	0.00	0.00	100.00	6	131.00	0.00	852576	777688	0.29	11076.50	0.00	0.00	0	perf_experiment
06:15:43 AM	1006	220281	94.00	3.00	0.00	0.00	97.00	6	8354.00	0.00	852704	777908	0.29	10356.00	32768.00	0.00	3	perf_experiment
06:15:44 AM	1006	220281	99.00	1.00	0.00	0.00	100.00	6	157.00	0.00	853092	778220	0.30	10690.00	0.00	0.00	0	perf_experiment
06:15:45 AM	1006	220281	97.00	3.00	0.00	0.00	100.00	6	103.00	0.00	853220	778340	0.30	11073.50	0.00	0.00	0	perf_experiment
06:15:46 AM	1006	220281	98.00	3.00	0.00	0.00	101.00	6	93.00	0.00	853484	778604	0.30	10636.00	0.00	0.00	0	perf_experiment
06:15:47 AM	1006	220281	98.00	1.00	0.00	0.00	99.00	6	102.00	0.00	853740	778868	0.30	10846.50	0.00	0.00	0	perf_experiment
06:15:48 AM	1006	220281	98.00	2.00	0.00	0.00	100.00	6	66.00	0.00	854000	778988	0.30	10899.00	0.00	0.00	0	perf_experiment
06:15:49 AM	1006	220281	96.00	4.00	0.00	0.00	100.00	6	75.00	0.00	854268	779208	0.30	10872.00	0.00	0.00	0	perf_experiment
06:15:50 AM	1006	220281	97.00	3.00	0.00	0.00	100.00	6	71.00	0.00	854404	779640	0.30	10694.50	0.00	0.00	0	perf_experiment
06:15:51 AM	1006	220281	99.00	2.00	0.00	0.00	101.00	6	73.00	0.00	854664	779784	0.30	11036.00	0.00	0.00	0	perf_experiment
06:15:52 AM	1006	220281	96.00	1.00	0.00	0.00	97.00	6	8267.00	0.00	854928	780112	0.30	10339.50	32768.00	0.00	2	perf_experiment
06:15:53 AM	1006	220281	97.00	3.00	0.00	0.00	100.00	6	82.00	0.00	855188	780308	0.30	11029.00	0.00	0.00	0	perf_experiment
06:15:54 AM	1006	220281	96.00	4.00	0.00	0.00	100.00	6	68.00	0.00	855436	780436	0.30	10731.00	0.00	0.00	0	perf_experiment
06:15:55 AM	1006	220281	96.00	4.00	0.00	0.00	100.00	6	78.00	0.00	855688	780808	0.30	11039.50	0.00	0.00	0	perf_experiment
06:15:56 AM	1006	220281	98.00	2.00	0.00	0.00	100.00	6	70.00	0.00	855944	780932	0.30	10584.50	0.00	0.00	0	perf_experiment
06:15:57 AM	1006	220281	97.00	3.00	0.00	0.00	100.00	6	73.00	0.00	856216	781144	0.30	11150.00	0.00	0.00	0	perf_experiment
06:15:58 AM	1006	220281	98.00	2.00	0.00	0.00	100.00	6	74.00	0.00	856480	781464	0.30	10750.00	0.00	0.00	0	perf_experiment
06:15:59 AM	1006	220281	98.00	2.00	0.00	0.00	100.00	6	69.00	0.00	856616	781684	0.30	10721.00	0.00	0.00	0	perf_experiment
06:16:00 AM	1006	220281	94.00	3.00	0.00	0.00	97.00	6	8260.00	0.00	856880	782072	0.30	10554.50	32768.00	0.00	2	perf_experiment
06:16:01 AM	1006	220281	98.00	2.00	0.00	0.00	100.00	6	73.00	0.00	857148	782192	0.30	11017.50	0.00	0.00	0	perf_experiment
06:16:02 AM	1006	220281	98.00	3.00	0.00	0.00	101.00	6	600.00	0.00	857412	782564	0.30	10657.50	0.00	0.00	0	perf_experiment
06:16:03 AM	1006	220281	96.00	3.00	0.00	0.00	99.00	6	2757.00	0.00	857660	782812	0.30	10936.00	0.00	0.00	0	perf_experiment
06:16:04 AM	1006	220281	98.00	3.00	0.00	0.00	101.00	6	1795.00	0.00	857912	783056	0.30	10702.00	0.00	0.00	0	perf_experiment
06:16:05 AM	1006	220281	96.00	3.00	0.00	0.00	99.00	6	1759.00	0.00	858044	783272	0.30	10905.00	0.00	0.00	0	perf_experiment
06:16:06 AM	1006	220281	97.00	4.00	0.00	0.00	101.00	6	1167.00	0.00	858312	783500	0.30	10813.00	0.00	0.00	0	perf_experiment
06:16:07 AM	1006	220281	97.00	3.00	0.00	0.00	100.00	6	1024.00	0.00	858572	783772	0.30	10864.00	0.00	0.00	0	perf_experiment
06:16:08 AM	1006	220281	97.00	3.00	0.00	0.00	100.00	6	1008.00	0.00	858836	784004	0.30	10653.00	0.00	0.00	0	perf_experiment
06:16:09 AM	1006	220281	94.00	3.00	0.00	0.00	97.00	6	9189.00	0.00	859096	784268	0.30	10525.50	32768.00	0.00	3	perf_experiment
06:16:10 AM	1006	220281	98.00	2.00	0.00	0.00	100.00	6	1007.00	0.00	859356	784480	0.30	10759.00	0.00	0.00	0	perf_experiment
06:16:11 AM	1006	220281	95.00	5.00	0.00	0.00	100.00	6	1037.00	0.00	859624	784744	0.30	10900.00	0.00	0.00	0	perf_experiment
06:16:12 AM	1006	220281	98.00	2.00	0.00	0.00	100.00	6	1013.00	0.00	859860	784992	0.30	10762.00	0.00	0.00	0	perf_experiment
06:16:13 AM	1006	220281	97.00	3.00	0.00	0.00	100.00	6	1017.00	0.00	859992	785200	0.30	10826.00	0.00	0.00	0	perf_experiment
06:16:14 AM	1006	220281	97.00	3.00	0.00	0.00	100.00	6	1020.00	0.00	860252	785472	0.30	10828.50	0.00	0.00	0	perf_experiment
06:16:15 AM	1006	220281	97.00	3.00	0.00	0.00	100.00	6	1023.00	0.00	860516	785720	0.30	10874.50	0.00	0.00	0	perf_experiment
06:16:16 AM	1006	220281	97.00	3.00	0.00	0.00	100.00	6	1006.00	0.00	860784	785928	0.30	10693.50	0.00	0.00	0	perf_experiment
06:16:17 AM	1006	220281	97.00	3.00	0.00	0.00	100.00	6	1025.00	0.00	861056	786184	0.30	10891.00	0.00	0.00	0	perf_experiment
06:16:18 AM	1006	220281	95.00	2.00	0.00	0.00	97.00	6	8511.00	0.00	861328	786360	0.30	10508.00	32768.00	0.00	2	perf_experiment
06:16:19 AM	1006	220281	98.00	3.00	0.00	0.00	101.00	6	65.00	0.00	861456	786440	0.30	10744.00	0.00	0.00	0	perf_experiment
06:16:20 AM	1006	220281	98.02	0.99	0.00	0.00	99.01	6	80.20	0.00	861824	786944	0.30	10820.79	0.00	0.00	0	perf_experiment
06:16:21 AM	1006	220281	97.00	3.00	0.00	0.00	100.00	6	65.00	0.00	861960	787168	0.30	10704.50	0.00	0.00	0	perf_experiment
06:16:22 AM	1006	220281	96.00	4.00	0.00	0.00	100.00	6	95.00	0.00	862228	787396	0.30	10838.00	0.00	0.00	0	perf_experiment
06:16:23 AM	1006	220281	97.00	2.00	0.00	0.00	99.00	6	73.00	0.00	862492	787612	0.30	10828.50	0.00	0.00	0	perf_experiment
06:16:24 AM	1006	220281	98.00	2.00	0.00	0.00	100.00	6	67.00	0.00	862756	787816	0.30	10913.50	0.00	0.00	0	perf_experiment
06:16:25 AM	1006	220281	97.00	3.00	0.00	0.00	100.00	6	60.00	0.00	862884	788004	0.30	10817.00	0.00	0.00	0	perf_experiment
06:16:26 AM	1006	220281	97.00	3.00	0.00	0.00	100.00	6	58.00	0.00	863148	788232	0.30	10874.00	0.00	0.00	0	perf_experiment
06:16:27 AM	1006	220281	96.00	2.00	0.00	0.00	98.00	6	8252.00	0.00	863280	788436	0.30	10691.50	32768.00	0.00	3	perf_experiment
06:16:28 AM	1006	220281	98.00	2.00	0.00	0.00	100.00	6	67.00	0.00	863540	788524	0.30	10878.00	0.00	0.00	0	perf_experiment
06:16:29 AM	1006	220281	97.00	4.00	0.00	0.00	101.00	6	62.00	0.00	863792	788912	0.30	10966.50	0.00	0.00	0	perf_experiment
06:16:30 AM	1006	220281	97.00	2.00	0.00	0.00	99.00	6	54.00	0.00	863924	788912	0.30	10634.00	0.00	0.00	0	perf_experiment
06:16:31 AM	1006	220281	98.00	2.00	0.00	0.00	100.00	6	67.00	0.00	864192	789140	0.30	11286.50	0.00	0.00	0	perf_experiment
06:16:32 AM	1006	220281	98.00	2.00	0.00	0.00	100.00	6	60.00	0.00	864328	789364	0.30	10633.50	0.00	0.00	0	perf_experiment
06:16:33 AM	1006	220281	97.00	3.00	0.00	0.00	100.00	6	75.00	0.00	864600	789808	0.30	11134.00	0.00	0.00	0	perf_experiment
06:16:34 AM	1006	220281	96.00	5.00	0.00	0.00	101.00	6	71.00	0.00	864864	790016	0.30	10740.50	0.00	0.00	0	perf_experiment
06:16:35 AM	1006	220281	96.00	3.00	0.00	0.00	99.00	6	84.00	0.00	865132	790220	0.30	10871.50	0.00	0.00	0	perf_experiment
06:16:36 AM	1006	220281	94.00	4.00	0.00	0.00	98.00	6	8259.00	0.00	865268	790472	0.30	10259.00	32768.00	0.00	2	perf_experiment
06:16:37 AM	1006	220281	99.00	1.00	0.00	0.00	100.00	6	80.00	0.00	865540	790616	0.30	11134.00	0.00	0.00	0	perf_experiment
06:16:38 AM	1006	220281	96.00	4.00	0.00	0.00	100.00	6	60.00	0.00	865808	790796	0.30	10739.00	0.00	0.00	0	perf_experiment
06:16:39 AM	1006	220281	98.00	2.00	0.00	0.00	100.00	6	67.00	0.00	866072	791012	0.30	11051.50	0.00	0.00	0	perf_experiment
06:16:40 AM	1006	220281	98.00	2.00	0.00	0.00	100.00	6	62.00	0.00	866208	791236	0.30	10871.50	0.00	0.00	0	perf_experiment
06:16:41 AM	1006	220281	99.00	1.00	0.00	0.00	100.00	6	80.00	0.00	866468	791588	0.30	10931.00	0.00	0.00	0	perf_experiment
06:16:42 AM	1006	220281	98.00	2.00	0.00	0.00	100.00	6	49.00	0.00	866708	791828	0.30	10879.50	0.00	0.00	0	perf_experiment
06:16:43 AM	1006	220281	98.00	2.00	0.00	0.00	100.00	6	65.00	0.00	866844	792044	0.30	10977.50	0.00	0.00	0	perf_experiment
06:16:44 AM	1006	220281	98.00	2.00	0.00	0.00	100.00	6	71.00	0.00	867104	792224	0.30	10982.50	0.00	0.00	0	perf_experiment
06:16:45 AM	1006	220281	97.00	3.00	0.00	0.00	100.00	6	58.00	0.00	867240	792436	0.30	10857.50	0.00	0.00	0	perf_experiment
06:16:46 AM	1006	220281	97.00	1.00	0.00	0.00	98.00	6	8263.00	0.00	867492	792612	0.30	10628.50	32768.00	0.00	2	perf_experiment
06:16:47 AM	1006	220281	96.00	4.00	0.00	0.00	100.00	6	70.00	0.00	867756	792876	0.30	10727.00	0.00	0.00	0	perf_experiment
06:16:48 AM	1006	220281	97.00	2.00	0.00	0.00	99.00	6	76.00	0.00	868020	793092	0.30	10980.50	0.00	0.00	0	perf_experiment
06:16:49 AM	1006	220281	98.00	3.00	0.00	0.00	101.00	6	62.00	0.00	868156	793316	0.30	10706.50	0.00	0.00	0	perf_experiment
06:16:50 AM	1006	220281	95.00	4.00	0.00	0.00	99.00	6	75.00	0.00	868420	793628	0.30	10899.00	0.00	0.00	0	perf_experiment
06:16:51 AM	1006	220281	98.00	2.00	0.00	0.00	100.00	6	76.00	0.00	868680	793888	0.30	10831.50	0.00	0.00	0	perf_experiment
06:16:52 AM	1006	220281	97.00	3.00	0.00	0.00	100.00	6	61.00	0.00	868952	794120	0.30	10924.00	0.00	0.00	0	perf_experiment
06:16:53 AM	1006	220281	96.00	5.00	0.00	0.00	101.00	6	1590.00	0.00	869084	794312	0.30	10775.50	0.00	0.00	0	perf_experiment
06:16:54 AM	1006	220281	98.00	2.00	0.00	0.00	100.00	6	1043.00	0.00	869324	794524	0.30	10927.50	0.00	0.00	0	perf_experiment
06:16:55 AM	1006	220281	94.00	4.00	0.00	0.00	98.00	6	9079.00	0.00	869596	794724	0.30	10643.00	32768.00	0.00	3	perf_experiment
06:16:56 AM	1006	220281	98.00	2.00	0.00	0.00	100.00	6	775.00	0.00	869732	794940	0.30	10846.50	0.00	0.00	0	perf_experiment
06:16:57 AM	1006	220281	97.00	2.00	0.00	0.00	99.00	6	174.00	0.00	870000	795088	0.30	11049.00	0.00	0.00	0	perf_experiment
06:16:58 AM	1006	220281	98.00	3.00	0.00	0.00	101.00	6	83.00	0.00	870260	795248	0.30	10774.50	0.00	0.00	0	perf_experiment
06:16:59 AM	1006	220281	95.00	4.00	0.00	0.00	99.00	6	56.00	0.00	870392	795444	0.30	10897.50	0.00	0.00	0	perf_experiment
06:17:00 AM	1006	220281	98.00	3.00	0.00	0.00	101.00	6	60.00	0.00	870648	795768	0.30	10865.50	0.00	0.00	0	perf_experiment
06:17:01 AM	1006	220281	96.00	3.00	0.00	0.00	99.00	6	67.00	0.00	870784	795992	0.30	11014.00	0.00	0.00	0	perf_experiment
06:17:02 AM	1006	220281	96.00	4.00	0.00	0.00	100.00	6	73.00	0.00	871052	796228	0.30	10511.00	0.00	0.00	0	perf_experiment
06:17:03 AM	1006	220281	96.00	4.00	0.00	0.00	100.00	6	68.00	0.00	871304	796428	0.30	11186.50	0.00	0.00	0	perf_experiment
06:17:04 AM	1006	220281	96.00	3.00	0.00	0.00	99.00	6	8260.00	0.00	871576	796752	0.30	10222.00	32768.00	0.00	0	perf_experiment
06:17:05 AM	1006	220281	95.00	4.00	0.00	0.00	99.00	6	73.00	0.00	871848	796856	0.30	11070.00	0.00	0.00	2	perf_experiment
06:17:06 AM	1006	220281	96.00	4.00	0.00	0.00	100.00	6	61.00	0.00	871984	797084	0.30	10984.50	0.00	0.00	0	perf_experiment
06:17:07 AM	1006	220281	97.00	2.00	0.00	0.00	99.00	6	64.00	0.00	872248	797368	0.30	10627.50	0.00	0.00	0	perf_experiment
06:17:08 AM	1006	220281	98.00	3.00	0.00	0.00	101.00	6	580.00	0.00	872512	797632	0.30	11267.50	0.00	0.00	0	perf_experiment
06:17:09 AM	1006	220281	98.00	2.00	0.00	0.00	100.00	6	51.00	0.00	872648	797708	0.30	10557.00	0.00	0.00	0	perf_experiment
06:17:10 AM	1006	220281	97.00	3.00	0.00	0.00	100.00	6	65.00	0.00	872912	797940	0.30	11156.00	0.00	0.00	0	perf_experiment
06:17:11 AM	1006	220281	98.00	2.00	0.00	0.00	100.00	6	54.00	0.00	873036	798164	0.30	10677.00	0.00	0.00	0	perf_experiment
06:17:12 AM	1006	220281	96.00	4.00	0.00	0.00	100.00	6	68.00	0.00	873296	798416	0.30	11178.50	0.00	0.00	0	perf_experiment
06:17:13 AM	1006	220281	95.00	4.00	0.00	0.00	99.00	6	64.00	0.00	873548	798668	0.30	10588.00	0.00	0.00	0	perf_experiment
06:17:14 AM	1006	220281	96.00	3.00	0.00	0.00	99.00	6	8455.00	0.00	873680	798912	0.30	10664.00	32768.00	0.00	2	perf_experiment
06:17:15 AM	1006	220281	98.00	2.00	0.00	0.00	100.00	6	1024.00	0.00	873948	799172	0.30	10891.50	0.00	0.00	0	perf_experiment
06:17:16 AM	1006	220281	98.00	2.00	0.00	0.00	100.00	6	995.00	0.00	874216	799384	0.30	10546.00	0.00	0.00	0	perf_experiment
06:17:17 AM	1006	220281	95.00	5.00	0.00	0.00	100.00	6	1048.00	0.00	874488	799632	0.30	11166.50	0.00	0.00	0	perf_experiment
06:17:18 AM	1006	220281	98.00	2.00	0.00	0.00	100.00	6	1013.00	0.00	874716	799900	0.30	10637.00	0.00	0.00	0	perf_experiment
06:17:19 AM	1006	220281	98.00	2.00	0.00	0.00	100.00	6	1002.00	0.00	874972	800128	0.30	10943.00	0.00	0.00	0	perf_experiment
06:17:20 AM	1006	220281	99.00	1.00	0.00	0.00	100.00	6	882.00	0.00	875108	800316	0.30	10859.50	0.00	0.00	0	perf_experiment
06:17:21 AM	1006	220281	97.00	3.00	0.00	0.00	100.00	6	891.00	0.00	875376	800528	0.30	10837.50	0.00	0.00	0	perf_experiment
06:17:22 AM	1006	220281	96.00	4.00	0.00	0.00	100.00	6	894.00	0.00	875504	800732	0.30	11031.50	0.00	0.00	0	perf_experiment
06:17:23 AM	1006	220281	96.00	2.00	0.00	0.00	98.00	6	9057.00	0.00	875772	800956	0.30	10528.00	32768.00	0.00	3	perf_experiment
06:17:24 AM	1006	220281	97.00	3.00	0.00	0.00	100.00	6	60.00	0.00	876044	801016	0.30	10773.00	0.00	0.00	0	perf_experiment
06:17:25 AM	1006	220281	97.00	3.00	0.00	0.00	100.00	6	61.00	0.00	876176	801248	0.30	11145.50	0.00	0.00	0	perf_experiment
06:17:26 AM	1006	220281	96.00	4.00	0.00	0.00	100.00	6	67.00	0.00	876444	801472	0.30	10796.50	0.00	0.00	0	perf_experiment
06:17:27 AM	1006	220281	97.00	3.00	0.00	0.00	100.00	6	65.00	0.00	876712	801696	0.30	10958.50	0.00	0.00	0	perf_experiment
06:17:28 AM	1006	220281	98.00	2.00	0.00	0.00	100.00	6	66.00	0.00	876836	801832	0.30	11063.00	0.00	0.00	0	perf_experiment
06:17:29 AM	1006	220281	97.00	3.00	0.00	0.00	100.00	6	70.00	0.00	877096	802276	0.30	10747.00	0.00	0.00	0	perf_experiment
06:17:30 AM	1006	220281	97.00	2.00	0.00	0.00	99.00	6	68.00	0.00	877356	802344	0.30	10727.50	0.00	0.00	0	perf_experiment
06:17:31 AM	1006	220281	97.00	3.00	0.00	0.00	100.00	6	82.00	0.00	877612	802600	0.30	11098.00	0.00	0.00	0	perf_experiment
06:17:32 AM	1006	220281	97.00	4.00	0.00	0.00	101.00	6	63.00	0.00	877748	802808	0.30	10661.50	0.00	0.00	0	perf_experiment
06:17:33 AM	1006	220281	95.00	2.00	0.00	0.00	97.00	6	8269.00	0.00	878016	803208	0.30	10690.50	32768.00	0.00	2	perf_experiment
06:17:34 AM	1006	220281	96.00	4.00	0.00	0.00	100.00	6	71.00	0.00	878284	803424	0.30	10987.00	0.00	0.00	0	perf_experiment
06:17:35 AM	1006	220281	98.00	2.00	0.00	0.00	100.00	6	57.00	0.00	878416	803644	0.30	10835.00	0.00	0.00	0	perf_experiment
06:17:36 AM	1006	220281	97.00	3.00	0.00	0.00	100.00	6	62.00	0.00	878684	803644	0.30	10921.50	0.00	0.00	0	perf_experiment
06:17:37 AM	1006	220281	98.00	2.00	0.00	0.00	100.00	6	64.00	0.00	878940	804060	0.30	11067.50	0.00	0.00	0	perf_experiment
06:17:38 AM	1006	220281	99.00	1.00	0.00	0.00	100.00	6	1354.00	0.00	879072	804292	0.30	10947.00	0.00	0.00	0	perf_experiment
06:17:39 AM	1006	220281	99.00	1.00	0.00	0.00	100.00	6	1015.00	0.00	879332	804540	0.30	10829.50	0.00	0.00	0	perf_experiment
06:17:40 AM	1006	220281	96.00	4.00	0.00	0.00	100.00	6	886.00	0.00	879592	804708	0.31	11140.00	0.00	0.00	0	perf_experiment
06:17:41 AM	1006	220281	96.00	4.00	0.00	0.00	100.00	6	748.00	0.00	879720	804936	0.31	10726.00	0.00	0.00	0	perf_experiment
06:17:42 AM	1006	220281	95.00	3.00	0.00	0.00	98.00	6	8369.00	0.00	879992	805168	0.31	10586.50	32768.00	0.00	2	perf_experiment
06:17:43 AM	1006	220281	97.00	3.00	0.00	0.00	100.00	6	109.00	0.00	880256	805240	0.31	11002.50	0.00	0.00	0	perf_experiment
06:17:44 AM	1006	220281	97.00	3.00	0.00	0.00	100.00	6	73.00	0.00	880524	805644	0.31	10676.00	0.00	0.00	0	perf_experiment
06:17:45 AM	1006	220281	97.00	3.00	0.00	0.00	100.00	6	71.00	0.00	880648	805768	0.31	11052.00	0.00	0.00	0	perf_experiment
06:17:46 AM	1006	220281	98.00	2.00	0.00	0.00	100.00	6	77.00	0.00	880916	805988	0.31	10718.00	0.00	0.00	0	perf_experiment
06:17:47 AM	1006	220281	97.00	2.00	0.00	0.00	99.00	6	68.00	0.00	881168	806180	0.31	11079.50	0.00	0.00	0	perf_experiment
06:17:48 AM	1006	220281	99.00	1.00	0.00	0.00	100.00	6	59.00	0.00	881428	806416	0.31	10944.50	0.00	0.00	0	perf_experiment
06:17:49 AM	1006	220281	97.00	4.00	0.00	0.00	101.00	6	58.00	0.00	881560	806640	0.31	10957.00	0.00	0.00	0	perf_experiment
06:17:50 AM	1006	220281	98.00	2.00	0.00	0.00	100.00	6	69.00	0.00	881828	806868	0.31	11131.00	0.00	0.00	0	perf_experiment
06:17:51 AM	1006	220281	98.00	2.00	0.00	0.00	100.00	6	62.00	0.00	882092	807100	0.31	10874.50	0.00	0.00	0	perf_experiment
06:17:52 AM	1006	220281	94.00	3.00	0.00	0.00	97.00	6	8249.00	0.00	882204	807348	0.31	10581.50	32768.00	0.00	3	perf_experiment
06:17:53 AM	1006	220281	96.00	4.00	0.00	0.00	100.00	6	1475.00	0.00	882460	807640	0.31	11011.50	0.00	0.00	0	perf_experiment
06:17:54 AM	1006	220281	98.00	2.00	0.00	0.00	100.00	6	1118.00	0.00	882596	807836	0.31	10980.00	0.00	0.00	0	perf_experiment
06:17:55 AM	1006	220281	100.00	1.00	0.00	0.00	101.00	6	1057.00	0.00	882860	808060	0.31	10904.00	0.00	0.00	0	perf_experiment
06:17:56 AM	1006	220281	98.00	1.00	0.00	0.00	99.00	6	1092.00	0.00	883128	808272	0.31	10883.00	0.00	0.00	0	perf_experiment
06:17:57 AM	1006	220281	99.00	2.00	0.00	0.00	101.00	6	1068.00	0.00	883400	808544	0.31	11030.00	0.00	0.00	0	perf_experiment
06:17:58 AM	1006	220281	96.00	4.00	0.00	0.00	100.00	6	1037.00	0.00	883668	808748	0.31	10696.00	0.00	0.00	0	perf_experiment
06:17:59 AM	1006	220281	96.00	3.00	0.00	0.00	99.00	6	1012.00	0.00	883796	809004	0.31	10764.50	0.00	0.00	0	perf_experiment
06:18:00 AM	1006	220281	99.00	1.00	0.00	0.00	100.00	6	1037.00	0.00	884052	809280	0.31	11034.00	0.00	0.00	0	perf_experiment
06:18:01 AM	1006	220281	95.00	3.00	0.00	0.00	98.00	6	8945.00	0.00	884320	809424	0.31	10813.50	32768.00	0.00	2	perf_experiment
06:18:02 AM	1006	220281	100.00	0.00	0.00	0.00	100.00	6	726.00	0.00	884456	809616	0.31	10744.00	0.00	0.00	0	perf_experiment
06:18:03 AM	1006	220281	97.00	3.00	0.00	0.00	100.00	6	758.00	0.00	884588	809792	0.31	11208.00	0.00	0.00	0	perf_experiment
06:18:04 AM	1006	220281	96.00	4.00	0.00	0.00	100.00	6	761.00	0.00	884848	809988	0.31	11175.00	0.00	0.00	0	perf_experiment
06:18:05 AM	1006	220281	96.00	4.00	0.00	0.00	100.00	6	741.00	0.00	884972	810180	0.31	10826.50	0.00	0.00	0	perf_experiment
06:18:06 AM	1006	220281	98.00	2.00	0.00	0.00	100.00	6	747.00	0.00	885108	810332	0.31	11150.50	0.00	0.00	0	perf_experiment
06:18:07 AM	1006	220281	97.00	3.00	0.00	0.00	100.00	6	757.00	0.00	885380	810504	0.31	11026.50	0.00	0.00	0	perf_experiment
06:18:08 AM	1006	220281	97.00	3.00	0.00	0.00	100.00	6	764.00	0.00	885512	810696	0.31	11014.00	0.00	0.00	0	perf_experiment
06:18:09 AM	1006	220281	96.00	4.00	0.00	0.00	100.00	6	756.00	0.00	885752	810872	0.31	11132.50	0.00	0.00	0	perf_experiment
06:18:10 AM	1006	220281	98.00	3.00	0.00	0.00	101.00	6	746.00	0.00	885880	811088	0.31	10855.50	0.00	0.00	0	perf_experiment
06:18:11 AM	1006	220281	98.00	2.00	0.00	0.00	100.00	6	739.00	0.00	886008	811224	0.31	11064.00	0.00	0.00	0	perf_experiment
06:18:12 AM	1006	220281	92.00	5.00	0.00	0.00	97.00	6	9075.00	0.00	886260	811448	0.31	10629.50	32768.00	0.00	2	perf_experiment
06:18:13 AM	1006	220281	98.00	2.00	0.00	0.00	100.00	6	77.00	0.00	886528	811700	0.31	10849.50	0.00	0.00	0	perf_experiment
06:18:14 AM	1006	220281	97.00	3.00	0.00	0.00	100.00	6	77.00	0.00	886788	811788	0.31	10744.00	0.00	0.00	0	perf_experiment
06:18:15 AM	1006	220281	99.00	1.00	0.00	0.00	100.00	6	68.00	0.00	887044	812164	0.31	10792.00	0.00	0.00	0	perf_experiment
06:18:16 AM	1006	220281	97.00	3.00	0.00	0.00	100.00	6	57.00	0.00	887180	812392	0.31	11009.00	0.00	0.00	0	perf_experiment
06:18:17 AM	1006	220281	97.00	3.00	0.00	0.00	100.00	6	49.00	0.00	887448	812392	0.31	10705.50	0.00	0.00	0	perf_experiment
06:18:18 AM	1006	220281	98.00	2.00	0.00	0.00	100.00	6	57.00	0.00	887580	812636	0.31	11242.00	0.00	0.00	0	perf_experiment
06:18:19 AM	1006	220281	97.00	3.00	0.00	0.00	100.00	6	47.00	0.00	887716	812872	0.31	10820.00	0.00	0.00	0	perf_experiment
06:18:20 AM	1006	220281	97.00	3.00	0.00	0.00	100.00	6	54.00	0.00	887988	813108	0.31	11111.00	0.00	0.00	0	perf_experiment
06:18:21 AM	1006	220281	97.00	3.00	0.00	1.00	100.00	6	40.00	0.00	888124	813108	0.31	11012.50	0.00	0.00	0	perf_experiment
06:18:22 AM	1006	220281	99.00	1.00	0.00	0.00	100.00	6	52.00	0.00	888260	813348	0.31	10850.00	0.00	0.00	0	perf_experiment
06:18:23 AM	1006	220281	96.00	2.00	0.00	0.00	98.00	6	9459.00	0.00	888532	813660	0.31	10790.00	32768.00	0.00	2	perf_experiment
06:18:24 AM	1006	220281	98.00	2.00	0.00	0.00	100.00	6	1260.00	0.00	888668	813832	0.31	11199.50	0.00	0.00	0	perf_experiment
06:18:25 AM	1006	220281	97.00	3.00	0.00	0.00	100.00	6	911.00	0.00	888932	814020	0.31	10818.50	0.00	0.00	0	perf_experiment
06:18:26 AM	1006	220281	97.03	1.98	0.00	0.00	99.01	6	882.18	0.00	889040	814176	0.31	10939.60	0.00	0.00	0	perf_experiment
06:18:27 AM	1006	220281	95.00	4.00	0.00	0.00	99.00	6	685.00	0.00	889176	814392	0.31	11152.50	0.00	0.00	0	perf_experiment
06:18:28 AM	1006	220281	98.00	3.00	0.00	0.00	101.00	6	244.00	0.00	889436	814612	0.31	10842.00	0.00	0.00	0	perf_experiment
06:18:29 AM	1006	220281	95.00	4.00	0.00	0.00	99.00	6	109.00	0.00	889704	814712	0.31	10728.00	0.00	0.00	0	perf_experiment
06:18:30 AM	1006	220281	97.00	3.00	0.00	0.00	100.00	6	73.00	0.00	889964	815084	0.31	10876.00	0.00	0.00	0	perf_experiment
06:18:31 AM	1006	220281	98.00	3.00	0.00	0.00	101.00	6	69.00	0.00	890216	815336	0.31	10779.00	0.00	0.00	0	perf_experiment
06:18:32 AM	1006	220281	99.00	1.00	0.00	0.00	100.00	6	55.00	0.00	890348	815548	0.31	10922.00	0.00	0.00	0	perf_experiment
06:18:33 AM	1006	220281	94.00	3.00	0.00	0.00	97.00	6	8244.00	0.00	890612	815732	0.31	10743.00	32768.00	0.00	3	perf_experiment
06:18:34 AM	1006	220281	99.00	2.00	0.00	0.00	101.00	6	52.00	0.00	890748	815732	0.31	10896.50	0.00	0.00	0	perf_experiment
06:18:35 AM	1006	220281	95.00	4.00	0.00	0.00	99.00	6	47.00	0.00	890884	815960	0.31	11112.50	0.00	0.00	0	perf_experiment
06:18:36 AM	1006	220281	97.00	3.00	0.00	0.00	100.00	6	57.00	0.00	891152	816196	0.31	11027.50	0.00	0.00	0	perf_experiment
06:18:37 AM	1006	220281	99.00	1.00	0.00	0.00	100.00	6	54.00	0.00	891284	816424	0.31	11034.00	0.00	0.00	0	perf_experiment
06:18:38 AM	1006	220281	96.00	4.00	0.00	0.00	100.00	6	436.00	0.00	891416	816624	0.31	11054.50	0.00	0.00	0	perf_experiment
06:18:39 AM	1006	220281	99.00	2.00	0.00	0.00	101.00	6	178.00	0.00	891688	816716	0.31	10900.00	0.00	0.00	0	perf_experiment
06:18:40 AM	1006	220281	98.00	1.00	0.00	0.00	99.00	6	54.00	0.00	891812	816932	0.31	11041.00	0.00	0.00	0	perf_experiment
06:18:41 AM	1006	220281	97.00	3.00	0.00	0.00	100.00	6	53.00	0.00	892072	817060	0.31	11082.00	0.00	0.00	0	perf_experiment
06:18:42 AM	1006	220281	96.00	4.00	0.00	0.00	100.00	6	46.00	0.00	892208	817288	0.31	10696.00	0.00	0.00	0	perf_experiment
06:18:43 AM	1006	220281	98.00	2.00	0.00	0.00	100.00	6	64.00	0.00	892344	817516	0.31	11237.00	0.00	0.00	0	perf_experiment
06:18:44 AM	1006	220281	94.00	4.00	0.00	0.00	98.00	6	8268.00	0.00	892608	817728	0.31	10285.00	32768.00	0.00	2	perf_experiment
