Time	UID	PID	%usr	%system	%guest	%wait	%CPU	CPU	minflt/s	majflt/s	VSZ	RSS	%MEM	kB_rd/s	kB_wr/s	kB_ccwr/s	iodelay	Command
01:34:28 AM	1006	218434	66.00	33.00	0.00	0.00	99.00	26	146021.00	0.00	664116	589076	0.22	0.00	4.00	0.00	0	perf_experiment
01:34:29 AM	1006	218434	70.00	30.00	0.00	0.00	100.00	26	10820.00	0.00	672564	597740	0.23	0.00	0.00	0.00	0	perf_experiment
01:34:30 AM	1006	218434	79.00	21.00	0.00	0.00	100.00	26	25115.00	0.00	680616	605780	0.23	0.00	0.00	0.00	0	perf_experiment
01:34:31 AM	1006	218434	81.00	19.00	0.00	0.00	100.00	26	25697.00	0.00	688272	613456	0.23	0.00	0.00	0.00	0	perf_experiment
01:34:32 AM	1006	218434	79.00	19.00	0.00	0.00	98.00	26	27786.00	0.00	695400	620528	0.24	0.00	32768.00	0.00	1	perf_experiment
01:34:33 AM	1006	218434	78.00	18.00	0.00	0.00	96.00	26	26519.00	0.00	701868	626896	0.24	0.00	65536.00	0.00	5	perf_experiment
01:34:34 AM	1006	218434	76.00	19.00	0.00	0.00	95.00	26	23574.00	0.00	707940	633116	0.24	0.00	65536.00	0.00	5	perf_experiment
01:34:35 AM	1006	218434	76.00	19.00	0.00	0.00	95.00	26	22541.00	0.00	713880	639028	0.24	0.00	65536.00	0.00	4	perf_experiment
01:34:36 AM	1006	218434	79.00	19.00	0.00	0.00	98.00	26	19142.00	0.00	719820	644964	0.24	0.00	32768.00	0.00	2	perf_experiment
01:34:37 AM	1006	218434	84.00	11.00	0.00	0.00	95.00	26	24949.00	0.00	725364	650492	0.25	0.00	65536.00	0.00	5	perf_experiment
01:34:38 AM	1006	218434	82.00	14.00	0.00	0.00	96.00	26	22043.00	0.00	730644	655812	0.25	0.00	65536.00	0.00	5	perf_experiment
01:34:39 AM	1006	218434	80.20	16.83	0.00	0.00	97.03	26	21414.85	0.00	242280	167544	0.06	0.00	32447.52	0.00	2	perf_experiment
