Time	UID	PID	%usr	%system	%guest	%wait	%CPU	CPU	minflt/s	majflt/s	VSZ	RSS	%MEM	kB_rd/s	kB_wr/s	kB_ccwr/s	iodelay	Command
12:49:28 PM	1006	221683	83.00	16.00	0.00	0.00	99.00	21	108049.00	0.00	483368	410368	0.16	0.00	4.00	0.00	0	perf_experiment
12:49:29 PM	1006	221683	83.00	17.00	0.00	0.00	100.00	21	152958.00	0.00	805664	732460	0.28	0.00	0.00	0.00	0	perf_experiment
12:49:30 PM	1006	221683	89.00	11.00	0.00	0.00	100.00	21	95976.00	0.00	1127612	1054652	0.40	0.00	0.00	0.00	0	perf_experiment
12:49:31 PM	1006	221683	80.00	20.00	0.00	0.00	100.00	21	215024.00	0.00	1443788	1370836	0.52	0.00	0.00	0.00	0	perf_experiment
12:49:32 PM	1006	221683	85.00	15.00	0.00	0.00	100.00	21	84982.00	0.00	1767452	1694308	0.64	0.00	0.00	0.00	0	perf_experiment
12:49:33 PM	1006	221683	95.00	5.00	0.00	0.00	100.00	21	90863.00	0.00	2090060	2016976	0.76	0.00	0.00	0.00	0	perf_experiment
12:49:34 PM	1006	221683	65.00	35.00	0.00	0.00	100.00	21	406692.00	0.00	2379080	2305952	0.87	0.00	0.00	0.00	0	perf_experiment
12:49:35 PM	1006	221683	93.00	7.00	0.00	0.00	100.00	21	82775.00	0.00	2703272	2630044	1.00	0.00	0.00	0.00	0	perf_experiment
12:49:36 PM	1006	221683	85.00	15.00	0.00	0.00	100.00	21	84091.00	0.00	3025880	2952924	1.12	0.00	0.00	0.00	0	perf_experiment
12:49:37 PM	1006	221683	89.00	11.00	0.00	0.00	100.00	21	86427.00	0.00	3349280	3276176	1.24	0.00	0.00	0.00	0	perf_experiment
12:49:38 PM	1006	221683	88.00	11.00	0.00	0.00	99.00	21	88449.00	0.00	3670964	3597824	1.36	0.00	0.00	0.00	0	perf_experiment
12:49:39 PM	1006	221683	85.00	16.00	0.00	0.00	101.00	21	92541.00	0.00	3991196	3918036	1.49	0.00	0.00	0.00	0	perf_experiment
12:49:40 PM	1006	221683	61.00	38.00	0.00	0.00	99.00	21	541608.00	0.00	4562388	4295552	1.63	0.00	0.00	0.00	0	perf_experiment
12:49:41 PM	1006	221683	75.00	25.00	0.00	0.00	100.00	21	279960.00	0.00	4557092	4483984	1.70	0.00	0.00	0.00	0	perf_experiment
12:49:42 PM	1006	221683	84.00	16.00	0.00	0.00	100.00	21	111570.00	0.00	4872440	4799436	1.82	0.00	0.00	0.00	0	perf_experiment
12:49:43 PM	1006	221683	87.00	14.00	0.00	0.00	101.00	21	88502.00	0.00	5193332	5120304	1.94	0.00	0.00	0.00	0	perf_experiment
12:49:44 PM	1006	221683	86.00	14.00	0.00	0.00	100.00	21	83625.00	0.00	5514092	5441060	2.06	0.00	0.00	0.00	0	perf_experiment
12:49:45 PM	1006	221683	94.00	6.00	0.00	0.00	100.00	21	83971.00	0.00	5708528	5635552	2.14	0.00	0.00	0.00	0	perf_experiment
12:49:46 PM	1006	221683	97.00	3.00	0.00	0.00	100.00	21	85838.00	0.00	5708528	5635552	2.14	0.00	0.00	0.00	0	perf_experiment
12:49:47 PM	1006	221683	95.00	5.00	0.00	0.00	100.00	21	87022.00	0.00	5708528	5635552	2.14	0.00	0.00	0.00	0	perf_experiment
12:49:48 PM	1006	221683	97.00	3.00	0.00	0.00	100.00	21	88017.00	0.00	5708528	5635552	2.14	0.00	0.00	0.00	0	perf_experiment
12:49:49 PM	1006	221683	96.00	4.00	0.00	0.00	100.00	21	88452.00	0.00	5708528	5635552	2.14	0.00	0.00	0.00	0	perf_experiment
12:49:50 PM	1006	221683	95.00	5.00	0.00	0.00	100.00	21	88225.00	0.00	5708528	5635552	2.14	0.00	0.00	0.00	0	perf_experiment
12:49:51 PM	1006	221683	97.00	3.00	0.00	0.00	100.00	21	88580.00	0.00	5708528	5635552	2.14	0.00	0.00	0.00	0	perf_experiment
12:49:52 PM	1006	221683	95.00	5.00	0.00	0.00	100.00	21	88532.00	0.00	5708528	5635552	2.14	0.00	0.00	0.00	0	perf_experiment
12:49:53 PM	1006	221683	95.00	5.00	0.00	0.00	100.00	21	88515.00	0.00	5708528	5635552	2.14	0.00	0.00	0.00	0	perf_experiment
12:49:54 PM	1006	221683	98.00	2.00	0.00	0.00	100.00	21	88573.00	0.00	5708528	5635552	2.14	0.00	0.00	0.00	0	perf_experiment
12:49:55 PM	1006	221683	95.00	5.00	0.00	0.00	100.00	21	88642.00	0.00	5708528	5635552	2.14	0.00	0.00	0.00	0	perf_experiment
12:49:56 PM	1006	221683	98.00	2.00	0.00	0.00	100.00	21	88697.00	0.00	5708528	5635552	2.14	0.00	0.00	0.00	0	perf_experiment
12:49:57 PM	1006	221683	97.00	3.00	0.00	0.00	100.00	21	89147.00	0.00	5708528	5635552	2.14	0.00	0.00	0.00	0	perf_experiment
12:49:58 PM	1006	221683	97.00	3.00	0.00	0.00	100.00	21	103463.00	0.00	5708528	5635552	2.14	0.00	0.00	0.00	0	perf_experiment
12:49:59 PM	1006	221683	92.00	8.00	0.00	0.00	100.00	21	136094.00	0.00	5708528	5635552	2.14	0.00	0.00	0.00	0	perf_experiment
12:50:00 PM	1006	221683	99.00	1.00	0.00	0.00	100.00	21	45488.00	0.00	5708528	5635552	2.14	0.00	4.00	0.00	0	perf_experiment
12:50:01 PM	1006	221683	73.00	27.00	0.00	0.00	100.00	21	51073.00	0.00	0	0	0.00	-1.00	-1.00	-1.00	0	perf_experiment
