Time	UID	PID	%usr	%system	%guest	%wait	%CPU	CPU	minflt/s	majflt/s	VSZ	RSS	%MEM	kB_rd/s	kB_wr/s	kB_ccwr/s	iodelay	Command
01:38:27 AM	1006	218573	108.00	39.00	0.00	0.00	147.00	57	68931.00	0.00	790396	171416	0.06	0.00	112656.00	0.00	0	perf_experiment
01:38:28 AM	1006	218573	112.00	34.00	0.00	0.00	146.00	57	39865.00	0.00	848992	230456	0.09	0.00	99844.00	0.00	0	perf_experiment
01:38:29 AM	1006	218573	104.00	38.00	0.00	0.00	142.00	57	66508.00	0.00	907572	290256	0.11	0.00	82952.00	0.00	0	perf_experiment
01:38:30 AM	1006	218573	112.00	31.00	0.00	0.00	143.00	57	34600.00	0.00	958776	343036	0.13	0.00	85000.00	0.00	0	perf_experiment
01:38:31 AM	1006	218573	113.00	47.00	0.00	0.00	160.00	57	38980.00	0.00	974724	359328	0.14	0.00	137736.00	0.00	0	perf_experiment
01:38:32 AM	1006	218573	116.00	23.00	0.00	0.00	139.00	57	29461.00	0.00	1025564	414652	0.16	0.00	71176.00	0.00	0	perf_experiment
01:38:33 AM	1006	218573	109.00	15.00	0.00	0.00	124.00	57	91086.00	0.00	1091924	480036	0.18	0.00	31240.00	0.00	0	perf_experiment
01:38:34 AM	1006	218573	115.00	10.00	0.00	0.00	125.00	57	22756.00	0.00	1151820	542264	0.21	0.00	29192.00	0.00	0	perf_experiment
01:38:35 AM	1006	218573	109.00	32.00	0.00	0.00	141.00	58	65643.00	0.00	1168564	559924	0.21	0.00	81416.00	0.00	0	perf_experiment
01:38:36 AM	1006	218573	112.00	44.00	0.00	0.00	156.00	58	34191.00	0.00	1185740	577212	0.22	0.00	111108.00	0.00	0	perf_experiment
01:38:37 AM	1006	218573	117.00	46.00	0.00	0.00	163.00	58	35475.00	0.00	1206932	597856	0.23	0.00	127496.00	0.00	0	perf_experiment
01:38:38 AM	1006	218573	117.00	31.00	0.00	0.00	148.00	58	34957.00	0.00	1235648	639280	0.24	0.00	98312.00	0.00	0	perf_experiment
01:38:39 AM	1006	218573	104.00	39.00	0.00	0.00	143.00	58	143000.00	0.00	1251620	662788	0.25	0.00	82952.00	0.00	0	perf_experiment
01:38:40 AM	1006	218573	109.00	25.00	0.00	0.00	134.00	58	41765.00	0.00	1309228	715604	0.27	0.00	57864.00	0.00	0	perf_experiment
01:38:41 AM	1006	218573	111.00	9.00	0.00	0.00	120.00	58	15551.00	0.00	1347632	754668	0.29	0.00	22536.00	0.00	0	perf_experiment
01:38:42 AM	1006	218573	115.00	20.00	0.00	0.00	135.00	58	17949.00	0.00	1369004	777652	0.29	0.00	57760.00	0.00	0	perf_experiment
01:38:43 AM	1006	218573	119.00	29.00	0.00	0.00	148.00	58	22467.00	0.00	1368480	777752	0.29	0.00	96136.00	0.00	0	perf_experiment
01:38:44 AM	1006	218573	120.00	42.00	0.00	0.00	162.00	58	31920.00	0.00	1376608	785744	0.30	0.00	121584.00	0.00	0	perf_experiment
01:38:45 AM	1006	218573	113.00	47.00	0.00	0.00	160.00	58	94436.00	0.00	1387876	796244	0.30	0.00	115208.00	0.00	0	perf_experiment
01:38:46 AM	1006	218573	106.00	29.00	0.00	0.00	135.00	58	90235.00	0.00	1430192	838944	0.32	0.00	57352.00	0.00	0	perf_experiment
01:38:47 AM	1006	218573	110.00	31.00	0.00	0.00	141.00	58	17337.00	0.00	1429668	838912	0.32	0.00	76808.00	0.00	0	perf_experiment
01:38:48 AM	1006	218573	104.00	15.00	0.00	0.00	119.00	58	45391.00	0.00	1429668	839520	0.32	0.00	18436.00	0.00	0	perf_experiment
01:38:49 AM	1006	218573	115.00	4.00	0.00	0.00	119.00	58	8941.00	0.00	1436436	847828	0.32	0.00	20484.00	0.00	0	perf_experiment
01:38:50 AM	1006	218573	116.00	14.00	0.00	0.00	130.00	58	12868.00	0.00	1452724	864972	0.33	0.00	50696.00	0.00	0	perf_experiment
01:38:51 AM	1006	218573	121.00	30.00	0.00	0.00	151.00	58	10546.00	0.00	1454092	867100	0.33	0.00	95240.00	0.00	0	perf_experiment
01:38:52 AM	1006	218573	114.00	43.00	0.00	0.00	157.00	58	21567.00	0.00	1458876	871240	0.33	0.00	108040.00	0.00	0	perf_experiment
01:38:53 AM	1006	218573	118.00	39.00	0.00	0.00	157.00	58	27139.00	0.00	1466040	877972	0.33	0.00	104968.00	0.00	0	perf_experiment
01:38:54 AM	1006	218573	113.00	23.00	0.00	0.00	136.00	58	81165.00	0.00	1466628	878660	0.33	0.00	59912.00	0.00	0	perf_experiment
01:38:55 AM	1006	218573	109.00	36.00	0.00	0.00	145.00	58	84106.00	0.00	1473492	885288	0.34	0.00	77160.00	0.00	0	perf_experiment
01:38:56 AM	1006	218573	115.00	12.00	0.00	0.00	127.00	58	6651.00	0.00	1475020	885108	0.34	0.00	44712.00	0.00	0	perf_experiment
01:38:57 AM	1006	218573	113.00	6.00	0.00	0.00	119.00	58	2654.00	0.00	1475544	885716	0.34	0.00	19976.00	0.00	0	perf_experiment
01:38:58 AM	1006	218573	110.00	12.00	0.00	0.00	122.00	58	65687.00	0.00	1492968	905200	0.34	0.00	24576.00	0.00	0	perf_experiment
01:38:59 AM	1006	218573	110.00	24.00	0.00	0.00	134.00	58	18297.00	0.00	1495872	909328	0.34	0.00	64016.00	0.00	0	perf_experiment
01:39:00 AM	1006	218573	119.00	28.00	0.00	0.00	147.00	58	23493.00	0.00	1496008	909496	0.34	0.00	92680.00	0.00	0	perf_experiment
01:39:01 AM	1006	218573	123.00	38.00	0.00	0.00	161.00	58	30129.00	0.00	1496008	909756	0.34	0.00	116232.00	0.00	0	perf_experiment
01:39:02 AM	1006	218573	115.00	35.00	0.00	0.00	150.00	58	23636.00	0.00	1496684	910124	0.35	0.00	92680.00	0.00	0	perf_experiment
01:39:03 AM	1006	218573	114.00	23.00	0.00	0.00	137.00	58	16395.00	0.00	1499384	912500	0.35	0.00	62984.00	0.00	0	perf_experiment
01:39:04 AM	1006	218573	110.00	23.00	0.00	0.00	133.00	58	14779.00	0.00	1499524	912428	0.35	0.00	58376.00	0.00	0	perf_experiment
01:39:05 AM	1006	218573	107.00	11.00	0.00	0.00	118.00	58	70395.00	0.00	1499000	912504	0.35	0.00	17928.00	0.00	0	perf_experiment
01:39:06 AM	1006	218573	110.00	9.00	0.00	0.00	119.00	58	5471.00	0.00	1500584	915064	0.35	0.00	19976.00	0.00	0	perf_experiment
01:39:07 AM	1006	218573	114.00	20.00	0.00	0.00	134.00	58	16502.00	0.00	1513184	927828	0.35	0.00	58888.00	0.00	0	perf_experiment
01:39:08 AM	1006	218573	120.00	26.00	0.00	0.00	146.00	58	13054.00	0.00	1515956	930824	0.35	0.00	88584.00	0.00	0	perf_experiment
01:39:09 AM	1006	218573	113.00	42.00	0.00	0.00	155.00	58	62619.00	0.00	1519136	934080	0.35	0.00	103292.00	0.00	0	perf_experiment
01:39:10 AM	1006	218573	116.00	42.00	0.00	0.00	158.00	58	57342.00	0.00	1522004	936872	0.36	0.00	106132.00	0.00	0	perf_experiment
01:39:11 AM	1006	218573	112.00	24.00	0.00	0.00	136.00	58	15311.00	0.00	1523740	938328	0.36	0.00	59908.00	0.00	0	perf_experiment
01:39:12 AM	1006	218573	115.00	29.00	0.00	0.00	144.00	58	20550.00	0.00	1528188	942460	0.36	0.00	76808.00	0.00	0	perf_experiment
01:39:13 AM	1006	218573	109.00	13.00	0.00	0.00	122.00	58	7788.00	0.00	1528188	942332	0.36	0.00	30728.00	0.00	0	perf_experiment
01:39:14 AM	1006	218573	107.00	10.00	0.00	0.00	117.00	58	63604.00	0.00	1528188	942768	0.36	0.00	18952.00	0.00	0	perf_experiment
01:39:15 AM	1006	218573	111.00	13.00	0.00	0.00	124.00	58	13392.00	0.00	1528188	944660	0.36	0.00	31752.00	0.00	0	perf_experiment
01:39:16 AM	1006	218573	117.00	23.00	0.00	0.00	140.00	58	19483.00	0.00	1534496	950692	0.36	0.00	72200.00	0.00	0	perf_experiment
01:39:17 AM	1006	218573	120.00	27.00	0.00	0.00	147.00	58	23487.00	0.00	1538696	954800	0.36	0.00	88584.00	0.00	0	perf_experiment
01:39:18 AM	1006	218573	122.00	36.00	0.00	0.00	158.00	58	37412.00	0.00	1547352	962824	0.37	0.00	106804.00	0.00	0	perf_experiment
01:39:19 AM	1006	218573	112.00	50.00	0.00	0.00	162.00	58	29430.00	0.00	1548456	964688	0.37	0.00	107228.00	0.00	0	perf_experiment
01:39:20 AM	1006	218573	119.00	16.00	0.00	0.00	135.00	58	14832.00	0.00	1551908	967668	0.37	0.00	56840.00	0.00	0	perf_experiment
01:39:21 AM	1006	218573	109.00	32.00	0.00	0.00	141.00	58	19595.00	0.00	1553176	968916	0.37	0.00	74760.00	0.00	0	perf_experiment
01:39:22 AM	1006	218573	109.00	8.00	0.00	0.00	117.00	58	13961.00	0.00	1553176	995024	0.38	0.00	17416.00	0.00	0	perf_experiment
01:39:23 AM	1006	218573	108.00	9.00	0.00	0.00	117.00	58	74159.00	0.00	1553176	1000520	0.38	0.00	18440.00	0.00	0	perf_experiment
01:39:24 AM	1006	218573	109.00	16.00	0.00	0.00	125.00	58	11649.00	0.00	1555984	1004328	0.38	0.00	39944.00	0.00	0	perf_experiment
01:39:25 AM	1006	218573	112.00	30.00	0.00	0.00	142.00	58	20121.00	0.00	1560284	1008752	0.38	0.00	76296.00	0.00	0	perf_experiment
01:39:26 AM	1006	218573	116.00	32.00	0.00	0.00	148.00	58	24508.00	0.00	1567776	1014988	0.38	0.00	90632.00	0.00	0	perf_experiment
01:39:27 AM	1006	218573	117.00	44.00	0.00	0.00	161.00	58	28047.00	0.00	1576704	1024020	0.39	0.00	109576.00	0.00	0	perf_experiment
01:39:28 AM	1006	218573	111.00	42.00	0.00	0.00	153.00	58	108889.00	0.00	1576180	1024060	0.39	0.00	88580.00	0.00	0	perf_experiment
01:39:29 AM	1006	218573	111.00	25.00	0.00	0.00	136.00	58	57328.00	0.00	1577228	1025116	0.39	0.00	52744.00	0.00	0	perf_experiment
01:39:30 AM	1006	218573	116.00	29.00	0.00	0.00	145.00	58	27170.00	0.00	1586204	1029396	0.39	0.00	79876.00	0.00	0	perf_experiment
01:39:31 AM	1006	218573	112.00	7.00	0.00	0.00	119.00	58	5553.00	0.00	1585680	1028836	0.39	0.00	21000.00	0.00	0	perf_experiment
01:39:32 AM	1006	218573	108.00	3.00	0.00	0.00	111.00	58	5162.00	0.00	1583616	1000768	0.38	0.00	10592.00	0.00	0	perf_experiment
01:39:33 AM	1006	218573	82.00	17.00	0.00	0.00	99.00	58	99.00	0.00	1574736	998100	0.38	0.00	0.00	0.00	0	perf_experiment
