Time	UID	PID	%usr	%system	%guest	%wait	%CPU	CPU	minflt/s	majflt/s	VSZ	RSS	%MEM	kB_rd/s	kB_wr/s	kB_ccwr/s	iodelay	Command
03:20:56 AM	1006	219657	91.00	97.00	0.00	0.00	188.00	22	183058.00	0.00	855504	235844	0.09	0.00	495848.00	0.00	0	perf_experiment
03:20:57 AM	1006	219657	96.00	97.00	0.00	0.00	193.00	22	166202.00	0.00	983764	365060	0.14	0.00	528176.00	0.00	0	perf_experiment
03:20:58 AM	1006	219657	99.00	87.00	0.00	0.00	186.00	22	173897.00	0.00	1032868	413908	0.16	0.00	408076.00	0.00	0	perf_experiment
03:20:59 AM	1006	219657	99.00	70.00	0.00	0.00	169.00	23	45242.00	0.00	1036352	417868	0.16	0.00	150020.00	0.00	0	perf_experiment
03:21:00 AM	1006	219657	94.00	80.00	0.00	0.00	174.00	23	109153.00	0.00	1037400	420052	0.16	0.00	186376.00	0.00	0	perf_experiment
03:21:01 AM	1006	219657	91.00	99.00	0.00	0.00	190.00	23	102082.00	0.00	1045072	427632	0.16	0.00	349704.00	0.00	0	perf_experiment
03:21:02 AM	1006	219657	96.00	90.00	0.00	0.00	186.00	23	95358.00	0.00	1052828	435180	0.16	0.00	345228.00	0.00	0	perf_experiment
03:21:03 AM	1006	219657	92.00	98.00	0.00	0.00	190.00	23	136743.00	0.00	1052828	435628	0.17	0.00	291220.00	0.00	0	perf_experiment
03:21:04 AM	1006	219657	99.00	92.00	0.00	0.00	191.00	23	80293.00	0.00	1059600	442476	0.17	0.00	299012.00	0.00	0	perf_experiment
03:21:05 AM	1006	219657	93.00	102.00	0.00	0.00	195.00	23	93703.00	0.00	1063308	446176	0.17	0.00	297476.00	0.00	0	perf_experiment
03:21:06 AM	1006	219657	98.00	55.00	0.00	0.00	153.00	23	20560.00	0.00	1063308	446336	0.17	0.00	79876.00	0.00	0	perf_experiment
03:21:07 AM	1006	219657	96.00	55.00	0.00	0.00	151.00	23	83554.00	0.00	1062784	447108	0.17	0.00	71684.00	0.00	0	perf_experiment
03:21:08 AM	1006	219657	94.00	91.00	0.00	0.00	185.00	23	69672.00	0.00	1063308	448248	0.17	0.00	266756.00	0.00	0	perf_experiment
03:21:09 AM	1006	219657	99.01	83.17	0.00	0.00	182.18	23	54144.55	0.00	1063832	448672	0.17	0.00	269287.13	0.00	0	perf_experiment
03:21:10 AM	1006	219657	104.00	83.00	0.00	0.00	187.00	23	37177.00	0.00	1062260	447288	0.17	0.00	276892.00	0.00	0	perf_experiment
03:21:11 AM	1006	219657	96.00	71.00	0.00	0.00	167.00	23	89607.00	0.00	1081340	466356	0.18	0.00	168452.00	0.00	0	perf_experiment
03:21:12 AM	1006	219657	93.00	56.00	0.00	0.00	149.00	23	22311.00	0.00	1097188	483668	0.18	0.00	69640.00	0.00	0	perf_experiment
03:21:13 AM	1006	219657	94.00	53.00	0.00	0.00	147.00	23	43287.00	0.00	1099336	486444	0.18	0.00	64228.00	0.00	0	perf_experiment
03:21:14 AM	1006	219657	90.00	105.00	0.00	0.00	195.00	23	73291.00	0.00	1100948	488580	0.19	0.00	332060.00	0.00	0	perf_experiment
03:21:15 AM	1006	219657	97.00	102.00	0.00	0.00	199.00	23	83902.00	0.00	1101096	488496	0.19	0.00	367124.00	0.00	0	perf_experiment
03:21:16 AM	1006	219657	95.00	104.00	0.00	0.00	199.00	23	124013.00	0.00	1100048	487192	0.18	0.00	363020.00	0.00	0	perf_experiment
03:21:17 AM	1006	219657	103.00	98.00	0.00	0.00	201.00	23	67782.00	0.00	1100048	487384	0.18	0.00	354308.00	0.00	0	perf_experiment
03:21:18 AM	1006	219657	100.00	109.00	0.00	0.00	209.00	23	86384.00	0.00	1101096	488544	0.19	0.00	333316.00	0.00	0	perf_experiment
03:21:19 AM	1006	219657	101.00	103.00	0.00	0.00	204.00	23	71304.00	0.00	1099524	485420	0.18	0.00	347652.00	0.00	0	perf_experiment
03:21:20 AM	1006	219657	94.00	57.00	0.00	0.00	151.00	23	31659.00	0.00	1145644	531992	0.20	0.00	82952.00	0.00	0	perf_experiment
03:21:21 AM	1006	219657	90.00	57.00	0.00	0.00	147.00	23	69563.00	0.00	1152872	538980	0.20	0.00	52232.00	0.00	0	perf_experiment
03:21:22 AM	1006	219657	91.00	57.00	0.00	0.00	148.00	23	25555.00	0.00	1153416	539360	0.20	0.00	55816.00	0.00	0	perf_experiment
03:21:23 AM	1006	219657	90.00	90.00	0.00	0.00	180.00	23	42232.00	0.00	1155920	541508	0.21	0.00	166408.00	0.00	0	perf_experiment
03:21:24 AM	1006	219657	94.00	85.00	0.00	0.00	179.00	24	47545.00	0.00	1154348	540640	0.20	0.00	187400.00	0.00	0	perf_experiment
03:21:25 AM	1006	219657	94.00	85.00	0.00	0.00	179.00	24	80513.00	0.00	1155396	541716	0.21	0.00	164360.00	0.00	0	perf_experiment
03:21:26 AM	1006	219657	93.00	89.00	0.00	0.00	182.00	24	45476.00	0.00	1155920	541992	0.21	0.00	176132.00	0.00	0	perf_experiment
03:21:27 AM	1006	219657	97.00	83.00	0.00	0.00	180.00	24	39724.00	0.00	1153300	539616	0.20	0.00	180232.00	0.00	0	perf_experiment
03:21:28 AM	1006	219657	91.00	56.00	0.00	0.00	147.00	24	7525.00	0.00	1153824	539876	0.20	0.00	47620.00	0.00	0	perf_experiment
03:21:29 AM	1006	219657	94.00	52.00	0.00	0.00	146.00	24	8829.00	0.00	1153824	543860	0.21	0.00	49672.00	0.00	0	perf_experiment
03:21:30 AM	1006	219657	97.00	50.00	0.00	0.00	147.00	25	7834.00	0.00	1153824	544940	0.21	0.00	49160.00	0.00	0	perf_experiment
03:21:31 AM	1006	219657	81.00	67.00	0.00	0.00	148.00	25	103396.00	0.00	1153824	545324	0.21	0.00	43016.00	0.00	0	perf_experiment
03:21:32 AM	1006	219657	92.00	53.00	0.00	0.00	145.00	25	15264.00	0.00	1153300	544064	0.21	0.00	46088.00	0.00	0	perf_experiment
03:21:33 AM	1006	219657	94.00	51.00	0.00	0.00	145.00	25	7071.00	0.00	1153300	544424	0.21	0.00	45576.00	0.00	0	perf_experiment
03:21:34 AM	1006	219657	91.00	55.00	0.00	0.00	146.00	25	7134.00	0.00	1153300	544708	0.21	0.00	46600.00	0.00	0	perf_experiment
03:21:35 AM	1006	219657	85.00	63.00	0.00	0.00	148.00	25	6596.00	0.00	1153300	544568	0.21	0.00	44040.00	0.00	0	perf_experiment
03:21:36 AM	1006	219657	92.00	54.00	0.00	0.00	146.00	25	6828.00	0.00	1153300	544980	0.21	0.00	44552.00	0.00	0	perf_experiment
03:21:37 AM	1006	219657	94.00	53.00	0.00	0.00	147.00	25	6692.00	0.00	1153300	545620	0.21	0.00	44040.00	0.00	0	perf_experiment
03:21:38 AM	1006	219657	98.00	53.00	0.00	0.00	151.00	25	9907.00	0.00	1154348	547288	0.21	0.00	57864.00	0.00	0	perf_experiment
03:21:39 AM	1006	219657	80.00	65.00	0.00	0.00	145.00	25	81815.00	0.00	1153300	546796	0.21	0.00	44040.00	0.00	0	perf_experiment
03:21:40 AM	1006	219657	85.00	62.00	0.00	0.00	147.00	25	33483.00	0.00	1153824	546792	0.21	0.00	41028.00	0.00	0	perf_experiment
03:21:41 AM	1006	219657	93.00	53.00	0.00	0.00	146.00	25	6644.00	0.00	1153300	547024	0.21	0.00	43980.00	0.00	0	perf_experiment
03:21:42 AM	1006	219657	90.00	58.00	0.00	0.00	148.00	25	5969.00	0.00	1153300	547536	0.21	0.00	41992.00	0.00	0	perf_experiment
03:21:43 AM	1006	219657	95.00	87.00	0.00	0.00	182.00	25	33312.00	0.00	1153824	547896	0.21	0.00	171532.00	0.00	0	perf_experiment
03:21:44 AM	1006	219657	91.00	90.00	0.00	0.00	181.00	25	32698.00	0.00	1153300	547504	0.21	0.00	178180.00	0.00	0	perf_experiment
03:21:45 AM	1006	219657	100.00	81.00	0.00	0.00	181.00	25	32235.00	0.00	1153300	548048	0.21	0.00	170500.00	0.00	0	perf_experiment
03:21:46 AM	1006	219657	95.00	88.00	0.00	0.00	183.00	27	33310.00	0.00	1153824	548164	0.21	0.00	175112.00	0.00	0	perf_experiment
03:21:47 AM	1006	219657	102.00	76.00	0.00	0.00	178.00	27	32828.00	0.00	1153300	547992	0.21	0.00	173064.00	0.00	0	perf_experiment
03:21:48 AM	1006	219657	88.00	89.00	0.00	0.00	177.00	27	69167.00	0.00	1153824	548456	0.21	0.00	151040.00	0.00	0	perf_experiment
03:21:49 AM	1006	219657	97.00	110.00	0.00	0.00	207.00	27	106420.00	0.00	1154348	548808	0.21	0.00	228872.00	0.00	0	perf_experiment
03:21:50 AM	1006	219657	100.00	107.00	0.00	0.00	207.00	27	52236.00	0.00	1154348	548776	0.21	0.00	271368.00	0.00	0	perf_experiment
03:21:51 AM	1006	219657	98.00	106.00	0.00	0.00	204.00	27	50290.00	0.00	1154872	549644	0.21	0.00	259076.00	0.00	0	perf_experiment
03:21:52 AM	1006	219657	107.00	97.00	0.00	0.00	204.00	27	48251.00	0.00	1154872	549440	0.21	0.00	247812.00	0.00	0	perf_experiment
03:21:53 AM	1006	219657	99.00	104.00	0.00	0.00	203.00	27	49789.00	0.00	1155168	548752	0.21	0.00	252052.00	0.00	0	perf_experiment
03:21:54 AM	1006	219657	105.00	102.00	0.00	0.00	207.00	27	47790.00	0.00	1155692	549200	0.21	0.00	249204.00	0.00	0	perf_experiment
03:21:55 AM	1006	219657	99.00	93.00	0.00	0.00	192.00	27	42571.00	0.00	1154644	547984	0.21	0.00	210440.00	0.00	0	perf_experiment
03:21:56 AM	1006	219657	101.00	106.00	0.00	0.00	207.00	27	63444.00	0.00	1155692	549208	0.21	0.00	320520.00	0.00	0	perf_experiment
03:21:57 AM	1006	219657	104.00	102.00	0.00	0.00	206.00	27	62642.00	0.00	1155168	548856	0.21	0.00	322568.00	0.00	0	perf_experiment
03:21:58 AM	1006	219657	101.00	109.00	0.00	0.00	210.00	27	66110.00	0.00	1156216	549648	0.21	0.00	340488.00	0.00	0	perf_experiment
03:21:59 AM	1006	219657	93.00	117.00	0.00	0.00	210.00	27	119139.00	0.00	1155692	548952	0.21	0.00	305800.00	0.00	0	perf_experiment
03:22:00 AM	1006	219657	106.00	103.00	0.00	0.00	209.00	27	71278.00	0.00	1155168	548988	0.21	0.00	339332.00	0.00	0	perf_experiment
03:22:01 AM	1006	219657	106.00	99.00	0.00	0.00	205.00	27	65604.00	0.00	1155168	549044	0.21	0.00	336080.00	0.00	0	perf_experiment
03:22:02 AM	1006	219657	110.00	96.00	0.00	0.00	206.00	27	63558.00	0.00	1155692	549336	0.21	0.00	326976.00	0.00	0	perf_experiment
03:22:03 AM	1006	219657	104.00	100.00	0.00	0.00	204.00	27	75674.00	0.00	1155788	549500	0.21	0.00	315712.00	0.00	0	perf_experiment
03:22:04 AM	1006	219657	105.00	72.00	0.00	0.00	177.00	27	53048.00	0.00	1155204	548840	0.21	0.00	197320.00	0.00	0	perf_experiment
03:22:05 AM	1006	219657	84.00	61.00	0.00	0.00	145.00	27	61352.00	0.00	1177020	570840	0.22	0.00	47620.00	0.00	0	perf_experiment
03:22:06 AM	1006	219657	92.00	52.00	0.00	0.00	144.00	27	14597.00	0.00	1183612	577484	0.22	0.00	49672.00	0.00	0	perf_experiment
03:22:07 AM	1006	219657	101.00	54.00	0.00	0.00	155.00	27	19683.00	0.00	1188396	582024	0.22	0.00	73224.00	0.00	0	perf_experiment
03:22:08 AM	1006	219657	106.00	85.00	0.00	0.00	191.00	27	44109.00	0.00	1188004	581640	0.22	0.00	217096.00	0.00	0	perf_experiment
03:22:09 AM	1006	219657	103.00	90.00	0.00	0.00	193.00	27	21449.00	0.00	1187480	581156	0.22	0.00	234504.00	0.00	0	perf_experiment
03:22:10 AM	1006	219657	105.00	89.00	0.00	0.00	194.00	27	22616.00	0.00	1186432	580612	0.22	0.00	251400.00	0.00	0	perf_experiment
03:22:11 AM	1006	219657	103.00	96.00	0.00	0.00	199.00	27	23683.00	0.00	1186956	581140	0.22	0.00	254984.00	0.00	0	perf_experiment
03:22:12 AM	1006	219657	103.00	91.00	0.00	0.00	194.00	27	19099.00	0.00	1187480	581632	0.22	0.00	248836.00	0.00	0	perf_experiment
03:22:13 AM	1006	219657	111.00	86.00	0.00	0.00	197.00	27	11185.00	0.00	1186432	580744	0.22	0.00	247816.00	0.00	0	perf_experiment
03:22:14 AM	1006	219657	99.00	53.00	0.00	0.00	152.00	28	1071.00	0.00	1186432	580716	0.22	0.00	65032.00	0.00	0	perf_experiment
03:22:15 AM	1006	219657	96.00	48.00	0.00	0.00	144.00	28	135.00	0.00	1186432	580728	0.22	0.00	48644.00	0.00	0	perf_experiment
03:22:16 AM	1006	219657	93.00	54.00	0.00	0.00	147.00	28	4.00	0.00	1186432	580728	0.22	0.00	46932.00	0.00	0	perf_experiment
03:22:17 AM	1006	219657	89.00	56.00	0.00	0.00	145.00	28	65716.00	0.00	1186432	580880	0.22	0.00	43860.00	0.00	0	perf_experiment
03:22:18 AM	1006	219657	94.00	51.00	0.00	0.00	145.00	28	10.00	0.00	1186432	580880	0.22	0.00	43884.00	0.00	0	perf_experiment
03:22:19 AM	1006	219657	94.00	52.00	0.00	0.00	146.00	28	1825.00	0.00	1185040	579628	0.22	0.00	43016.00	0.00	0	perf_experiment
03:22:20 AM	1006	219657	95.00	49.00	0.00	0.00	144.00	28	2734.00	0.00	1185564	579908	0.22	0.00	44364.00	0.00	0	perf_experiment
03:22:21 AM	1006	219657	96.00	50.00	0.00	0.00	146.00	28	2476.00	0.00	1185040	579392	0.22	0.00	41156.00	0.00	0	perf_experiment
03:22:22 AM	1006	219657	90.00	53.00	0.00	0.00	143.00	28	2476.00	0.00	1185564	579940	0.22	0.00	41460.00	0.00	0	perf_experiment
03:22:23 AM	1006	219657	92.00	51.00	0.00	0.00	143.00	28	43125.00	0.00	1185564	580100	0.22	0.00	37916.00	0.00	0	perf_experiment
03:22:24 AM	1006	219657	92.00	56.00	0.00	0.00	148.00	28	4726.00	0.00	1185564	579944	0.22	0.00	39944.00	0.00	0	perf_experiment
03:22:25 AM	1006	219657	90.00	58.00	0.00	0.00	148.00	28	5226.00	0.00	1185040	579692	0.22	0.00	52744.00	0.00	0	perf_experiment
03:22:26 AM	1006	219657	93.00	51.00	0.00	0.00	144.00	28	2850.00	0.00	1185040	579716	0.22	0.00	38636.00	0.00	0	perf_experiment
03:22:27 AM	1006	219657	90.00	54.00	0.00	0.00	144.00	28	2712.00	0.00	1185564	579988	0.22	0.00	38688.00	0.00	0	perf_experiment
03:22:28 AM	1006	219657	87.00	57.00	0.00	0.00	144.00	28	2419.00	0.00	1185040	579776	0.22	0.00	38408.00	0.00	0	perf_experiment
03:22:29 AM	1006	219657	86.00	63.00	0.00	0.00	149.00	28	4730.00	0.00	1186088	580996	0.22	0.00	48288.00	0.00	0	perf_experiment
03:22:30 AM	1006	219657	98.00	78.00	0.00	0.00	176.00	28	18208.00	0.00	1185564	580568	0.22	0.00	136556.00	0.00	0	perf_experiment
03:22:31 AM	1006	219657	98.00	83.00	0.00	0.00	181.00	28	19692.00	0.00	1185040	580208	0.22	0.00	144904.00	0.00	0	perf_experiment
03:22:32 AM	1006	219657	100.00	78.00	0.00	0.00	178.00	28	18774.00	0.00	1187660	582456	0.22	0.00	137224.00	0.00	0	perf_experiment
03:22:33 AM	1006	219657	104.00	75.00	0.00	0.00	179.00	28	18790.00	0.00	1185040	580340	0.22	0.00	141828.00	0.00	0	perf_experiment
03:22:34 AM	1006	219657	107.00	74.00	0.00	1.00	181.00	28	19687.00	0.00	1187660	582224	0.22	0.00	140492.00	0.00	0	perf_experiment
03:22:35 AM	1006	219657	98.00	79.00	0.00	0.00	177.00	28	18689.00	0.00	1185040	580324	0.22	0.00	134464.00	0.00	0	perf_experiment
03:22:36 AM	1006	219657	100.00	91.00	0.00	0.00	191.00	28	24396.00	0.00	1185564	580664	0.22	0.00	171012.00	0.00	0	perf_experiment
03:22:37 AM	1006	219657	96.00	105.00	0.00	0.00	201.00	28	107185.00	0.00	1186088	581548	0.22	0.00	194052.00	0.00	0	perf_experiment
03:22:38 AM	1006	219657	104.00	98.00	0.00	0.00	202.00	28	59929.00	0.00	1187136	581808	0.22	0.00	205244.00	0.00	0	perf_experiment
03:22:39 AM	1006	219657	102.00	98.00	0.00	0.00	200.00	28	30547.00	0.00	1186612	581644	0.22	0.00	213452.00	0.00	0	perf_experiment
03:22:40 AM	1006	219657	99.00	101.00	0.00	0.00	200.00	28	30895.00	0.00	1187136	582340	0.22	0.00	213644.00	0.00	0	perf_experiment
03:22:41 AM	1006	219657	103.00	97.00	0.00	0.00	200.00	28	29967.00	0.00	1186088	580768	0.22	0.00	210988.00	0.00	0	perf_experiment
03:22:42 AM	1006	219657	103.00	94.00	0.00	0.00	197.00	28	29562.00	0.00	1185040	580752	0.22	0.00	206816.00	0.00	0	perf_experiment
03:22:43 AM	1006	219657	104.00	91.00	0.00	0.00	195.00	28	30961.00	0.00	1187136	582232	0.22	0.00	186764.00	0.00	0	perf_experiment
03:22:44 AM	1006	219657	109.00	101.00	0.00	0.00	210.00	28	45515.00	0.00	1187136	582576	0.22	0.00	305280.00	0.00	0	perf_experiment
03:22:45 AM	1006	219657	113.00	99.00	0.00	0.00	212.00	28	46635.00	0.00	1185564	580844	0.22	0.00	325636.00	0.00	0	perf_experiment
03:22:46 AM	1006	219657	114.00	96.00	0.00	0.00	210.00	28	36808.00	0.00	1186088	581648	0.22	0.00	308744.00	0.00	0	perf_experiment
03:22:47 AM	1006	219657	105.00	108.00	0.00	0.00	213.00	28	45796.00	0.00	1186612	582164	0.22	0.00	313856.00	0.00	0	perf_experiment
03:22:48 AM	1006	219657	105.00	102.00	0.00	0.00	207.00	28	94976.00	0.00	1185564	580948	0.22	0.00	282632.00	0.00	0	perf_experiment
03:22:49 AM	1006	219657	111.00	96.00	0.00	0.00	207.00	28	59590.00	0.00	1185564	581556	0.22	0.00	315400.00	0.00	0	perf_experiment
03:22:50 AM	1006	219657	103.00	103.00	0.00	0.00	206.00	28	62912.00	0.00	1186088	581916	0.22	0.00	305468.00	0.00	0	perf_experiment
03:22:51 AM	1006	219657	110.00	95.00	0.00	0.00	205.00	28	48649.00	0.00	1186612	582348	0.22	0.00	340180.00	0.00	0	perf_experiment
03:22:52 AM	1006	219657	96.00	77.00	0.00	0.00	173.00	28	78071.00	0.00	1185040	581200	0.22	0.00	170504.00	0.00	0	perf_experiment
03:22:53 AM	1006	219657	91.00	55.00	0.00	0.00	146.00	28	26085.00	0.00	1191220	586468	0.22	0.00	49160.00	0.00	0	perf_experiment
03:22:54 AM	1006	219657	98.00	47.00	0.00	0.00	145.00	28	11848.00	0.00	1194876	590388	0.22	0.00	48648.00	0.00	0	perf_experiment
03:22:55 AM	1006	219657	93.00	60.00	0.00	0.00	153.00	28	15140.00	0.00	1194352	590176	0.22	0.00	61448.00	0.00	0	perf_experiment
03:22:56 AM	1006	219657	100.00	97.00	0.00	0.00	197.00	28	62583.00	0.00	1194876	590684	0.22	0.00	212480.00	0.00	0	perf_experiment
03:22:57 AM	1006	219657	101.00	94.00	0.00	0.00	195.00	29	85513.00	0.00	1195924	591520	0.22	0.00	210436.00	0.00	0	perf_experiment
03:22:58 AM	1006	219657	109.00	85.00	0.00	0.00	194.00	29	58114.00	0.00	1196972	592200	0.22	0.00	227848.00	0.00	0	perf_experiment
03:22:59 AM	1006	219657	105.00	90.00	0.00	0.00	195.00	29	55046.00	0.00	1194876	590836	0.22	0.00	224264.00	0.00	0	perf_experiment
03:23:00 AM	1006	219657	108.00	83.00	0.00	0.00	191.00	29	53235.00	0.00	1196448	592288	0.22	0.00	211464.00	0.00	0	perf_experiment
03:23:01 AM	1006	219657	98.00	93.00	0.00	0.00	191.00	29	50741.00	0.00	1195924	591716	0.22	0.00	216584.00	0.00	0	perf_experiment
03:23:02 AM	1006	219657	101.00	81.00	0.00	0.00	182.00	29	33967.00	0.00	1194352	590584	0.22	0.00	173576.00	0.00	0	perf_experiment
03:23:03 AM	1006	219657	90.00	56.00	0.00	0.00	146.00	29	7046.00	0.00	1194876	590960	0.22	0.00	44196.00	0.00	0	perf_experiment
03:23:04 AM	1006	219657	93.00	51.00	0.00	0.00	144.00	29	6815.00	0.00	1194876	590612	0.22	0.00	45420.00	0.00	0	perf_experiment
03:23:05 AM	1006	219657	95.00	49.00	0.00	0.00	144.00	29	7027.00	0.00	1194352	590508	0.22	0.00	45064.00	0.00	0	perf_experiment
03:23:06 AM	1006	219657	97.00	48.00	0.00	0.00	145.00	29	6587.00	0.00	1194876	590884	0.22	0.00	43016.00	0.00	0	perf_experiment
03:23:07 AM	1006	219657	91.00	52.00	0.00	0.00	143.00	29	6203.00	0.00	1194352	590532	0.22	0.00	41480.00	0.00	0	perf_experiment
03:23:08 AM	1006	219657	97.00	45.00	0.00	0.00	142.00	29	6367.00	0.00	1194876	591000	0.22	0.00	40456.00	0.00	0	perf_experiment
03:23:09 AM	1006	219657	91.00	54.00	0.00	0.00	145.00	29	6261.00	0.00	1194352	590716	0.22	0.00	40968.00	0.00	0	perf_experiment
03:23:10 AM	1006	219657	89.00	55.00	0.00	0.00	144.00	29	6148.00	0.00	1194352	590300	0.22	0.00	40456.00	0.00	0	perf_experiment
03:23:11 AM	1006	219657	92.00	52.00	0.00	0.00	144.00	29	5824.00	0.00	1194876	590644	0.22	0.00	37928.00	0.00	0	perf_experiment
03:23:12 AM	1006	219657	92.00	51.00	0.00	0.00	143.00	29	5850.00	0.00	1194352	590688	0.22	0.00	38888.00	0.00	0	perf_experiment
03:23:13 AM	1006	219657	94.00	49.00	0.00	0.00	143.00	29	5983.00	0.00	1194352	590824	0.22	0.00	38408.00	0.00	0	perf_experiment
03:23:14 AM	1006	219657	86.14	59.41	0.00	0.00	145.54	29	7613.86	0.00	1194876	591188	0.22	0.00	47148.51	0.00	0	perf_experiment
03:23:15 AM	1006	219657	86.00	57.00	0.00	0.00	143.00	30	5354.00	0.00	1194352	590660	0.22	0.00	36360.00	0.00	0	perf_experiment
03:23:16 AM	1006	219657	88.00	54.00	0.00	0.00	142.00	30	5900.00	0.00	1194352	590848	0.22	0.00	36360.00	0.00	0	perf_experiment
03:23:17 AM	1006	219657	95.00	46.00	0.00	0.00	141.00	30	5419.00	0.00	1194352	591120	0.22	0.00	35848.00	0.00	0	perf_experiment
03:23:18 AM	1006	219657	91.00	49.00	0.00	0.00	140.00	30	5665.00	0.00	1194352	591400	0.22	0.00	36872.00	0.00	0	perf_experiment
03:23:19 AM	1006	219657	98.00	66.00	0.00	0.00	164.00	31	18236.00	0.00	1194876	592068	0.22	0.00	96264.00	0.00	0	perf_experiment
03:23:20 AM	1006	219657	84.00	85.00	0.00	0.00	169.00	31	89627.00	0.00	1195400	593064	0.22	0.00	105992.00	0.00	0	perf_experiment
03:23:21 AM	1006	219657	97.00	71.00	0.00	0.00	168.00	31	28441.00	0.00	1194876	592264	0.22	0.00	121352.00	0.00	0	perf_experiment
03:23:22 AM	1006	219657	95.00	75.00	0.00	0.00	170.00	31	30139.00	0.00	1195400	593280	0.22	0.00	122376.00	0.00	0	perf_experiment
03:23:23 AM	1006	219657	100.00	64.00	0.00	0.00	164.00	31	27083.00	0.00	1195400	593000	0.22	0.00	110088.00	0.00	0	perf_experiment
03:23:24 AM	1006	219657	103.00	70.00	0.00	0.00	173.00	31	29919.00	0.00	1194876	592344	0.22	0.00	123912.00	0.00	0	perf_experiment
03:23:25 AM	1006	219657	91.00	78.00	0.00	0.00	169.00	31	71449.00	0.00	1195400	593124	0.22	0.00	107528.00	0.00	0	perf_experiment
03:23:26 AM	1006	219657	95.00	99.00	0.00	0.00	194.00	31	44093.00	0.00	1197564	592816	0.22	0.00	194568.00	0.00	0	perf_experiment
03:23:27 AM	1006	219657	95.00	105.00	0.00	0.00	200.00	31	46070.00	0.00	1198088	593268	0.22	0.00	205828.00	0.00	0	perf_experiment
03:23:28 AM	1006	219657	97.00	95.00	0.00	0.00	192.00	31	40229.00	0.00	1197040	592068	0.22	0.00	190984.00	0.00	0	perf_experiment
03:23:29 AM	1006	219657	101.00	87.00	0.00	0.00	188.00	31	42643.00	0.00	1198088	593616	0.23	0.00	196100.00	0.00	0	perf_experiment
03:23:30 AM	1006	219657	104.00	81.00	0.00	0.00	185.00	31	40240.00	0.00	1197564	592952	0.22	0.00	187912.00	0.00	0	perf_experiment
03:23:31 AM	1006	219657	107.00	80.00	0.00	0.00	187.00	31	41507.00	0.00	1198088	593156	0.22	0.00	188424.00	0.00	0	perf_experiment
03:23:32 AM	1006	219657	99.00	86.00	0.00	0.00	185.00	31	39414.00	0.00	1197564	593208	0.22	0.00	186376.00	0.00	0	perf_experiment
03:23:33 AM	1006	219657	104.00	97.00	0.00	0.00	201.00	31	63327.00	0.00	1198612	594072	0.23	0.00	260104.00	0.00	0	perf_experiment
03:23:34 AM	1006	219657	97.00	109.00	0.00	0.00	206.00	49	59066.00	0.00	1197564	592612	0.22	0.00	294408.00	0.00	0	perf_experiment
03:23:35 AM	1006	219657	110.00	94.00	0.00	0.00	204.00	49	63305.00	0.00	1198612	594076	0.23	0.00	309768.00	0.00	0	perf_experiment
03:23:36 AM	1006	219657	112.00	98.00	0.00	0.00	210.00	49	63740.00	0.00	1198088	593304	0.22	0.00	319956.00	0.00	0	perf_experiment
03:23:37 AM	1006	219657	105.00	108.00	0.00	0.00	213.00	49	63744.00	0.00	1197040	592676	0.22	0.00	313908.00	0.00	0	perf_experiment
03:23:38 AM	1006	219657	114.00	101.00	0.00	0.00	215.00	49	62326.00	0.00	1198088	593768	0.23	0.00	312324.00	0.00	0	perf_experiment
03:23:39 AM	1006	219657	112.00	99.00	0.00	0.00	211.00	17	66664.00	0.00	1198088	593824	0.23	0.00	335872.00	0.00	0	perf_experiment
03:23:40 AM	1006	219657	110.00	103.00	0.00	0.00	213.00	17	60002.00	0.00	1198612	594096	0.23	0.00	304136.00	0.00	0	perf_experiment
03:23:41 AM	1006	219657	104.00	96.00	0.00	0.00	200.00	17	47455.00	0.00	1197040	592804	0.22	0.00	244228.00	0.00	0	perf_experiment
03:23:42 AM	1006	219657	101.00	46.00	0.00	0.00	147.00	17	14188.00	0.00	1201944	597720	0.23	0.00	47108.00	0.00	0	perf_experiment
03:23:43 AM	1006	219657	95.00	49.00	0.00	0.00	144.00	17	13301.00	0.00	1208264	603920	0.23	0.00	46600.00	0.00	0	perf_experiment
03:23:44 AM	1006	219657	98.00	49.00	0.00	0.00	147.00	17	11558.00	0.00	1208264	604052	0.23	0.00	47620.00	0.00	0	perf_experiment
03:23:45 AM	1006	219657	101.00	84.00	0.00	0.00	185.00	17	39851.00	0.00	1213360	609004	0.23	0.00	155144.00	0.00	0	perf_experiment
03:23:46 AM	1006	219657	105.00	90.00	0.00	0.00	195.00	17	56752.00	0.00	1215132	610904	0.23	0.00	221192.00	0.00	0	perf_experiment
03:23:47 AM	1006	219657	101.00	90.00	0.00	0.00	191.00	17	36253.00	0.00	1213560	609556	0.23	0.00	203784.00	0.00	0	perf_experiment
03:23:48 AM	1006	219657	108.00	86.00	0.00	0.00	194.00	17	32430.00	0.00	1214608	610564	0.23	0.00	207368.00	0.00	0	perf_experiment
03:23:49 AM	1006	219657	106.00	93.00	0.00	0.00	199.00	17	23250.00	0.00	1213560	609696	0.23	0.00	231432.00	0.00	0	perf_experiment
03:23:50 AM	1006	219657	117.00	73.00	0.00	0.00	190.00	17	19523.00	0.00	1214608	610400	0.23	0.00	210944.00	0.00	0	perf_experiment
03:23:51 AM	1006	219657	106.00	87.00	0.00	0.00	193.00	17	26712.00	0.00	1217184	611196	0.23	0.00	223752.00	0.00	0	perf_experiment
03:23:52 AM	1006	219657	89.00	57.00	0.00	0.00	146.00	17	8194.00	0.00	1216136	610324	0.23	0.00	51720.00	0.00	0	perf_experiment
03:23:53 AM	1006	219657	96.00	50.00	0.00	0.00	146.00	17	7051.00	0.00	1216136	609964	0.23	0.00	47620.00	0.00	0	perf_experiment
03:23:54 AM	1006	219657	98.00	48.00	0.00	0.00	146.00	17	7015.00	0.00	1216660	610536	0.23	0.00	45576.00	0.00	0	perf_experiment
03:23:55 AM	1006	219657	87.00	57.00	0.00	0.00	144.00	17	6905.00	0.00	1216660	610508	0.23	0.00	45060.00	0.00	0	perf_experiment
03:23:56 AM	1006	219657	96.00	49.00	0.00	0.00	145.00	17	7254.00	0.00	1216136	610416	0.23	0.00	45576.00	0.00	0	perf_experiment
03:23:57 AM	1006	219657	97.00	49.00	0.00	0.00	146.00	17	7154.00	0.00	1216136	610360	0.23	0.00	45576.00	0.00	0	perf_experiment
03:23:58 AM	1006	219657	88.00	57.00	0.00	0.00	145.00	18	7196.00	0.00	1216660	610560	0.23	0.00	47108.00	0.00	0	perf_experiment
03:23:59 AM	1006	219657	92.00	54.00	0.00	0.00	146.00	18	7118.00	0.00	1216660	610572	0.23	0.00	46188.00	0.00	0	perf_experiment
03:24:00 AM	1006	219657	92.00	55.00	0.00	0.00	147.00	18	43138.00	0.00	1216660	610572	0.23	0.00	47524.00	0.00	0	perf_experiment
03:24:01 AM	1006	219657	93.00	52.00	0.00	0.00	145.00	19	34370.00	0.00	1216136	610508	0.23	0.00	47620.00	0.00	0	perf_experiment
03:24:02 AM	1006	219657	93.00	52.00	0.00	0.00	145.00	19	53922.00	0.00	1216136	610616	0.23	0.00	47620.00	0.00	0	perf_experiment
03:24:03 AM	1006	219657	95.00	61.00	0.00	0.00	156.00	19	13085.00	0.00	1216660	610476	0.23	0.00	72200.00	0.00	0	perf_experiment
03:24:04 AM	1006	219657	91.00	60.00	0.00	0.00	151.00	19	7725.00	0.00	1216136	610372	0.23	0.00	49160.00	0.00	0	perf_experiment
03:24:05 AM	1006	219657	94.00	53.00	0.00	0.00	147.00	20	7464.00	0.00	1216136	610520	0.23	0.00	49160.00	0.00	0	perf_experiment
03:24:06 AM	1006	219657	94.00	57.00	0.00	0.00	151.00	20	8546.00	0.00	1216136	610632	0.23	0.00	52232.00	0.00	0	perf_experiment
03:24:07 AM	1006	219657	96.00	51.00	0.00	0.00	147.00	20	7158.00	0.00	1216136	610724	0.23	0.00	48136.00	0.00	0	perf_experiment
03:24:08 AM	1006	219657	95.00	51.00	0.00	0.00	146.00	20	7155.00	0.00	1216660	611476	0.23	0.00	49160.00	0.00	0	perf_experiment
03:24:09 AM	1006	219657	93.00	53.00	0.00	0.00	146.00	20	7275.00	0.00	1216136	611660	0.23	0.00	48136.00	0.00	0	perf_experiment
03:24:10 AM	1006	219657	89.00	57.00	0.00	0.00	146.00	20	6556.00	0.00	1216136	612088	0.23	0.00	44824.00	0.00	0	perf_experiment
03:24:11 AM	1006	219657	90.00	56.00	0.00	0.00	146.00	20	6748.00	0.00	1216136	612196	0.23	0.00	45304.00	0.00	0	perf_experiment
03:24:12 AM	1006	219657	96.00	49.00	0.00	0.00	145.00	20	6882.00	0.00	1216136	612548	0.23	0.00	46088.00	0.00	0	perf_experiment
03:24:13 AM	1006	219657	96.00	49.00	0.00	0.00	145.00	20	6679.00	0.00	1216136	613112	0.23	0.00	45064.00	0.00	0	perf_experiment
03:24:14 AM	1006	219657	92.00	53.00	0.00	0.00	145.00	20	6258.00	0.00	1216136	613184	0.23	0.00	43528.00	0.00	0	perf_experiment
03:24:15 AM	1006	219657	94.00	52.00	0.00	0.00	146.00	20	6536.00	0.00	1216136	613764	0.23	0.00	43528.00	0.00	0	perf_experiment
03:24:16 AM	1006	219657	92.00	51.00	0.00	0.00	143.00	20	6292.00	0.00	1216136	614168	0.23	0.00	43528.00	0.00	0	perf_experiment
03:24:17 AM	1006	219657	89.00	58.00	0.00	0.00	147.00	20	6240.00	0.00	1215612	614096	0.23	0.00	41992.00	0.00	0	perf_experiment
03:24:18 AM	1006	219657	87.00	57.00	0.00	0.00	144.00	20	5807.00	0.00	1216136	614616	0.23	0.00	41480.00	0.00	0	perf_experiment
03:24:19 AM	1006	219657	94.00	50.00	0.00	0.00	144.00	20	5802.00	0.00	1216136	615104	0.23	0.00	40456.00	0.00	0	perf_experiment
03:24:20 AM	1006	219657	85.00	60.00	0.00	0.00	145.00	20	5743.00	0.00	1216136	615316	0.23	0.00	40968.00	0.00	0	perf_experiment
03:24:21 AM	1006	219657	93.00	50.00	0.00	0.00	143.00	20	5930.00	0.00	1216136	615688	0.23	0.00	41476.00	0.00	0	perf_experiment
03:24:22 AM	1006	219657	88.00	55.00	0.00	0.00	143.00	20	5622.00	0.00	1216136	616316	0.23	0.00	40456.00	0.00	0	perf_experiment
03:24:23 AM	1006	219657	92.00	51.00	0.00	0.00	143.00	20	5488.00	0.00	1216136	616184	0.23	0.00	39944.00	0.00	0	perf_experiment
03:24:24 AM	1006	219657	90.00	53.00	0.00	1.00	143.00	20	5645.00	0.00	1216136	616552	0.23	0.00	40964.00	0.00	0	perf_experiment
03:24:25 AM	1006	219657	82.00	61.00	0.00	0.00	143.00	20	6035.00	0.00	1216136	617040	0.23	0.00	40456.00	0.00	0	perf_experiment
03:24:26 AM	1006	219657	84.00	60.00	0.00	0.00	144.00	20	5878.00	0.00	1216136	617248	0.23	0.00	40456.00	0.00	0	perf_experiment
03:24:27 AM	1006	219657	82.00	62.00	0.00	0.00	144.00	20	5775.00	0.00	1216136	617856	0.23	0.00	40456.00	0.00	0	perf_experiment
03:24:28 AM	1006	219657	79.00	66.00	0.00	0.00	145.00	20	5858.00	0.00	1216136	617864	0.23	0.00	39944.00	0.00	0	perf_experiment
03:24:29 AM	1006	219657	87.00	56.00	0.00	0.00	143.00	20	5973.00	0.00	1216136	618112	0.23	0.00	42504.00	0.00	0	perf_experiment
03:24:30 AM	1006	219657	85.00	59.00	0.00	0.00	144.00	20	6995.00	0.00	1216136	619240	0.23	0.00	46600.00	0.00	0	perf_experiment
03:24:31 AM	1006	219657	89.00	56.00	0.00	0.00	145.00	20	6906.00	0.00	1216660	619696	0.23	0.00	45576.00	0.00	0	perf_experiment
03:24:32 AM	1006	219657	88.00	58.00	0.00	0.00	146.00	20	6803.00	0.00	1216136	619568	0.23	0.00	45064.00	0.00	0	perf_experiment
03:24:33 AM	1006	219657	95.00	51.00	0.00	0.00	146.00	20	6973.00	0.00	1216136	620040	0.24	0.00	47112.00	0.00	0	perf_experiment
03:24:34 AM	1006	219657	95.00	55.00	0.00	0.00	150.00	20	9252.00	0.00	1216136	620856	0.24	0.00	51204.00	0.00	0	perf_experiment
03:24:35 AM	1006	219657	94.00	53.00	0.00	0.00	147.00	20	8704.00	0.00	1216660	621360	0.24	0.00	49160.00	0.00	0	perf_experiment
03:24:36 AM	1006	219657	99.00	46.00	0.00	0.00	145.00	20	7701.00	0.00	1216136	621412	0.24	0.00	49160.00	0.00	0	perf_experiment
03:24:37 AM	1006	219657	93.00	54.00	0.00	0.00	147.00	20	7048.00	0.00	1216660	621892	0.24	0.00	46600.00	0.00	0	perf_experiment
03:24:38 AM	1006	219657	97.00	50.00	0.00	0.00	147.00	20	7208.00	0.00	1216136	621808	0.24	0.00	46088.00	0.00	0	perf_experiment
03:24:39 AM	1006	219657	95.00	51.00	0.00	0.00	146.00	20	7617.00	0.00	1216660	623052	0.24	0.00	46096.00	0.00	0	perf_experiment
03:24:40 AM	1006	219657	91.00	55.00	0.00	0.00	146.00	20	6928.00	0.00	1216136	622892	0.24	0.00	47104.00	0.00	0	perf_experiment
03:24:41 AM	1006	219657	94.00	51.00	0.00	0.00	145.00	20	7310.00	0.00	1216136	623320	0.24	0.00	47624.00	0.00	0	perf_experiment
03:24:42 AM	1006	219657	102.00	44.00	0.00	0.00	146.00	20	7117.00	0.00	1216136	623248	0.24	0.00	46600.00	0.00	0	perf_experiment
03:24:43 AM	1006	219657	94.00	53.00	0.00	0.00	147.00	20	7116.00	0.00	1215612	623788	0.24	0.00	45060.00	0.00	0	perf_experiment
03:24:44 AM	1006	219657	89.00	54.00	0.00	0.00	143.00	20	6975.00	0.00	1216136	624576	0.24	0.00	43016.00	0.00	0	perf_experiment
03:24:45 AM	1006	219657	92.00	54.00	0.00	0.00	146.00	20	6725.00	0.00	1216660	624608	0.24	0.00	43568.00	0.00	0	perf_experiment
03:24:46 AM	1006	219657	97.00	49.00	0.00	0.00	146.00	20	6979.00	0.00	1216136	625028	0.24	0.00	44512.00	0.00	0	perf_experiment
03:24:47 AM	1006	219657	90.00	54.00	0.00	0.00	144.00	21	6848.00	0.00	1216136	625324	0.24	0.00	43528.00	0.00	0	perf_experiment
03:24:48 AM	1006	219657	93.00	52.00	0.00	0.00	145.00	21	6171.00	0.00	1216136	625588	0.24	0.00	41480.00	0.00	0	perf_experiment
03:24:49 AM	1006	219657	89.00	53.00	0.00	0.00	142.00	21	6541.00	0.00	1216660	626100	0.24	0.00	42504.00	0.00	0	perf_experiment
03:24:50 AM	1006	219657	92.00	54.00	0.00	0.00	146.00	21	6143.00	0.00	1216136	626176	0.24	0.00	41480.00	0.00	0	perf_experiment
03:24:51 AM	1006	219657	94.00	49.00	0.00	0.00	143.00	21	6484.00	0.00	1216660	626696	0.24	0.00	41992.00	0.00	0	perf_experiment
03:24:52 AM	1006	219657	85.00	59.00	0.00	0.00	144.00	21	6146.00	0.00	1216136	626948	0.24	0.00	38920.00	0.00	0	perf_experiment
03:24:53 AM	1006	219657	89.00	54.00	0.00	0.00	143.00	21	5883.00	0.00	1216660	627456	0.24	0.00	39944.00	0.00	0	perf_experiment
03:24:54 AM	1006	219657	96.00	45.00	0.00	0.00	141.00	21	5750.00	0.00	1216660	627572	0.24	0.00	39944.00	0.00	0	perf_experiment
03:24:55 AM	1006	219657	86.00	58.00	0.00	0.00	144.00	22	58789.00	0.00	1216136	628264	0.24	0.00	36360.00	0.00	0	perf_experiment
03:24:56 AM	1006	219657	86.00	57.00	0.00	0.00	143.00	22	8148.00	0.00	1216136	628348	0.24	0.00	38920.00	0.00	0	perf_experiment
03:24:57 AM	1006	219657	79.00	64.00	0.00	0.00	143.00	22	43715.00	0.00	1216136	628792	0.24	0.00	36360.00	0.00	0	perf_experiment
03:24:58 AM	1006	219657	86.00	56.00	0.00	0.00	142.00	22	7683.00	0.00	1216136	628712	0.24	0.00	38920.00	0.00	0	perf_experiment
03:24:59 AM	1006	219657	89.00	51.00	0.00	0.00	140.00	23	6198.00	0.00	1216136	628960	0.24	0.00	37896.00	0.00	0	perf_experiment
03:25:00 AM	1006	219657	89.00	54.00	0.00	0.00	143.00	23	6159.00	0.00	1216136	629072	0.24	0.00	39428.00	0.00	0	perf_experiment
03:25:01 AM	1006	219657	87.00	55.00	0.00	0.00	142.00	23	7190.00	0.00	1216136	629888	0.24	0.00	38408.00	0.00	0	perf_experiment
03:25:02 AM	1006	219657	88.00	51.00	0.00	0.00	139.00	23	5947.00	0.00	1216136	630304	0.24	0.00	39944.00	0.00	0	perf_experiment
03:25:03 AM	1006	219657	87.00	56.00	0.00	0.00	143.00	23	6312.00	0.00	1216136	629996	0.24	0.00	37384.00	0.00	0	perf_experiment
03:25:04 AM	1006	219657	86.00	58.00	0.00	0.00	144.00	23	6630.00	0.00	1216136	630484	0.24	0.00	40456.00	0.00	0	perf_experiment
03:25:05 AM	1006	219657	91.00	54.00	0.00	0.00	145.00	23	13188.00	0.00	1216136	631044	0.24	0.00	46088.00	0.00	0	perf_experiment
03:25:06 AM	1006	219657	89.00	59.00	0.00	0.00	148.00	23	6942.00	0.00	1216136	631296	0.24	0.00	45576.00	0.00	0	perf_experiment
03:25:07 AM	1006	219657	91.00	54.00	0.00	0.00	145.00	23	7419.00	0.00	1216136	631800	0.24	0.00	44548.00	0.00	0	perf_experiment
03:25:08 AM	1006	219657	92.00	56.00	0.00	0.00	148.00	23	9517.00	0.00	1216136	631868	0.24	0.00	47112.00	0.00	0	perf_experiment
03:25:09 AM	1006	219657	94.00	54.00	0.00	0.00	148.00	23	14871.00	0.00	1216136	632496	0.24	0.00	49672.00	0.00	0	perf_experiment
03:25:10 AM	1006	219657	90.00	57.00	0.00	0.00	147.00	23	8695.00	0.00	1216136	633196	0.24	0.00	51720.00	0.00	0	perf_experiment
03:25:11 AM	1006	219657	95.00	53.00	0.00	0.00	148.00	23	7726.00	0.00	1216660	633880	0.24	0.00	50696.00	0.00	0	perf_experiment
03:25:12 AM	1006	219657	92.00	55.00	0.00	0.00	147.00	23	7275.00	0.00	1216136	634128	0.24	0.00	47112.00	0.00	0	perf_experiment
03:25:13 AM	1006	219657	93.00	54.00	0.00	0.00	147.00	24	6846.00	0.00	1216660	634748	0.24	0.00	47624.00	0.00	0	perf_experiment
03:25:14 AM	1006	219657	100.00	46.53	0.00	0.00	146.53	24	7001.98	0.00	1216136	634540	0.24	0.00	47152.48	0.00	0	perf_experiment
03:25:15 AM	1006	219657	89.00	56.00	0.00	0.00	145.00	24	7359.00	0.00	1216136	634632	0.24	0.00	46596.00	0.00	0	perf_experiment
03:25:16 AM	1006	219657	102.00	44.00	0.00	0.00	146.00	24	7215.00	0.00	1216136	635700	0.24	0.00	47112.00	0.00	0	perf_experiment
03:25:17 AM	1006	219657	91.00	58.00	0.00	0.00	149.00	24	7419.00	0.00	1216136	635852	0.24	0.00	47624.00	0.00	0	perf_experiment
03:25:18 AM	1006	219657	95.00	51.00	0.00	0.00	146.00	24	7300.00	0.00	1216660	635912	0.24	0.00	47112.00	0.00	0	perf_experiment
03:25:19 AM	1006	219657	88.00	58.00	0.00	0.00	146.00	24	6454.00	0.00	1216136	636496	0.24	0.00	44552.00	0.00	0	perf_experiment
03:25:20 AM	1006	219657	94.00	51.00	0.00	0.00	145.00	24	7012.00	0.00	1216136	637104	0.24	0.00	45576.00	0.00	0	perf_experiment
03:25:21 AM	1006	219657	97.00	48.00	0.00	0.00	145.00	24	6813.00	0.00	1216136	637052	0.24	0.00	44036.00	0.00	0	perf_experiment
03:25:22 AM	1006	219657	95.00	51.00	0.00	0.00	146.00	24	6772.00	0.00	1216136	637636	0.24	0.00	44040.00	0.00	0	perf_experiment
03:25:23 AM	1006	219657	97.00	45.00	0.00	0.00	142.00	0	5435.00	0.00	1216660	638048	0.24	0.00	38408.00	0.00	0	perf_experiment
03:25:24 AM	1006	219657	93.00	45.00	0.00	0.00	138.00	0	5277.00	0.00	1216136	637836	0.24	0.00	37384.00	0.00	0	perf_experiment
03:25:25 AM	1006	219657	91.00	47.00	0.00	0.00	138.00	0	5233.00	0.00	1216660	638828	0.24	0.00	36872.00	0.00	0	perf_experiment
03:25:26 AM	1006	219657	93.00	47.00	0.00	0.00	140.00	0	5410.00	0.00	1216136	638448	0.24	0.00	36872.00	0.00	0	perf_experiment
03:25:27 AM	1006	219657	87.00	51.00	0.00	0.00	138.00	1	4841.00	0.00	1216136	638524	0.24	0.00	35848.00	0.00	0	perf_experiment
03:25:28 AM	1006	219657	92.00	49.00	0.00	0.00	141.00	63	5152.00	0.00	1216136	639104	0.24	0.00	36872.00	0.00	0	perf_experiment
03:25:29 AM	1006	219657	89.00	52.00	0.00	0.00	141.00	63	5921.00	0.00	1216136	639356	0.24	0.00	39432.00	0.00	0	perf_experiment
03:25:30 AM	1006	219657	86.00	56.00	0.00	0.00	142.00	63	5706.00	0.00	1216136	639928	0.24	0.00	39944.00	0.00	0	perf_experiment
03:25:31 AM	1006	219657	80.00	63.00	0.00	0.00	143.00	63	5587.00	0.00	1216136	640136	0.24	0.00	39432.00	0.00	0	perf_experiment
03:25:32 AM	1006	219657	82.00	61.00	0.00	0.00	143.00	63	5250.00	0.00	1216136	640500	0.24	0.00	38920.00	0.00	0	perf_experiment
03:25:33 AM	1006	219657	90.00	54.00	0.00	0.00	144.00	63	5734.00	0.00	1216136	640888	0.24	0.00	38920.00	0.00	0	perf_experiment
03:25:34 AM	1006	219657	89.00	53.00	0.00	0.00	142.00	63	5819.00	0.00	1216136	641276	0.24	0.00	40904.00	0.00	0	perf_experiment
03:25:35 AM	1006	219657	85.00	58.00	0.00	0.00	143.00	63	5733.00	0.00	1216136	641876	0.24	0.00	39496.00	0.00	0	perf_experiment
03:25:36 AM	1006	219657	88.00	55.00	0.00	0.00	143.00	63	5440.00	0.00	1216136	641820	0.24	0.00	37896.00	0.00	0	perf_experiment
03:25:37 AM	1006	219657	87.00	55.00	0.00	0.00	142.00	63	5574.00	0.00	1216136	642012	0.24	0.00	38408.00	0.00	0	perf_experiment
03:25:38 AM	1006	219657	89.00	54.00	0.00	0.00	143.00	63	5314.00	0.00	1216136	642464	0.24	0.00	37892.00	0.00	0	perf_experiment
03:25:39 AM	1006	219657	90.00	52.00	0.00	0.00	142.00	63	5711.00	0.00	1216660	643004	0.24	0.00	38464.00	0.00	0	perf_experiment
03:25:40 AM	1006	219657	91.00	53.00	0.00	0.00	144.00	16	6047.00	0.00	1216136	643112	0.24	0.00	40912.00	0.00	0	perf_experiment
03:25:41 AM	1006	219657	87.00	57.00	0.00	0.00	144.00	16	5877.00	0.00	1216136	643448	0.24	0.00	37896.00	0.00	0	perf_experiment
03:25:42 AM	1006	219657	93.00	50.00	0.00	0.00	143.00	16	5491.00	0.00	1216660	643876	0.24	0.00	38408.00	0.00	0	perf_experiment
03:25:43 AM	1006	219657	93.00	51.00	0.00	0.00	144.00	16	5826.00	0.00	1216136	643860	0.24	0.00	38920.00	0.00	0	perf_experiment
03:25:44 AM	1006	219657	88.00	55.00	0.00	0.00	143.00	16	6958.00	0.00	1216136	644320	0.24	0.00	41992.00	0.00	0	perf_experiment
03:25:45 AM	1006	219657	96.00	60.00	0.00	0.00	156.00	16	12189.00	0.00	1216136	644564	0.24	0.00	69128.00	0.00	0	perf_experiment
03:25:46 AM	1006	219657	94.00	64.00	0.00	0.00	158.00	16	12277.00	0.00	1216136	644840	0.24	0.00	69636.00	0.00	0	perf_experiment
03:25:47 AM	1006	219657	93.00	59.00	0.00	0.00	152.00	17	9674.00	0.00	1216660	645328	0.24	0.00	57352.00	0.00	0	perf_experiment
03:25:48 AM	1006	219657	98.00	56.00	0.00	0.00	154.00	17	10696.00	0.00	1216660	645356	0.24	0.00	61960.00	0.00	0	perf_experiment
03:25:49 AM	1006	219657	92.00	76.00	0.00	0.00	168.00	17	19005.00	0.00	1217184	645732	0.24	0.00	105480.00	0.00	0	perf_experiment
03:25:50 AM	1006	219657	85.00	58.00	0.00	0.00	143.00	17	6123.00	0.00	1216136	645208	0.24	0.00	40968.00	0.00	0	perf_experiment
03:25:51 AM	1006	219657	85.00	59.00	0.00	0.00	144.00	17	5742.00	0.00	1216660	645608	0.24	0.00	37896.00	0.00	0	perf_experiment
03:25:52 AM	1006	219657	95.00	49.00	0.00	0.00	144.00	17	5688.00	0.00	1216136	645416	0.24	0.00	38408.00	0.00	0	perf_experiment
03:25:53 AM	1006	219657	89.00	58.00	0.00	0.00	147.00	17	7418.00	0.00	1216660	646460	0.25	0.00	47112.00	0.00	0	perf_experiment
03:25:54 AM	1006	219657	87.00	75.00	0.00	0.00	162.00	17	16813.00	0.00	1216136	645680	0.24	0.00	91656.00	0.00	0	perf_experiment
03:25:55 AM	1006	219657	88.00	81.00	0.00	0.00	169.00	17	22629.00	0.00	1216136	646104	0.24	0.00	114032.00	0.00	0	perf_experiment
03:25:56 AM	1006	219657	95.00	76.00	0.00	0.00	171.00	17	22106.00	0.00	1216660	646632	0.25	0.00	120992.00	0.00	0	perf_experiment
03:25:57 AM	1006	219657	94.00	78.00	0.00	0.00	172.00	17	22933.00	0.00	1217708	647668	0.25	0.00	123872.00	0.00	0	perf_experiment
03:25:58 AM	1006	219657	91.00	81.00	0.00	0.00	172.00	17	21154.00	0.00	1216136	646096	0.24	0.00	119340.00	0.00	0	perf_experiment
03:25:59 AM	1006	219657	104.00	83.00	0.00	0.00	187.00	17	35808.00	0.00	1218776	648468	0.25	0.00	172040.00	0.00	0	perf_experiment
03:26:00 AM	1006	219657	92.00	61.00	0.00	1.00	153.00	17	15455.00	0.00	1221388	651136	0.25	0.00	57864.00	0.00	0	perf_experiment
03:26:01 AM	1006	219657	92.00	64.00	0.00	0.00	156.00	17	15416.00	0.00	1221388	651124	0.25	0.00	62984.00	0.00	0	perf_experiment
03:26:02 AM	1006	219657	98.00	55.00	0.00	0.00	153.00	17	15460.00	0.00	1221388	651192	0.25	0.00	62472.00	0.00	0	perf_experiment
03:26:03 AM	1006	219657	90.00	64.00	0.00	0.00	154.00	18	14912.00	0.00	1221912	651796	0.25	0.00	58888.00	0.00	0	perf_experiment
03:26:04 AM	1006	219657	100.00	68.00	0.00	0.00	168.00	18	23499.00	0.00	1222960	652760	0.25	0.00	95240.00	0.00	0	perf_experiment
03:26:05 AM	1006	219657	99.00	91.00	0.00	0.00	190.00	18	45642.00	0.00	1221388	651088	0.25	0.00	181256.00	0.00	0	perf_experiment
03:26:06 AM	1006	219657	105.00	82.00	0.00	0.00	187.00	18	32032.00	0.00	1221388	651444	0.25	0.00	167432.00	0.00	0	perf_experiment
03:26:07 AM	1006	219657	89.00	100.00	0.00	0.00	189.00	19	35102.00	0.00	1220864	650960	0.25	0.00	179208.00	0.00	0	perf_experiment
03:26:08 AM	1006	219657	100.00	90.00	0.00	0.00	190.00	19	33172.00	0.00	1221388	651572	0.25	0.00	171016.00	0.00	0	perf_experiment
03:26:09 AM	1006	219657	102.00	85.00	0.00	0.00	187.00	19	31067.00	0.00	1220864	651052	0.25	0.00	167428.00	0.00	0	perf_experiment
03:26:10 AM	1006	219657	100.00	70.00	0.00	0.00	170.00	19	12230.00	0.00	1220864	651064	0.25	0.00	104968.00	0.00	0	perf_experiment
03:26:11 AM	1006	219657	97.00	58.00	0.00	0.00	155.00	19	5989.00	0.00	1220864	650892	0.25	0.00	66564.00	0.00	0	perf_experiment
03:26:12 AM	1006	219657	99.00	60.00	0.00	0.00	159.00	19	7002.00	0.00	1221388	651732	0.25	0.00	69124.00	0.00	0	perf_experiment
03:26:13 AM	1006	219657	102.00	58.00	0.00	0.00	160.00	19	8117.00	0.00	1220864	651144	0.25	0.00	78344.00	0.00	0	perf_experiment
03:26:14 AM	1006	219657	102.00	57.00	0.00	0.00	159.00	19	7027.00	0.00	1220864	650996	0.25	0.00	71176.00	0.00	0	perf_experiment
03:26:15 AM	1006	219657	95.00	54.00	0.00	0.00	149.00	19	4035.00	0.00	1220864	651120	0.25	0.00	49672.00	0.00	0	perf_experiment
03:26:16 AM	1006	219657	97.00	54.00	0.00	0.00	151.00	19	3340.00	0.00	1220864	651140	0.25	0.00	48648.00	0.00	0	perf_experiment
03:26:17 AM	1006	219657	94.00	56.00	0.00	0.00	150.00	19	3427.00	0.00	1220864	651036	0.25	0.00	50696.00	0.00	0	perf_experiment
03:26:18 AM	1006	219657	95.00	57.00	0.00	0.00	152.00	19	4594.00	0.00	1220340	650644	0.25	0.00	56324.00	0.00	0	perf_experiment
03:26:19 AM	1006	219657	102.00	66.00	0.00	0.00	168.00	19	13021.00	0.00	1220864	650848	0.25	0.00	112644.00	0.00	0	perf_experiment
03:26:20 AM	1006	219657	89.00	58.00	0.00	0.00	147.00	19	2850.00	0.00	1220340	650696	0.25	0.00	44548.00	0.00	0	perf_experiment
03:26:21 AM	1006	219657	93.00	53.00	0.00	0.00	146.00	19	3643.00	0.00	1220340	650952	0.25	0.00	45576.00	0.00	0	perf_experiment
03:26:22 AM	1006	219657	98.00	53.00	0.00	0.00	151.00	19	3681.00	0.00	1221912	652064	0.25	0.00	50692.00	0.00	0	perf_experiment
03:26:23 AM	1006	219657	92.00	55.00	0.00	0.00	147.00	19	2955.00	0.00	1220340	651008	0.25	0.00	47624.00	0.00	0	perf_experiment
03:26:24 AM	1006	219657	98.00	62.00	0.00	0.00	160.00	19	12803.00	0.00	1221388	651296	0.25	0.00	79880.00	0.00	0	perf_experiment
03:26:25 AM	1006	219657	98.00	73.00	0.00	0.00	171.00	19	16226.00	0.00	1221388	651452	0.25	0.00	115208.00	0.00	0	perf_experiment
03:26:26 AM	1006	219657	95.00	75.00	0.00	0.00	170.00	19	12700.00	0.00	1221388	651800	0.25	0.00	108524.00	0.00	0	perf_experiment
03:26:27 AM	1006	219657	102.00	69.00	0.00	0.00	171.00	19	13308.00	0.00	1220864	651320	0.25	0.00	116772.00	0.00	0	perf_experiment
03:26:28 AM	1006	219657	97.00	70.00	0.00	0.00	167.00	19	11519.00	0.00	1220864	651108	0.25	0.00	102920.00	0.00	0	perf_experiment
03:26:29 AM	1006	219657	83.00	49.00	0.00	0.00	132.00	19	3561.00	0.00	1206744	642420	0.24	0.00	36804.00	0.00	0	perf_experiment
03:26:30 AM	1006	219657	0.00	99.00	0.00	1.00	99.00	19	0.00	0.00	1206744	642420	0.24	0.00	0.00	0.00	0	perf_experiment
