Time	UID	PID	%usr	%system	%guest	%wait	%CPU	CPU	minflt/s	majflt/s	VSZ	RSS	%MEM	kB_rd/s	kB_wr/s	kB_ccwr/s	iodelay	Command
12:04:46 PM	1006	221606	62.00	38.00	0.00	0.00	100.00	20	145946.00	0.00	664248	589324	0.22	0.00	4.00	0.00	0	perf_experiment
12:04:47 PM	1006	221606	75.00	24.00	0.00	0.00	99.00	20	12458.00	0.00	672828	598012	0.23	0.00	0.00	0.00	0	perf_experiment
12:04:48 PM	1006	221606	78.00	22.00	0.00	0.00	100.00	20	32375.00	0.00	681408	606524	0.23	0.00	0.00	0.00	0	perf_experiment
12:04:49 PM	1006	221606	73.00	20.00	0.00	0.00	93.00	20	38133.00	0.00	688932	614136	0.23	0.00	98304.00	0.00	6	perf_experiment
12:04:50 PM	1006	221606	71.00	22.00	0.00	0.00	93.00	20	37899.00	0.00	696588	621720	0.24	0.00	98304.00	0.00	7	perf_experiment
12:04:51 PM	1006	221606	69.00	23.00	0.00	0.00	92.00	20	35350.00	0.00	703980	629112	0.24	0.00	131072.00	0.00	9	perf_experiment
12:04:52 PM	1006	221606	67.00	27.00	0.00	0.00	94.00	20	40631.00	0.00	711240	636440	0.24	0.00	98304.00	0.00	6	perf_experiment
12:04:53 PM	1006	221606	67.00	26.00	0.00	0.00	93.00	20	30441.00	0.00	718764	643784	0.24	0.00	98304.00	0.00	7	perf_experiment
12:04:54 PM	1006	221606	72.00	22.00	0.00	0.00	94.00	20	30012.00	0.00	726288	651356	0.25	0.00	98304.00	0.00	6	perf_experiment
12:04:55 PM	1006	221606	71.00	22.00	0.00	0.00	93.00	20	27642.00	0.00	733680	658796	0.25	0.00	98304.00	0.00	6	perf_experiment
12:04:56 PM	1006	221606	73.00	20.00	0.00	0.00	93.00	20	26740.00	0.00	741072	666128	0.25	0.00	98304.00	0.00	7	perf_experiment
12:04:57 PM	1006	221606	75.00	18.00	0.00	0.00	93.00	20	28076.00	0.00	748464	673380	0.26	0.00	98304.00	0.00	7	perf_experiment
12:04:58 PM	1006	221606	78.00	16.00	0.00	0.00	94.00	20	26323.00	0.00	755724	680708	0.26	0.00	98304.00	0.00	7	perf_experiment
12:04:59 PM	1006	221606	72.00	21.00	0.00	0.00	93.00	20	25881.00	0.00	762852	687828	0.26	0.00	98304.00	0.00	7	perf_experiment
12:05:00 PM	1006	221606	73.00	20.00	0.00	0.00	93.00	20	22350.00	0.00	770112	695116	0.26	0.00	98304.00	0.00	6	perf_experiment
12:05:01 PM	1006	221606	63.00	33.00	0.00	0.00	96.00	20	17918.00	0.00	775132	700328	0.27	3367.50	65536.00	0.00	5	perf_experiment
12:05:02 PM	1006	221606	40.00	60.00	0.00	0.00	100.00	20	599.00	0.00	775380	700500	0.27	9901.50	0.00	0.00	0	perf_experiment
12:05:03 PM	1006	221606	35.00	66.00	0.00	0.00	101.00	20	66.00	0.00	775640	700760	0.27	9859.00	0.00	0.00	0	perf_experiment
12:05:04 PM	1006	221606	36.00	63.00	0.00	0.00	99.00	20	880.00	0.00	775880	701108	0.27	10293.00	0.00	0.00	0	perf_experiment
12:05:05 PM	1006	221606	37.00	63.00	0.00	0.00	100.00	20	963.00	0.00	776240	701372	0.27	9882.00	0.00	0.00	0	perf_experiment
12:05:06 PM	1006	221606	40.00	60.00	0.00	0.00	100.00	20	952.00	0.00	776488	701660	0.27	10085.00	0.00	0.00	0	perf_experiment
12:05:07 PM	1006	221606	41.00	60.00	0.00	0.00	101.00	20	1487.00	0.00	776720	701912	0.27	10116.00	0.00	0.00	0	perf_experiment
12:05:08 PM	1006	221606	39.00	58.00	0.00	0.00	97.00	20	9091.00	0.00	776968	702168	0.27	9393.50	32768.00	0.00	2	perf_experiment
12:05:09 PM	1006	221606	38.00	62.00	0.00	0.00	100.00	20	986.00	0.00	777224	702424	0.27	10393.50	0.00	0.00	0	perf_experiment
12:05:10 PM	1006	221606	38.00	62.00	0.00	0.00	100.00	20	942.00	0.00	777572	702700	0.27	9951.50	0.00	0.00	0	perf_experiment
12:05:11 PM	1006	221606	37.00	62.00	0.00	0.00	99.00	20	933.00	0.00	777804	703012	0.27	9834.50	0.00	0.00	0	perf_experiment
12:05:12 PM	1006	221606	40.00	61.00	0.00	0.00	101.00	20	962.00	0.00	778052	703260	0.27	9971.50	0.00	0.00	0	perf_experiment
12:05:13 PM	1006	221606	36.00	64.00	0.00	0.00	100.00	20	939.00	0.00	778288	703504	0.27	9987.50	0.00	0.00	0	perf_experiment
12:05:14 PM	1006	221606	36.00	63.00	0.00	0.00	99.00	20	1499.00	0.00	778664	703784	0.27	10200.50	0.00	0.00	0	perf_experiment
12:05:15 PM	1006	221606	39.00	62.00	0.00	0.00	101.00	20	921.00	0.00	778896	704032	0.27	9682.00	0.00	0.00	0	perf_experiment
12:05:16 PM	1006	221606	39.00	61.00	0.00	0.00	100.00	20	985.00	0.00	779128	704320	0.27	10424.50	0.00	0.00	0	perf_experiment
12:05:17 PM	1006	221606	43.00	55.00	0.00	0.00	98.00	20	9087.00	0.00	779396	704584	0.27	9393.00	32768.00	0.00	2	perf_experiment
12:05:18 PM	1006	221606	38.00	62.00	0.00	0.00	100.00	20	974.00	0.00	779648	704844	0.27	10352.50	0.00	0.00	0	perf_experiment
12:05:19 PM	1006	221606	39.00	61.00	0.00	0.00	100.00	20	907.00	0.00	779896	705100	0.27	9593.50	0.00	0.00	0	perf_experiment
12:05:20 PM	1006	221606	39.00	61.00	0.00	0.00	100.00	20	1004.00	0.00	780144	705380	0.27	10365.50	0.00	0.00	0	perf_experiment
12:05:21 PM	1006	221606	39.00	61.00	0.00	0.00	100.00	20	944.00	0.00	780520	705656	0.27	9974.00	0.00	0.00	0	perf_experiment
12:05:22 PM	1006	221606	38.00	62.00	0.00	0.00	100.00	20	933.00	0.00	780752	705944	0.27	9797.00	0.00	0.00	0	perf_experiment
12:05:23 PM	1006	221606	44.00	56.00	0.00	0.00	100.00	20	1055.00	0.00	781000	706192	0.27	10101.00	0.00	0.00	0	perf_experiment
12:05:24 PM	1006	221606	37.00	63.00	0.00	0.00	100.00	20	1400.00	0.00	781236	706440	0.27	10200.50	0.00	0.00	0	perf_experiment
12:05:25 PM	1006	221606	36.00	64.00	0.00	0.00	100.00	20	927.00	0.00	781588	706716	0.27	9759.00	0.00	0.00	0	perf_experiment
12:05:26 PM	1006	221606	40.00	59.00	0.00	0.00	99.00	20	978.00	0.00	781836	707008	0.27	10306.50	0.00	0.00	0	perf_experiment
12:05:27 PM	1006	221606	41.00	58.00	0.00	0.00	99.00	20	8651.00	0.00	782060	707244	0.27	9257.50	32768.00	0.00	2	perf_experiment
12:05:28 PM	1006	221606	39.00	61.00	0.00	0.00	100.00	20	967.00	0.00	782296	707508	0.27	10180.50	0.00	0.00	0	perf_experiment
12:05:29 PM	1006	221606	39.00	61.00	0.00	0.00	100.00	20	962.00	0.00	782644	707780	0.27	10170.00	0.00	0.00	0	perf_experiment
12:05:30 PM	1006	221606	42.00	58.00	0.00	0.00	100.00	20	944.00	0.00	782888	708064	0.27	9972.00	0.00	0.00	0	perf_experiment
12:05:31 PM	1006	221606	31.68	67.33	0.00	0.00	99.01	20	965.35	0.00	783128	708320	0.27	10000.99	0.00	0.00	0	perf_experiment
12:05:32 PM	1006	221606	39.00	61.00	0.00	0.00	100.00	20	918.00	0.00	783376	708584	0.27	9716.50	0.00	0.00	0	perf_experiment
12:05:33 PM	1006	221606	34.00	65.00	0.00	0.00	99.00	20	997.00	0.00	783632	708856	0.27	10405.00	0.00	0.00	0	perf_experiment
12:05:34 PM	1006	221606	38.00	63.00	0.00	0.00	101.00	20	956.00	0.00	783884	709112	0.27	9681.50	0.00	0.00	0	perf_experiment
12:05:35 PM	1006	221606	33.00	67.00	0.00	0.00	100.00	20	1559.00	0.00	784252	709388	0.27	10201.00	0.00	0.00	0	perf_experiment
12:05:36 PM	1006	221606	36.00	61.00	0.00	0.00	97.00	20	9152.00	0.00	784500	709652	0.27	9669.00	32768.00	0.00	2	perf_experiment
12:05:37 PM	1006	221606	38.00	62.00	0.00	0.00	100.00	20	1003.00	0.00	784760	709948	0.27	10143.50	0.00	0.00	0	perf_experiment
12:05:38 PM	1006	221606	37.00	63.00	0.00	0.00	100.00	20	966.00	0.00	785012	710200	0.27	9561.00	0.00	0.00	0	perf_experiment
12:05:39 PM	1006	221606	35.00	65.00	0.00	0.00	100.00	20	1003.00	0.00	785244	710444	0.27	10368.00	0.00	0.00	0	perf_experiment
12:05:40 PM	1006	221606	35.00	65.00	0.00	0.00	100.00	20	957.00	0.00	785488	710708	0.27	9883.50	0.00	0.00	0	perf_experiment
12:05:41 PM	1006	221606	35.00	66.00	0.00	0.00	101.00	20	983.00	0.00	785844	710992	0.27	10104.50	0.00	0.00	0	perf_experiment
12:05:42 PM	1006	221606	34.00	66.00	0.00	0.00	100.00	20	926.00	0.00	786072	711260	0.27	9809.50	0.00	0.00	0	perf_experiment
12:05:43 PM	1006	221606	35.00	64.00	0.00	0.00	99.00	20	972.00	0.00	786316	711508	0.27	10292.00	0.00	0.00	0	perf_experiment
12:05:44 PM	1006	221606	35.00	66.00	0.00	0.00	101.00	20	942.00	0.00	786556	711780	0.27	9810.50	0.00	0.00	0	perf_experiment
12:05:45 PM	1006	221606	37.00	60.00	0.00	0.00	97.00	20	9203.00	0.00	786916	712072	0.27	10024.00	32768.00	0.00	2	perf_experiment
12:05:46 PM	1006	221606	42.00	58.00	0.00	0.00	100.00	20	926.00	0.00	787140	712316	0.27	9865.50	0.00	0.00	0	perf_experiment
12:05:47 PM	1006	221606	40.00	61.00	0.00	0.00	101.00	20	927.00	0.00	787372	712580	0.27	9826.50	0.00	0.00	0	perf_experiment
12:05:48 PM	1006	221606	40.00	59.00	0.00	0.00	99.00	20	988.00	0.00	787712	712880	0.27	10096.00	0.00	0.00	0	perf_experiment
12:05:49 PM	1006	221606	34.00	66.00	0.00	0.00	100.00	20	957.00	0.00	787956	713108	0.27	9991.00	0.00	0.00	0	perf_experiment
12:05:50 PM	1006	221606	42.00	58.00	0.00	0.00	100.00	20	972.00	0.00	788196	713388	0.27	10302.00	0.00	0.00	0	perf_experiment
12:05:51 PM	1006	221606	35.00	65.00	0.00	0.00	100.00	20	1084.00	0.00	788428	713648	0.27	9532.00	0.00	0.00	0	perf_experiment
12:05:52 PM	1006	221606	35.00	66.00	0.00	0.00	101.00	20	1034.00	0.00	788772	713924	0.27	10417.50	0.00	0.00	0	perf_experiment
12:05:53 PM	1006	221606	36.00	63.00	0.00	0.00	99.00	20	977.00	0.00	789032	714192	0.27	9879.50	0.00	0.00	0	perf_experiment
12:05:54 PM	1006	221606	38.00	63.00	0.00	0.00	101.00	20	946.00	0.00	789284	714484	0.27	9801.50	0.00	0.00	0	perf_experiment
12:05:55 PM	1006	221606	30.00	67.00	0.00	0.00	97.00	20	8440.00	0.00	789528	714664	0.27	9755.00	32768.00	0.00	3	perf_experiment
12:05:56 PM	1006	221606	38.00	62.00	0.00	0.00	100.00	20	145.00	0.00	789768	714900	0.27	10386.50	0.00	0.00	0	perf_experiment
12:05:57 PM	1006	221606	37.00	63.00	0.00	0.00	100.00	20	1204.00	0.00	790116	715252	0.27	9536.00	0.00	0.00	0	perf_experiment
12:05:58 PM	1006	221606	36.00	64.00	0.00	0.00	100.00	20	975.00	0.00	790348	715528	0.27	10176.50	0.00	0.00	0	perf_experiment
12:05:59 PM	1006	221606	31.00	69.00	0.00	0.00	100.00	20	964.00	0.00	790592	715784	0.27	9923.50	0.00	0.00	0	perf_experiment
12:06:00 PM	1006	221606	37.00	63.00	0.00	0.00	100.00	20	982.00	0.00	790824	716056	0.27	10273.00	0.00	0.00	0	perf_experiment
12:06:01 PM	1006	221606	32.00	68.00	0.00	0.00	100.00	20	926.00	0.00	791188	716332	0.27	9719.50	0.00	0.00	0	perf_experiment
12:06:02 PM	1006	221606	41.00	59.00	0.00	0.00	100.00	20	970.00	0.00	791420	716596	0.27	10238.50	0.00	0.00	0	perf_experiment
12:06:03 PM	1006	221606	33.00	67.00	0.00	0.00	100.00	20	987.00	0.00	791644	716856	0.27	9878.50	0.00	0.00	0	perf_experiment
12:06:04 PM	1006	221606	38.00	60.00	0.00	0.00	98.00	20	9116.00	0.00	791880	717116	0.27	9754.50	32768.00	0.00	2	perf_experiment
12:06:05 PM	1006	221606	40.00	60.00	0.00	0.00	100.00	20	953.00	0.00	792228	717380	0.27	9997.50	0.00	0.00	0	perf_experiment
12:06:06 PM	1006	221606	38.00	63.00	0.00	0.00	101.00	20	966.00	0.00	792460	717664	0.27	9985.00	0.00	0.00	0	perf_experiment
12:06:07 PM	1006	221606	40.00	59.00	0.00	0.00	99.00	20	988.00	0.00	792700	717940	0.27	10258.50	0.00	0.00	0	perf_experiment
12:06:08 PM	1006	221606	39.00	61.00	0.00	0.00	100.00	20	913.00	0.00	793060	718196	0.27	9652.50	0.00	0.00	0	perf_experiment
12:06:09 PM	1006	221606	38.00	62.00	0.00	0.00	100.00	20	997.00	0.00	793300	718488	0.27	10412.50	0.00	0.00	0	perf_experiment
12:06:10 PM	1006	221606	36.00	64.00	0.00	0.00	100.00	20	941.00	0.00	793544	718732	0.27	9669.00	0.00	0.00	0	perf_experiment
12:06:11 PM	1006	221606	33.00	67.00	0.00	0.00	100.00	20	1140.00	0.00	793808	719008	0.27	10019.00	0.00	0.00	0	perf_experiment
12:06:12 PM	1006	221606	37.00	63.00	0.00	0.00	100.00	20	1032.00	0.00	794032	719260	0.27	10257.00	0.00	0.00	0	perf_experiment
12:06:13 PM	1006	221606	33.00	64.00	0.00	0.00	97.00	20	9093.00	0.00	794380	719512	0.27	9505.50	32768.00	0.00	2	perf_experiment
12:06:14 PM	1006	221606	40.00	61.00	0.00	0.00	101.00	20	221.00	0.00	794616	719752	0.27	9855.00	0.00	0.00	0	perf_experiment
12:06:15 PM	1006	221606	37.00	63.00	0.00	0.00	100.00	20	149.00	0.00	794860	719988	0.27	10351.50	0.00	0.00	0	perf_experiment
12:06:16 PM	1006	221606	39.00	60.00	0.00	0.00	99.00	20	149.00	0.00	795100	720236	0.27	9720.50	0.00	0.00	0	perf_experiment
12:06:17 PM	1006	221606	34.00	67.00	0.00	0.00	101.00	20	113.00	0.00	795460	720472	0.27	10232.50	0.00	0.00	0	perf_experiment
12:06:18 PM	1006	221606	33.00	67.00	0.00	0.00	100.00	20	71.00	0.00	795708	720708	0.27	9750.50	0.00	0.00	0	perf_experiment
12:06:19 PM	1006	221606	39.00	61.00	0.00	0.00	100.00	20	583.00	0.00	795972	721092	0.27	10453.50	0.00	0.00	0	perf_experiment
12:06:20 PM	1006	221606	39.00	61.00	0.00	0.00	100.00	20	81.00	0.00	796224	721344	0.27	9664.00	0.00	0.00	0	perf_experiment
12:06:21 PM	1006	221606	42.00	58.00	0.00	0.00	100.00	20	89.00	0.00	796448	721584	0.27	10321.50	0.00	0.00	0	perf_experiment
12:06:22 PM	1006	221606	36.00	64.00	0.00	0.00	100.00	20	67.00	0.00	796692	721828	0.27	9550.00	0.00	0.00	0	perf_experiment
12:06:23 PM	1006	221606	39.00	59.00	0.00	0.00	98.00	20	8263.00	0.00	797048	722184	0.27	9952.00	32768.00	0.00	2	perf_experiment
12:06:24 PM	1006	221606	40.00	60.00	0.00	0.00	100.00	20	82.00	0.00	797268	722404	0.27	9913.50	0.00	0.00	0	perf_experiment
12:06:25 PM	1006	221606	43.00	57.00	0.00	0.00	100.00	20	91.00	0.00	797532	722712	0.27	10320.00	0.00	0.00	0	perf_experiment
12:06:26 PM	1006	221606	35.00	64.00	0.00	0.00	99.00	20	70.00	0.00	797756	722888	0.27	9794.00	0.00	0.00	0	perf_experiment
12:06:27 PM	1006	221606	34.00	67.00	0.00	0.00	101.00	20	978.00	0.00	798116	723272	0.27	10071.00	0.00	0.00	0	perf_experiment
12:06:28 PM	1006	221606	32.00	68.00	0.00	0.00	100.00	20	966.00	0.00	798364	723540	0.27	10094.50	0.00	0.00	0	perf_experiment
12:06:29 PM	1006	221606	38.00	62.00	0.00	0.00	100.00	20	964.00	0.00	798592	723800	0.27	9984.00	0.00	0.00	0	perf_experiment
12:06:30 PM	1006	221606	30.00	70.00	0.00	0.00	100.00	20	932.00	0.00	798848	724052	0.27	9790.00	0.00	0.00	0	perf_experiment
12:06:31 PM	1006	221606	37.00	63.00	0.00	0.00	100.00	20	1014.00	0.00	799212	724348	0.27	10488.50	0.00	0.00	0	perf_experiment
12:06:32 PM	1006	221606	39.00	59.00	0.00	0.00	98.00	20	8730.00	0.00	799440	724576	0.27	9674.50	32768.00	0.00	2	perf_experiment
12:06:33 PM	1006	221606	41.00	59.00	0.00	0.00	100.00	20	62.00	0.00	799668	724804	0.27	9720.00	0.00	0.00	0	perf_experiment
12:06:34 PM	1006	221606	40.00	59.00	0.00	0.00	99.00	20	101.00	0.00	799920	725116	0.27	10429.00	0.00	0.00	0	perf_experiment
12:06:35 PM	1006	221606	36.00	65.00	0.00	0.00	101.00	20	95.00	0.00	800172	725308	0.27	9559.50	0.00	0.00	0	perf_experiment
12:06:36 PM	1006	221606	35.00	64.00	0.00	0.00	99.00	20	89.00	0.00	800540	725676	0.28	10203.50	0.00	0.00	0	perf_experiment
12:06:37 PM	1006	221606	34.00	66.00	0.00	0.00	100.00	20	384.00	0.00	800780	725908	0.28	9763.00	0.00	0.00	0	perf_experiment
12:06:38 PM	1006	221606	35.00	65.00	0.00	0.00	100.00	20	239.00	0.00	801004	726140	0.28	10359.00	0.00	0.00	0	perf_experiment
12:06:39 PM	1006	221606	41.00	60.00	0.00	0.00	101.00	20	834.00	0.00	801256	726472	0.28	9742.00	0.00	0.00	0	perf_experiment
12:06:40 PM	1006	221606	36.00	63.00	0.00	0.00	99.00	20	1110.00	0.00	801620	726756	0.28	10337.00	0.00	0.00	0	perf_experiment
12:06:41 PM	1006	221606	36.00	62.00	0.00	0.00	98.00	20	9126.00	0.00	801864	726992	0.28	9397.00	32768.00	0.00	3	perf_experiment
12:06:42 PM	1006	221606	37.00	63.00	0.00	0.00	100.00	20	217.00	0.00	802116	727196	0.28	10170.00	0.00	0.00	0	perf_experiment
12:06:43 PM	1006	221606	39.00	61.00	0.00	0.00	100.00	20	138.00	0.00	802364	727484	0.28	9785.50	0.00	0.00	0	perf_experiment
12:06:44 PM	1006	221606	40.00	60.00	0.00	0.00	100.00	20	70.00	0.00	802608	727736	0.28	10044.50	0.00	0.00	0	perf_experiment
12:06:45 PM	1006	221606	36.00	64.00	0.00	0.00	100.00	20	75.00	0.00	802844	727972	0.28	10283.00	0.00	0.00	0	perf_experiment
12:06:46 PM	1006	221606	42.00	58.00	0.00	0.00	100.00	20	73.00	0.00	803188	728308	0.28	9851.50	0.00	0.00	0	perf_experiment
12:06:47 PM	1006	221606	38.00	62.00	0.00	0.00	100.00	20	987.00	0.00	803440	728636	0.28	9829.50	0.00	0.00	0	perf_experiment
12:06:48 PM	1006	221606	39.00	61.00	0.00	0.00	100.00	20	978.00	0.00	803684	728876	0.28	10403.50	0.00	0.00	0	perf_experiment
12:06:49 PM	1006	221606	38.00	62.00	0.00	0.00	100.00	20	911.00	0.00	803924	729140	0.28	9552.00	0.00	0.00	0	perf_experiment
12:06:50 PM	1006	221606	36.00	64.00	0.00	0.00	100.00	20	992.00	0.00	804280	729424	0.28	10278.50	0.00	0.00	0	perf_experiment
12:06:51 PM	1006	221606	40.00	58.00	0.00	0.00	98.00	20	9131.00	0.00	804532	729684	0.28	9738.00	32768.00	0.00	2	perf_experiment
12:06:52 PM	1006	221606	42.00	58.00	0.00	0.00	100.00	20	951.00	0.00	804760	729936	0.28	9989.50	0.00	0.00	0	perf_experiment
12:06:53 PM	1006	221606	36.00	64.00	0.00	0.00	100.00	20	935.00	0.00	804996	730200	0.28	9886.50	0.00	0.00	0	perf_experiment
12:06:54 PM	1006	221606	42.00	58.00	0.00	0.00	100.00	20	953.00	0.00	805344	730472	0.28	10058.00	0.00	0.00	0	perf_experiment
12:06:55 PM	1006	221606	36.00	64.00	0.00	0.00	100.00	20	972.00	0.00	805596	730756	0.28	10258.00	0.00	0.00	0	perf_experiment
12:06:56 PM	1006	221606	42.00	58.00	0.00	0.00	100.00	20	949.00	0.00	805828	731008	0.28	9870.50	0.00	0.00	0	perf_experiment
12:06:57 PM	1006	221606	38.00	62.00	0.00	0.00	100.00	20	993.00	0.00	806064	731280	0.28	10122.50	0.00	0.00	0	perf_experiment
12:06:58 PM	1006	221606	35.00	65.00	0.00	0.00	100.00	20	964.00	0.00	806320	731552	0.28	10092.00	0.00	0.00	0	perf_experiment
12:06:59 PM	1006	221606	41.00	59.00	0.00	0.00	100.00	20	967.00	0.00	806676	731844	0.28	10119.00	0.00	0.00	0	perf_experiment
12:07:00 PM	1006	221606	42.00	56.00	0.00	0.00	98.00	20	8768.00	0.00	806920	732052	0.28	9650.00	32768.00	0.00	2	perf_experiment
12:07:01 PM	1006	221606	39.00	61.00	0.00	0.00	100.00	20	86.00	0.00	807164	732296	0.28	10050.50	0.00	0.00	0	perf_experiment
12:07:02 PM	1006	221606	39.00	61.00	0.00	0.00	100.00	20	95.00	0.00	807412	732544	0.28	10293.50	0.00	0.00	0	perf_experiment
12:07:03 PM	1006	221606	43.00	57.00	0.00	0.00	100.00	20	94.00	0.00	807660	732796	0.28	10036.00	0.00	0.00	0	perf_experiment
12:07:04 PM	1006	221606	36.00	64.00	0.00	0.00	100.00	20	89.00	0.00	808036	733164	0.28	9884.00	0.00	0.00	0	perf_experiment
12:07:05 PM	1006	221606	37.00	63.00	0.00	0.00	100.00	20	88.00	0.00	808276	733404	0.28	10303.50	0.00	0.00	0	perf_experiment
12:07:06 PM	1006	221606	34.00	66.00	0.00	0.00	100.00	20	89.00	0.00	808496	733632	0.28	10069.50	0.00	0.00	0	perf_experiment
12:07:07 PM	1006	221606	38.00	62.00	0.00	0.00	100.00	20	100.00	0.00	808872	733856	0.28	10667.00	0.00	0.00	0	perf_experiment
12:07:08 PM	1006	221606	44.00	57.00	0.00	0.00	101.00	20	95.00	0.00	809124	734260	0.28	10058.50	0.00	0.00	0	perf_experiment
12:07:09 PM	1006	221606	39.00	58.00	0.00	0.00	97.00	20	8273.00	0.00	809364	734484	0.28	10150.00	32768.00	0.00	2	perf_experiment
12:07:10 PM	1006	221606	38.00	62.00	0.00	0.00	100.00	20	92.00	0.00	809608	734736	0.28	10220.50	0.00	0.00	0	perf_experiment
12:07:11 PM	1006	221606	42.00	58.00	0.00	0.00	100.00	20	561.00	0.00	809848	735040	0.28	10120.50	0.00	0.00	0	perf_experiment
12:07:12 PM	1006	221606	36.00	64.00	0.00	0.00	100.00	20	270.00	0.00	810204	735344	0.28	10099.00	0.00	0.00	0	perf_experiment
12:07:13 PM	1006	221606	32.00	68.00	0.00	0.00	100.00	20	271.00	0.00	810464	735568	0.28	10415.50	0.00	0.00	0	perf_experiment
12:07:14 PM	1006	221606	35.00	65.00	0.00	0.00	100.00	20	269.00	0.00	810728	735928	0.28	10404.00	0.00	0.00	0	perf_experiment
12:07:15 PM	1006	221606	37.00	63.00	0.00	0.00	100.00	20	252.00	0.00	810944	736140	0.28	10077.00	0.00	0.00	0	perf_experiment
12:07:16 PM	1006	221606	27.00	73.00	0.00	0.00	100.00	20	269.00	0.00	811284	736420	0.28	10515.50	0.00	0.00	0	perf_experiment
12:07:17 PM	1006	221606	38.00	62.00	0.00	0.00	100.00	20	125.00	0.00	811528	736648	0.28	10238.50	0.00	0.00	0	perf_experiment
12:07:18 PM	1006	221606	31.00	67.00	0.00	0.00	98.00	20	8267.00	0.00	811760	736980	0.28	9941.00	32768.00	0.00	2	perf_experiment
12:07:19 PM	1006	221606	35.00	65.00	0.00	0.00	100.00	20	78.00	0.00	812100	737236	0.28	10515.00	0.00	0.00	0	perf_experiment
12:07:20 PM	1006	221606	41.00	59.00	0.00	0.00	100.00	20	75.00	0.00	812340	737476	0.28	10885.50	0.00	0.00	0	perf_experiment
12:07:21 PM	1006	221606	41.00	59.00	0.00	0.00	100.00	20	73.00	0.00	812724	737720	0.28	10119.00	0.00	0.00	0	perf_experiment
12:07:22 PM	1006	221606	35.00	65.00	0.00	0.00	100.00	20	80.00	0.00	812964	738096	0.28	10660.50	0.00	0.00	0	perf_experiment
12:07:23 PM	1006	221606	38.00	62.00	0.00	0.00	100.00	20	68.00	0.00	813224	738352	0.28	10216.50	0.00	0.00	0	perf_experiment
12:07:24 PM	1006	221606	40.00	60.00	0.00	0.00	100.00	20	1111.00	0.00	813460	738652	0.28	10197.00	0.00	0.00	0	perf_experiment
12:07:25 PM	1006	221606	40.00	60.00	0.00	0.00	100.00	20	1030.00	0.00	813844	738940	0.28	10839.00	0.00	0.00	0	perf_experiment
12:07:26 PM	1006	221606	32.00	68.00	0.00	0.00	100.00	20	959.00	0.00	814092	739228	0.28	10077.50	0.00	0.00	0	perf_experiment
12:07:27 PM	1006	221606	32.00	65.00	0.00	0.00	97.00	20	9137.00	0.00	814344	739496	0.28	9877.50	32768.00	0.00	2	perf_experiment
12:07:28 PM	1006	221606	40.59	59.41	0.00	0.00	100.00	20	973.27	0.00	814572	739764	0.28	10305.94	0.00	0.00	0	perf_experiment
12:07:29 PM	1006	221606	38.00	62.00	0.00	0.00	100.00	20	971.00	0.00	814804	740036	0.28	10145.50	0.00	0.00	0	perf_experiment
12:07:30 PM	1006	221606	42.00	57.00	0.00	0.00	99.00	20	958.00	0.00	815072	740296	0.28	10042.50	0.00	0.00	0	perf_experiment
12:07:31 PM	1006	221606	36.00	64.00	0.00	0.00	100.00	20	962.00	0.00	815460	740564	0.28	10116.50	0.00	0.00	0	perf_experiment
12:07:32 PM	1006	221606	38.00	63.00	0.00	0.00	101.00	20	976.00	0.00	815704	740848	0.28	10056.00	0.00	0.00	0	perf_experiment
12:07:33 PM	1006	221606	42.00	57.00	0.00	0.00	99.00	20	960.00	0.00	815952	741128	0.28	9988.50	0.00	0.00	0	perf_experiment
12:07:34 PM	1006	221606	43.00	58.00	0.00	0.00	101.00	20	989.00	0.00	816208	741408	0.28	10335.00	0.00	0.00	0	perf_experiment
12:07:35 PM	1006	221606	38.00	61.00	0.00	0.00	99.00	20	933.00	0.00	816452	741656	0.28	9810.50	0.00	0.00	0	perf_experiment
12:07:36 PM	1006	221606	35.00	65.00	0.00	0.00	100.00	20	977.00	0.00	816708	741928	0.28	10276.00	0.00	0.00	0	perf_experiment
12:07:37 PM	1006	221606	39.00	60.00	0.00	0.00	99.00	20	8393.00	0.00	817056	742188	0.28	9531.00	32768.00	0.00	2	perf_experiment
12:07:38 PM	1006	221606	37.00	62.00	0.00	0.00	99.00	20	71.00	0.00	817292	742412	0.28	10198.50	0.00	0.00	0	perf_experiment
12:07:39 PM	1006	221606	38.00	63.00	0.00	0.00	101.00	20	87.00	0.00	817556	742540	0.28	10045.00	0.00	0.00	0	perf_experiment
12:07:40 PM	1006	221606	41.00	59.00	0.00	0.00	100.00	20	84.00	0.00	817780	742916	0.28	10173.00	0.00	0.00	0	perf_experiment
12:07:41 PM	1006	221606	32.00	67.00	0.00	0.00	99.00	20	78.00	0.00	818040	743132	0.28	9797.00	0.00	0.00	0	perf_experiment
12:07:42 PM	1006	221606	38.00	63.00	0.00	0.00	101.00	20	95.00	0.00	818392	743520	0.28	10408.50	0.00	0.00	0	perf_experiment
12:07:43 PM	1006	221606	37.00	63.00	0.00	0.00	100.00	20	84.00	0.00	818656	743712	0.28	9555.50	0.00	0.00	0	perf_experiment
12:07:44 PM	1006	221606	36.00	63.00	0.00	0.00	99.00	20	90.00	0.00	818904	744024	0.28	10312.50	0.00	0.00	0	perf_experiment
12:07:45 PM	1006	221606	39.00	62.00	0.00	0.00	101.00	20	81.00	0.00	819128	744264	0.28	9881.50	0.00	0.00	0	perf_experiment
12:07:46 PM	1006	221606	34.00	64.00	0.00	0.00	98.00	20	8750.00	0.00	819372	744596	0.28	9904.50	32768.00	0.00	3	perf_experiment
12:07:47 PM	1006	221606	40.00	59.00	0.00	0.00	99.00	20	943.00	0.00	819720	744856	0.28	9753.50	0.00	0.00	0	perf_experiment
12:07:48 PM	1006	221606	40.00	61.00	0.00	0.00	101.00	20	970.00	0.00	819980	745132	0.28	9986.50	0.00	0.00	0	perf_experiment
12:07:49 PM	1006	221606	42.00	58.00	0.00	0.00	100.00	20	969.00	0.00	820224	745404	0.28	10123.00	0.00	0.00	0	perf_experiment
12:07:50 PM	1006	221606	38.00	61.00	0.00	1.00	99.00	20	946.00	0.00	820464	745652	0.28	9874.00	0.00	0.00	0	perf_experiment
12:07:51 PM	1006	221606	44.00	57.00	0.00	0.00	101.00	20	954.00	0.00	820712	745932	0.28	9990.50	0.00	0.00	0	perf_experiment
12:07:52 PM	1006	221606	35.00	64.00	0.00	0.00	99.00	20	956.00	0.00	821068	746196	0.28	10036.00	0.00	0.00	0	perf_experiment
12:07:53 PM	1006	221606	41.00	59.00	0.00	0.00	100.00	20	972.00	0.00	821288	746484	0.28	10187.00	0.00	0.00	0	perf_experiment
12:07:54 PM	1006	221606	36.00	65.00	0.00	0.00	101.00	20	928.00	0.00	821524	746720	0.28	9688.00	0.00	0.00	0	perf_experiment
12:07:55 PM	1006	221606	37.00	60.00	0.00	0.00	97.00	20	9661.00	0.00	821764	746988	0.28	9797.00	32768.00	0.00	2	perf_experiment
12:07:56 PM	1006	221606	35.00	65.00	0.00	0.00	100.00	20	341.00	0.00	822120	747248	0.28	9946.00	0.00	0.00	0	perf_experiment
12:07:57 PM	1006	221606	38.00	62.00	0.00	0.00	100.00	20	340.00	0.00	822372	747500	0.28	10040.50	0.00	0.00	0	perf_experiment
12:07:58 PM	1006	221606	38.00	61.00	0.00	0.00	99.00	20	314.00	0.00	822616	747748	0.28	9832.00	0.00	0.00	0	perf_experiment
12:07:59 PM	1006	221606	39.00	62.00	0.00	0.00	101.00	20	322.00	0.00	822880	748064	0.28	10318.50	0.00	0.00	0	perf_experiment
12:08:00 PM	1006	221606	39.00	61.00	0.00	0.00	100.00	20	280.00	0.00	823132	748268	0.28	9637.50	0.00	0.00	0	perf_experiment
12:08:01 PM	1006	221606	34.00	66.00	0.00	0.00	100.00	20	178.00	0.00	823380	748508	0.28	10467.50	0.00	0.00	0	perf_experiment
12:08:02 PM	1006	221606	37.00	63.00	0.00	0.00	100.00	20	77.00	0.00	823628	748760	0.28	9579.50	0.00	0.00	0	perf_experiment
12:08:03 PM	1006	221606	37.00	63.00	0.00	0.00	100.00	20	87.00	0.00	823996	748996	0.28	10255.00	0.00	0.00	0	perf_experiment
12:08:04 PM	1006	221606	38.00	62.00	0.00	0.00	100.00	20	72.00	0.00	824236	749364	0.28	10046.50	0.00	0.00	0	perf_experiment
12:08:05 PM	1006	221606	36.00	62.00	0.00	0.00	98.00	20	8269.00	0.00	824468	749600	0.28	9409.50	32768.00	0.00	2	perf_experiment
12:08:06 PM	1006	221606	37.00	63.00	0.00	0.00	100.00	20	79.00	0.00	824792	749928	0.28	10379.00	0.00	0.00	0	perf_experiment
12:08:07 PM	1006	221606	38.00	62.00	0.00	0.00	100.00	20	72.00	0.00	825044	750180	0.28	9811.00	0.00	0.00	0	perf_experiment
12:08:08 PM	1006	221606	40.00	60.00	0.00	0.00	100.00	20	83.00	0.00	825280	750416	0.28	10033.00	0.00	0.00	0	perf_experiment
12:08:09 PM	1006	221606	33.00	66.00	0.00	0.00	99.00	20	81.00	0.00	825544	750664	0.28	9929.00	0.00	0.00	0	perf_experiment
12:08:10 PM	1006	221606	45.00	56.00	0.00	0.00	101.00	20	79.00	0.00	825796	750916	0.28	9902.00	0.00	0.00	0	perf_experiment
12:08:11 PM	1006	221606	37.00	63.00	0.00	0.00	100.00	20	77.00	0.00	826048	751052	0.28	10004.00	0.00	0.00	0	perf_experiment
12:08:12 PM	1006	221606	41.00	59.00	0.00	0.00	100.00	20	595.00	0.00	826404	751540	0.28	10328.00	0.00	0.00	0	perf_experiment
12:08:13 PM	1006	221606	39.00	61.00	0.00	0.00	100.00	20	83.00	0.00	826636	751772	0.28	9702.00	0.00	0.00	0	perf_experiment
12:08:14 PM	1006	221606	38.00	59.00	0.00	0.00	97.00	20	8264.00	0.00	826880	751952	0.29	9846.50	32768.00	0.00	2	perf_experiment
12:08:15 PM	1006	221606	35.00	66.00	0.00	0.00	101.00	20	87.00	0.00	827116	752244	0.29	10045.00	0.00	0.00	0	perf_experiment
12:08:16 PM	1006	221606	37.00	63.00	0.00	0.00	100.00	20	90.00	0.00	827452	752588	0.29	10285.00	0.00	0.00	0	perf_experiment
12:08:17 PM	1006	221606	32.00	67.00	0.00	0.00	99.00	20	72.00	0.00	827688	752824	0.29	9734.00	0.00	0.00	0	perf_experiment
12:08:18 PM	1006	221606	38.00	63.00	0.00	0.00	101.00	20	82.00	0.00	827924	753052	0.29	10409.00	0.00	0.00	0	perf_experiment
12:08:19 PM	1006	221606	34.00	66.00	0.00	0.00	100.00	20	81.00	0.00	828180	753392	0.29	9849.50	0.00	0.00	0	perf_experiment
12:08:20 PM	1006	221606	34.00	65.00	0.00	0.00	99.00	20	88.00	0.00	828536	753672	0.29	10355.50	0.00	0.00	0	perf_experiment
12:08:21 PM	1006	221606	33.00	68.00	0.00	0.00	101.00	20	79.00	0.00	828788	753788	0.29	9700.50	0.00	0.00	0	perf_experiment
12:08:22 PM	1006	221606	35.00	65.00	0.00	0.00	100.00	20	79.00	0.00	829044	754164	0.29	10425.50	0.00	0.00	0	perf_experiment
12:08:23 PM	1006	221606	38.00	60.00	0.00	0.00	98.00	20	8267.00	0.00	829292	754444	0.29	9857.00	32768.00	0.00	2	perf_experiment
12:08:24 PM	1006	221606	38.00	62.00	0.00	0.00	100.00	20	72.00	0.00	829524	754660	0.29	9926.50	0.00	0.00	0	perf_experiment
12:08:25 PM	1006	221606	41.00	59.00	0.00	0.00	100.00	20	81.00	0.00	829888	755016	0.29	10263.50	0.00	0.00	0	perf_experiment
12:08:26 PM	1006	221606	32.00	68.00	0.00	0.00	100.00	20	89.00	0.00	830132	755268	0.29	10270.00	0.00	0.00	0	perf_experiment
12:08:27 PM	1006	221606	42.00	57.00	0.00	0.00	99.00	20	72.00	0.00	830384	755512	0.29	9937.00	0.00	0.00	0	perf_experiment
12:08:28 PM	1006	221606	37.00	63.00	0.00	0.00	100.00	20	73.00	0.00	830624	755760	0.29	10421.50	0.00	0.00	0	perf_experiment
12:08:29 PM	1006	221606	42.00	59.00	0.00	0.00	101.00	20	109.00	0.00	830972	756108	0.29	9815.50	0.00	0.00	0	perf_experiment
12:08:30 PM	1006	221606	38.00	62.00	0.00	0.00	100.00	20	83.00	0.00	831200	756336	0.29	10249.00	0.00	0.00	0	perf_experiment
12:08:31 PM	1006	221606	41.00	59.00	0.00	0.00	100.00	20	83.00	0.00	831444	756580	0.29	10576.00	0.00	0.00	0	perf_experiment
12:08:32 PM	1006	221606	37.00	63.00	0.00	0.00	100.00	20	848.00	0.00	831704	756936	0.29	9996.00	0.00	0.00	0	perf_experiment
12:08:33 PM	1006	221606	36.00	62.00	0.00	0.00	98.00	20	8295.00	0.00	832080	757200	0.29	10092.00	32768.00	0.00	3	perf_experiment
12:08:34 PM	1006	221606	42.00	57.00	0.00	0.00	99.00	20	89.00	0.00	832316	757328	0.29	10098.00	0.00	0.00	0	perf_experiment
12:08:35 PM	1006	221606	39.00	62.00	0.00	0.00	101.00	20	76.00	0.00	832572	757696	0.29	10282.00	0.00	0.00	0	perf_experiment
12:08:36 PM	1006	221606	37.00	63.00	0.00	0.00	100.00	20	83.00	0.00	832816	757952	0.29	10303.50	0.00	0.00	0	perf_experiment
12:08:37 PM	1006	221606	39.00	61.00	0.00	0.00	100.00	20	82.00	0.00	833068	758196	0.29	10212.00	0.00	0.00	0	perf_experiment
12:08:38 PM	1006	221606	37.00	63.00	0.00	0.00	100.00	20	86.00	0.00	833444	758440	0.29	10296.50	0.00	0.00	0	perf_experiment
12:08:39 PM	1006	221606	39.00	60.00	0.00	0.00	99.00	20	76.00	0.00	833668	758804	0.29	10589.50	0.00	0.00	0	perf_experiment
12:08:40 PM	1006	221606	37.00	64.00	0.00	0.00	101.00	20	86.00	0.00	833920	759056	0.29	10082.00	0.00	0.00	0	perf_experiment
12:08:41 PM	1006	221606	41.00	59.00	0.00	0.00	100.00	20	87.00	0.00	834280	759276	0.29	10307.00	0.00	0.00	0	perf_experiment
12:08:42 PM	1006	221606	38.00	59.00	0.00	0.00	97.00	20	8269.00	0.00	834520	759656	0.29	9893.50	32768.00	0.00	2	perf_experiment
12:08:43 PM	1006	221606	36.00	64.00	0.00	0.00	100.00	20	82.00	0.00	834740	759876	0.29	10595.50	0.00	0.00	0	perf_experiment
12:08:44 PM	1006	221606	33.00	67.00	0.00	0.00	100.00	20	86.00	0.00	834992	760120	0.29	10207.00	0.00	0.00	0	perf_experiment
12:08:45 PM	1006	221606	35.00	65.00	0.00	0.00	100.00	20	89.00	0.00	835356	760476	0.29	10435.50	0.00	0.00	0	perf_experiment
12:08:46 PM	1006	221606	38.00	62.00	0.00	0.00	100.00	20	80.00	0.00	835588	760708	0.29	10343.00	0.00	0.00	0	perf_experiment
12:08:47 PM	1006	221606	36.00	64.00	0.00	0.00	100.00	20	80.00	0.00	835816	760952	0.29	10179.00	0.00	0.00	0	perf_experiment
12:08:48 PM	1006	221606	44.00	56.00	0.00	0.00	100.00	20	94.00	0.00	836180	761312	0.29	10539.50	0.00	0.00	0	perf_experiment
12:08:49 PM	1006	221606	40.00	60.00	0.00	0.00	100.00	20	590.00	0.00	836436	761636	0.29	10438.00	0.00	0.00	0	perf_experiment
12:08:50 PM	1006	221606	34.00	66.00	0.00	0.00	100.00	20	722.00	0.00	836676	761880	0.29	10028.50	0.00	0.00	0	perf_experiment
12:08:51 PM	1006	221606	40.00	58.00	0.00	0.00	98.00	20	8911.00	0.00	837016	762152	0.29	9986.00	32768.00	0.00	2	perf_experiment
12:08:52 PM	1006	221606	39.00	61.00	0.00	0.00	100.00	20	298.00	0.00	837248	762384	0.29	10177.00	0.00	0.00	0	perf_experiment
12:08:53 PM	1006	221606	39.00	61.00	0.00	0.00	100.00	20	88.00	0.00	837492	762612	0.29	10239.00	0.00	0.00	0	perf_experiment
12:08:54 PM	1006	221606	37.00	63.00	0.00	0.00	100.00	20	80.00	0.00	837720	762856	0.29	9649.50	0.00	0.00	0	perf_experiment
12:08:55 PM	1006	221606	38.00	62.00	0.00	0.00	100.00	20	322.00	0.00	838072	763216	0.29	10305.50	0.00	0.00	0	perf_experiment
12:08:56 PM	1006	221606	40.00	61.00	0.00	0.00	101.00	20	395.00	0.00	838312	763504	0.29	10007.50	0.00	0.00	0	perf_experiment
12:08:57 PM	1006	221606	36.00	63.00	0.00	0.00	99.00	20	154.00	0.00	838548	763684	0.29	10270.50	0.00	0.00	0	perf_experiment
12:08:58 PM	1006	221606	39.00	61.00	0.00	0.00	100.00	20	80.00	0.00	838804	763924	0.29	9915.00	0.00	0.00	0	perf_experiment
12:08:59 PM	1006	221606	38.00	62.00	0.00	0.00	100.00	20	76.00	0.00	839188	764292	0.29	10126.50	0.00	0.00	0	perf_experiment
12:09:00 PM	1006	221606	39.00	59.00	0.00	0.00	98.00	20	8277.00	0.00	839440	764576	0.29	9647.50	32768.00	0.00	2	perf_experiment
12:09:01 PM	1006	221606	31.00	69.00	0.00	0.00	100.00	20	82.00	0.00	839692	764828	0.29	10066.00	0.00	0.00	0	perf_experiment
12:09:02 PM	1006	221606	46.00	54.00	0.00	0.00	100.00	20	83.00	0.00	839956	765092	0.29	10319.50	0.00	0.00	0	perf_experiment
12:09:03 PM	1006	221606	36.00	64.00	0.00	0.00	100.00	20	78.00	0.00	840184	765316	0.29	9975.50	0.00	0.00	0	perf_experiment
12:09:04 PM	1006	221606	43.00	58.00	0.00	0.00	101.00	20	79.00	0.00	840416	765548	0.29	9905.00	0.00	0.00	0	perf_experiment
12:09:05 PM	1006	221606	36.00	64.00	0.00	0.00	100.00	20	83.00	0.00	840772	765908	0.29	9927.00	0.00	0.00	0	perf_experiment
12:09:06 PM	1006	221606	40.00	59.00	0.00	0.00	99.00	20	82.00	0.00	840992	766128	0.29	10338.50	0.00	0.00	0	perf_experiment
12:09:07 PM	1006	221606	35.00	65.00	0.00	0.00	100.00	20	77.00	0.00	841248	766248	0.29	9798.00	0.00	0.00	0	perf_experiment
12:09:08 PM	1006	221606	41.00	60.00	0.00	0.00	101.00	20	84.00	0.00	841500	766620	0.29	10250.00	0.00	0.00	0	perf_experiment
12:09:09 PM	1006	221606	34.00	62.00	0.00	0.00	96.00	20	8948.00	0.00	841748	766952	0.29	9206.50	32768.00	0.00	2	perf_experiment
12:09:10 PM	1006	221606	38.00	62.00	0.00	0.00	100.00	52	1001.00	0.00	842112	767264	0.29	10411.50	0.00	0.00	0	perf_experiment
12:09:11 PM	1006	221606	30.00	71.00	0.00	0.00	101.00	52	921.00	0.00	842364	767492	0.29	9580.50	0.00	0.00	0	perf_experiment
12:09:12 PM	1006	221606	35.00	64.00	0.00	0.00	99.00	52	986.00	0.00	842608	767780	0.29	10316.00	0.00	0.00	0	perf_experiment
12:09:13 PM	1006	221606	38.00	62.00	0.00	0.00	100.00	52	958.00	0.00	842856	768064	0.29	9946.50	0.00	0.00	0	perf_experiment
12:09:14 PM	1006	221606	34.00	67.00	0.00	0.00	101.00	52	951.00	0.00	843112	768312	0.29	9992.00	0.00	0.00	0	perf_experiment
12:09:15 PM	1006	221606	36.00	64.00	0.00	0.00	100.00	52	931.00	0.00	843344	768560	0.29	9713.50	0.00	0.00	0	perf_experiment
12:09:16 PM	1006	221606	38.00	61.00	0.00	0.00	99.00	52	984.00	0.00	843720	768852	0.29	10230.00	0.00	0.00	0	perf_experiment
12:09:17 PM	1006	221606	40.00	60.00	0.00	0.00	100.00	52	942.00	0.00	843968	769104	0.29	9852.00	0.00	0.00	0	perf_experiment
12:09:18 PM	1006	221606	40.00	61.00	0.00	0.00	101.00	52	962.00	0.00	844220	769392	0.29	10010.00	0.00	0.00	0	perf_experiment
12:09:19 PM	1006	221606	29.00	69.00	0.00	0.00	98.00	52	8429.00	0.00	844476	769468	0.29	9768.50	32768.00	0.00	2	perf_experiment
12:09:20 PM	1006	221606	37.00	63.00	0.00	0.00	100.00	52	75.00	0.00	844728	769692	0.29	10023.50	0.00	0.00	0	perf_experiment
12:09:21 PM	1006	221606	38.00	62.00	0.00	0.00	100.00	52	79.00	0.00	844964	770100	0.29	9865.50	0.00	0.00	0	perf_experiment
12:09:22 PM	1006	221606	38.00	62.00	0.00	0.00	100.00	52	87.00	0.00	845312	770440	0.29	10324.50	0.00	0.00	0	perf_experiment
12:09:23 PM	1006	221606	36.00	63.00	0.00	0.00	99.00	52	80.00	0.00	845552	770680	0.29	9894.50	0.00	0.00	0	perf_experiment
12:09:24 PM	1006	221606	36.00	64.00	0.00	0.00	100.00	52	70.00	0.00	845768	770904	0.29	9776.00	0.00	0.00	0	perf_experiment
12:09:25 PM	1006	221606	38.00	63.00	0.00	0.00	101.00	52	77.00	0.00	846028	771012	0.29	10209.00	0.00	0.00	0	perf_experiment
12:09:26 PM	1006	221606	34.65	64.36	0.00	0.00	99.01	52	80.20	0.00	846280	771496	0.29	9937.13	0.00	0.00	0	perf_experiment
12:09:27 PM	1006	221606	37.00	62.00	0.00	0.00	99.00	52	84.00	0.00	846628	771652	0.29	10077.50	0.00	0.00	0	perf_experiment
12:09:28 PM	1006	221606	37.00	62.00	0.00	0.00	99.00	52	8261.00	0.00	846856	771992	0.29	9292.00	32768.00	0.00	3	perf_experiment
12:09:29 PM	1006	221606	35.00	64.00	0.00	0.00	99.00	52	243.00	0.00	847096	772284	0.29	10356.00	0.00	0.00	0	perf_experiment
12:09:30 PM	1006	221606	34.00	66.00	0.00	0.00	100.00	52	937.00	0.00	847336	772560	0.29	9748.50	0.00	0.00	0	perf_experiment
12:09:31 PM	1006	221606	37.00	64.00	0.00	0.00	101.00	52	968.00	0.00	847692	772856	0.29	10059.00	0.00	0.00	0	perf_experiment
12:09:32 PM	1006	221606	42.00	57.00	0.00	0.00	99.00	52	952.00	0.00	847928	773112	0.29	9938.50	0.00	0.00	0	perf_experiment
12:09:33 PM	1006	221606	39.00	62.00	0.00	0.00	101.00	52	964.00	0.00	848160	773364	0.29	10162.00	0.00	0.00	0	perf_experiment
12:09:34 PM	1006	221606	34.00	65.00	0.00	0.00	99.00	52	928.00	0.00	848408	773624	0.29	9706.00	0.00	0.00	0	perf_experiment
12:09:35 PM	1006	221606	38.00	62.00	0.00	0.00	100.00	52	992.00	0.00	848776	773904	0.29	10281.00	0.00	0.00	0	perf_experiment
12:09:36 PM	1006	221606	41.00	60.00	0.00	0.00	101.00	52	956.00	0.00	849040	774188	0.29	10010.00	0.00	0.00	0	perf_experiment
12:09:37 PM	1006	221606	34.00	63.00	0.00	0.00	97.00	52	9106.00	0.00	849268	774440	0.29	9516.50	32768.00	0.00	2	perf_experiment
12:09:38 PM	1006	221606	41.00	59.00	0.00	0.00	100.00	52	952.00	0.00	849520	774708	0.29	9956.50	0.00	0.00	0	perf_experiment
12:09:39 PM	1006	221606	38.00	62.00	0.00	0.00	100.00	52	967.00	0.00	849768	774976	0.29	10121.50	0.00	0.00	0	perf_experiment
12:09:40 PM	1006	221606	32.00	68.00	0.00	0.00	100.00	52	926.00	0.00	850032	775220	0.29	9696.50	0.00	0.00	0	perf_experiment
12:09:41 PM	1006	221606	36.00	64.00	0.00	0.00	100.00	52	997.00	0.00	850284	775508	0.29	10360.50	0.00	0.00	0	perf_experiment
12:09:42 PM	1006	221606	41.00	59.00	0.00	0.00	100.00	52	964.00	0.00	850648	775784	0.29	10048.50	0.00	0.00	0	perf_experiment
12:09:43 PM	1006	221606	33.00	67.00	0.00	0.00	100.00	52	933.00	0.00	850876	776060	0.29	9705.50	0.00	0.00	0	perf_experiment
12:09:44 PM	1006	221606	34.00	66.00	0.00	0.00	100.00	52	956.00	0.00	851116	776304	0.29	10063.00	0.00	0.00	0	perf_experiment
12:09:45 PM	1006	221606	40.00	60.00	0.00	0.00	100.00	52	956.00	0.00	851368	776560	0.29	9949.50	0.00	0.00	0	perf_experiment
12:09:46 PM	1006	221606	38.00	62.00	0.00	0.00	100.00	52	994.00	0.00	851616	776848	0.29	10381.00	0.00	0.00	0	perf_experiment
12:09:47 PM	1006	221606	39.00	59.00	0.00	0.00	98.00	52	8482.00	0.00	851972	777096	0.29	9242.50	32768.00	0.00	2	perf_experiment
12:09:48 PM	1006	221606	41.00	59.00	0.00	0.00	100.00	52	81.00	0.00	852216	777352	0.29	10278.50	0.00	0.00	0	perf_experiment
12:09:49 PM	1006	221606	43.00	57.00	0.00	0.00	100.00	52	142.00	0.00	852456	777632	0.29	9904.50	0.00	0.00	0	perf_experiment
12:09:50 PM	1006	221606	37.00	63.00	0.00	0.00	100.00	52	194.00	0.00	852724	777888	0.29	9898.50	0.00	0.00	0	perf_experiment
12:09:51 PM	1006	221606	36.00	64.00	0.00	0.00	100.00	52	138.00	0.00	852964	778092	0.29	9849.50	0.00	0.00	0	perf_experiment
12:09:52 PM	1006	221606	40.00	60.00	0.00	0.00	100.00	52	116.00	0.00	853212	778360	0.30	10357.00	0.00	0.00	0	perf_experiment
12:09:53 PM	1006	221606	37.00	63.00	0.00	0.00	100.00	52	84.00	0.00	853572	778704	0.30	9878.50	0.00	0.00	0	perf_experiment
12:09:54 PM	1006	221606	33.00	67.00	0.00	0.00	100.00	52	77.00	0.00	853816	778944	0.30	9874.50	0.00	0.00	0	perf_experiment
12:09:55 PM	1006	221606	34.00	66.00	0.00	0.00	100.00	52	75.00	0.00	854048	779184	0.30	9959.00	0.00	0.00	0	perf_experiment
12:09:56 PM	1006	221606	36.00	62.00	0.00	0.00	98.00	52	8277.00	0.00	854296	779428	0.30	9934.00	32768.00	0.00	2	perf_experiment
12:09:57 PM	1006	221606	37.00	63.00	0.00	0.00	100.00	52	76.00	0.00	854556	779684	0.30	9715.50	0.00	0.00	0	perf_experiment
12:09:58 PM	1006	221606	38.00	62.00	0.00	0.00	100.00	52	81.00	0.00	854804	780012	0.30	10298.00	0.00	0.00	0	perf_experiment
12:09:59 PM	1006	221606	37.00	62.00	0.00	0.00	99.00	52	80.00	0.00	855076	780232	0.30	9489.00	0.00	0.00	0	perf_experiment
12:10:00 PM	1006	221606	35.00	66.00	0.00	0.00	101.00	52	83.00	0.00	855412	780548	0.30	10344.00	0.00	0.00	0	perf_experiment
12:10:01 PM	1006	221606	36.00	64.00	0.00	0.00	100.00	52	78.00	0.00	855668	780788	0.30	10167.00	0.00	0.00	0	perf_experiment
12:10:02 PM	1006	221606	39.00	60.00	0.00	0.00	99.00	52	75.00	0.00	855912	781048	0.30	9812.00	0.00	0.00	0	perf_experiment
12:10:03 PM	1006	221606	38.00	62.00	0.00	0.00	100.00	52	79.00	0.00	856172	781156	0.30	10442.50	0.00	0.00	0	perf_experiment
12:10:04 PM	1006	221606	39.00	62.00	0.00	0.00	101.00	52	77.00	0.00	856404	781532	0.30	9510.00	0.00	0.00	0	perf_experiment
12:10:05 PM	1006	221606	31.00	67.00	0.00	0.00	98.00	52	8279.00	0.00	856756	781936	0.30	10151.50	32768.00	0.00	0	perf_experiment
12:10:06 PM	1006	221606	43.00	56.00	0.00	0.00	99.00	52	78.00	0.00	857012	782136	0.30	9764.50	0.00	0.00	3	perf_experiment
12:10:07 PM	1006	221606	39.00	61.00	0.00	0.00	100.00	52	72.00	0.00	857256	782392	0.30	9987.50	0.00	0.00	0	perf_experiment
12:10:08 PM	1006	221606	41.00	59.00	0.00	0.00	100.00	52	80.00	0.00	857484	782608	0.30	10183.00	0.00	0.00	0	perf_experiment
12:10:09 PM	1006	221606	41.00	59.00	0.00	0.00	100.00	52	555.00	0.00	857740	782968	0.30	9880.50	0.00	0.00	0	perf_experiment
12:10:10 PM	1006	221606	41.00	60.00	0.00	0.00	101.00	52	1179.00	0.00	858088	783216	0.30	9770.00	0.00	0.00	0	perf_experiment
12:10:11 PM	1006	221606	40.00	59.00	0.00	0.00	99.00	52	1051.00	0.00	858324	783504	0.30	10194.00	0.00	0.00	0	perf_experiment
12:10:12 PM	1006	221606	41.00	59.00	0.00	0.00	100.00	52	601.00	0.00	858560	783760	0.30	10047.00	0.00	0.00	0	perf_experiment
12:10:13 PM	1006	221606	43.00	57.00	0.00	0.00	100.00	52	141.00	0.00	858812	783940	0.30	9865.00	0.00	0.00	0	perf_experiment
12:10:14 PM	1006	221606	40.00	60.00	0.00	0.00	100.00	52	79.00	0.00	859168	784300	0.30	9957.50	0.00	0.00	0	perf_experiment
12:10:15 PM	1006	221606	41.00	57.00	0.00	0.00	98.00	52	8830.00	0.00	859404	784564	0.30	9897.00	32768.00	0.00	2	perf_experiment
12:10:16 PM	1006	221606	34.00	66.00	0.00	0.00	100.00	52	1217.00	0.00	859652	784852	0.30	9598.00	0.00	0.00	0	perf_experiment
12:10:17 PM	1006	221606	33.00	68.00	0.00	0.00	101.00	52	1414.00	0.00	859876	785104	0.30	10474.00	0.00	0.00	0	perf_experiment
12:10:18 PM	1006	221606	39.00	60.00	0.00	0.00	99.00	52	983.00	0.00	860244	785348	0.30	9608.50	0.00	0.00	0	perf_experiment
12:10:19 PM	1006	221606	40.00	61.00	0.00	0.00	101.00	52	972.00	0.00	860476	785624	0.30	10130.00	0.00	0.00	0	perf_experiment
12:10:20 PM	1006	221606	46.00	54.00	0.00	0.00	100.00	52	949.00	0.00	860724	785932	0.30	9870.50	0.00	0.00	0	perf_experiment
12:10:21 PM	1006	221606	40.00	59.00	0.00	0.00	99.00	52	962.00	0.00	860980	786184	0.30	10102.00	0.00	0.00	0	perf_experiment
12:10:22 PM	1006	221606	40.00	60.00	0.00	0.00	100.00	52	946.00	0.00	861236	786428	0.30	9914.00	0.00	0.00	0	perf_experiment
12:10:23 PM	1006	221606	37.00	64.00	0.00	0.00	101.00	52	953.00	0.00	861496	786692	0.30	9929.00	0.00	0.00	0	perf_experiment
12:10:24 PM	1006	221606	38.00	59.00	0.00	0.00	97.00	52	8644.00	0.00	861748	786948	0.30	9934.50	32768.00	0.00	2	perf_experiment
12:10:25 PM	1006	221606	38.00	62.00	0.00	0.00	100.00	52	86.00	0.00	862100	787220	0.30	9920.50	0.00	0.00	0	perf_experiment
12:10:26 PM	1006	221606	40.00	60.00	0.00	0.00	100.00	52	81.00	0.00	862328	787456	0.30	9853.00	0.00	0.00	0	perf_experiment
12:10:27 PM	1006	221606	36.00	64.00	0.00	0.00	100.00	52	72.00	0.00	862552	787688	0.30	10014.00	0.00	0.00	0	perf_experiment
12:10:28 PM	1006	221606	40.00	60.00	0.00	0.00	100.00	52	81.00	0.00	862912	788044	0.30	10272.00	0.00	0.00	0	perf_experiment
12:10:29 PM	1006	221606	37.00	63.00	0.00	0.00	100.00	52	101.00	0.00	863184	788264	0.30	9707.00	0.00	0.00	0	perf_experiment
12:10:30 PM	1006	221606	39.00	61.00	0.00	0.00	100.00	52	78.00	0.00	863448	788400	0.30	9971.50	0.00	0.00	0	perf_experiment
12:10:31 PM	1006	221606	38.00	62.00	0.00	0.00	100.00	52	80.00	0.00	863700	788820	0.30	10049.00	0.00	0.00	0	perf_experiment
12:10:32 PM	1006	221606	38.00	62.00	0.00	0.00	100.00	52	86.00	0.00	863944	788948	0.30	10091.00	0.00	0.00	0	perf_experiment
12:10:33 PM	1006	221606	34.00	66.00	0.00	0.00	100.00	52	66.00	0.00	864196	789332	0.30	9753.50	0.00	0.00	0	perf_experiment
12:10:34 PM	1006	221606	39.00	59.00	0.00	0.00	98.00	52	8281.00	0.00	864460	789576	0.30	10102.50	32768.00	0.00	2	perf_experiment
12:10:35 PM	1006	221606	34.00	66.00	0.00	0.00	100.00	52	70.00	0.00	864704	789836	0.30	9574.00	0.00	0.00	0	perf_experiment
12:10:36 PM	1006	221606	36.00	64.00	0.00	0.00	100.00	52	79.00	0.00	864928	790056	0.30	10389.50	0.00	0.00	0	perf_experiment
12:10:37 PM	1006	221606	35.00	65.00	0.00	0.00	100.00	52	80.00	0.00	865192	790324	0.30	9721.00	0.00	0.00	0	perf_experiment
12:10:38 PM	1006	221606	36.00	64.00	0.00	0.00	100.00	52	84.00	0.00	865572	790708	0.30	10169.50	0.00	0.00	0	perf_experiment
12:10:39 PM	1006	221606	36.00	64.00	0.00	0.00	100.00	52	75.00	0.00	865844	790924	0.30	9951.00	0.00	0.00	0	perf_experiment
12:10:40 PM	1006	221606	39.00	61.00	0.00	0.00	100.00	52	85.00	0.00	866076	791212	0.30	9911.50	0.00	0.00	0	perf_experiment
12:10:41 PM	1006	221606	39.00	61.00	0.00	0.00	100.00	52	79.00	0.00	866320	791440	0.30	10106.00	0.00	0.00	0	perf_experiment
12:10:42 PM	1006	221606	36.00	64.00	0.00	0.00	100.00	52	80.00	0.00	866556	791676	0.30	9930.50	0.00	0.00	0	perf_experiment
12:10:43 PM	1006	221606	38.00	60.00	0.00	0.00	98.00	52	8261.00	0.00	866788	791924	0.30	9617.00	32768.00	0.00	2	perf_experiment
12:10:44 PM	1006	221606	36.00	63.00	0.00	0.00	99.00	52	86.00	0.00	867136	792156	0.30	10110.50	0.00	0.00	0	perf_experiment
12:10:45 PM	1006	221606	44.00	57.00	0.00	0.00	101.00	52	80.00	0.00	867380	792516	0.30	9985.00	0.00	0.00	0	perf_experiment
12:10:46 PM	1006	221606	37.00	63.00	0.00	0.00	100.00	52	77.00	0.00	867604	792740	0.30	9886.00	0.00	0.00	0	perf_experiment
12:10:47 PM	1006	221606	31.00	69.00	0.00	0.00	100.00	52	88.00	0.00	867972	793092	0.30	10271.00	0.00	0.00	0	perf_experiment
12:10:48 PM	1006	221606	35.00	65.00	0.00	0.00	100.00	52	79.00	0.00	868232	793352	0.30	9834.50	0.00	0.00	0	perf_experiment
12:10:49 PM	1006	221606	41.00	59.00	0.00	0.00	100.00	52	82.00	0.00	868476	793608	0.30	10096.00	0.00	0.00	0	perf_experiment
12:10:50 PM	1006	221606	38.00	61.00	0.00	0.00	99.00	52	73.00	0.00	868736	793720	0.30	9823.00	0.00	0.00	0	perf_experiment
12:10:51 PM	1006	221606	38.00	62.00	0.00	1.00	100.00	52	78.00	0.00	868976	794104	0.30	10306.00	0.00	0.00	0	perf_experiment
12:10:52 PM	1006	221606	38.00	61.00	0.00	0.00	99.00	52	8270.00	0.00	869220	794428	0.30	9262.50	32768.00	0.00	3	perf_experiment
12:10:53 PM	1006	221606	39.00	61.00	0.00	0.00	100.00	52	81.00	0.00	869472	794592	0.30	10407.50	0.00	0.00	0	perf_experiment
12:10:54 PM	1006	221606	34.00	66.00	0.00	0.00	100.00	52	81.00	0.00	869720	794840	0.30	9477.00	0.00	0.00	0	perf_experiment
12:10:55 PM	1006	221606	40.00	60.00	0.00	0.00	100.00	52	89.00	0.00	870080	795200	0.30	10395.50	0.00	0.00	0	perf_experiment
12:10:56 PM	1006	221606	39.00	61.00	0.00	0.00	100.00	52	81.00	0.00	870324	795452	0.30	9866.00	0.00	0.00	0	perf_experiment
12:10:57 PM	1006	221606	35.00	65.00	0.00	0.00	100.00	52	69.00	0.00	870540	795676	0.30	9931.50	0.00	0.00	0	perf_experiment
12:10:58 PM	1006	221606	31.00	69.00	0.00	0.00	100.00	52	92.00	0.00	870880	796016	0.30	10394.50	0.00	0.00	0	perf_experiment
12:10:59 PM	1006	221606	39.00	61.00	0.00	0.00	100.00	52	77.00	0.00	871124	796244	0.30	9793.00	0.00	0.00	0	perf_experiment
12:11:00 PM	1006	221606	37.00	62.00	0.00	0.00	99.00	52	1403.00	0.00	871372	796564	0.30	10008.00	0.00	0.00	0	perf_experiment
12:11:01 PM	1006	221606	41.00	59.00	0.00	0.00	100.00	52	644.00	0.00	871628	796832	0.30	10069.00	0.00	0.00	0	perf_experiment
12:11:02 PM	1006	221606	37.00	62.00	0.00	0.00	99.00	52	8824.00	0.00	871852	797072	0.30	9478.00	32768.00	0.00	2	perf_experiment
12:11:03 PM	1006	221606	43.00	57.00	0.00	0.00	100.00	52	631.00	0.00	872200	797384	0.30	10173.50	0.00	0.00	0	perf_experiment
12:11:04 PM	1006	221606	37.00	63.00	0.00	0.00	100.00	52	646.00	0.00	872436	797620	0.30	10148.00	0.00	0.00	0	perf_experiment
12:11:05 PM	1006	221606	37.00	62.00	0.00	0.00	99.00	52	573.00	0.00	872680	797880	0.30	9727.00	0.00	0.00	0	perf_experiment
12:11:06 PM	1006	221606	39.00	62.00	0.00	0.00	101.00	52	325.00	0.00	873048	798164	0.30	9932.00	0.00	0.00	0	perf_experiment
12:11:07 PM	1006	221606	34.00	65.00	0.00	0.00	99.00	52	82.00	0.00	873264	798276	0.30	10050.00	0.00	0.00	0	perf_experiment
12:11:08 PM	1006	221606	34.00	67.00	0.00	0.00	101.00	52	78.00	0.00	873496	798624	0.30	10431.00	0.00	0.00	0	perf_experiment
12:11:09 PM	1006	221606	37.00	63.00	0.00	0.00	100.00	52	75.00	0.00	873728	798856	0.30	9471.00	0.00	0.00	0	perf_experiment
12:11:10 PM	1006	221606	32.00	68.00	0.00	0.00	100.00	52	90.00	0.00	874092	799212	0.30	10458.00	0.00	0.00	0	perf_experiment
12:11:11 PM	1006	221606	37.00	61.00	0.00	0.00	98.00	52	8266.00	0.00	874312	799448	0.30	9369.50	32768.00	0.00	2	perf_experiment
12:11:12 PM	1006	221606	35.00	64.00	0.00	0.00	99.00	52	76.00	0.00	874560	799680	0.30	10404.00	0.00	0.00	0	perf_experiment
12:11:13 PM	1006	221606	35.00	66.00	0.00	0.00	101.00	52	77.00	0.00	874808	799936	0.30	9463.00	0.00	0.00	0	perf_experiment
12:11:14 PM	1006	221606	35.00	64.00	0.00	0.00	99.00	52	83.00	0.00	875176	800312	0.30	10371.50	0.00	0.00	0	perf_experiment
12:11:15 PM	1006	221606	36.00	64.00	0.00	0.00	100.00	52	592.00	0.00	875412	800548	0.30	9826.00	0.00	0.00	0	perf_experiment
12:11:16 PM	1006	221606	38.00	63.00	0.00	0.00	101.00	52	78.00	0.00	875676	800796	0.30	9876.50	0.00	0.00	0	perf_experiment
12:11:17 PM	1006	221606	38.00	61.00	0.00	0.00	99.00	52	82.00	0.00	875932	801060	0.30	10184.50	0.00	0.00	0	perf_experiment
12:11:18 PM	1006	221606	35.00	66.00	0.00	0.00	101.00	52	76.00	0.00	876184	801304	0.30	9931.00	0.00	0.00	0	perf_experiment
12:11:19 PM	1006	221606	33.00	66.00	0.00	0.00	99.00	52	75.00	0.00	876440	801568	0.30	9875.00	0.00	0.00	0	perf_experiment
12:11:20 PM	1006	221606	36.00	63.00	0.00	0.00	99.00	52	8268.00	0.00	876684	801876	0.30	9882.00	32768.00	0.00	2	perf_experiment
12:11:21 PM	1006	221606	36.00	64.00	0.00	0.00	100.00	52	79.00	0.00	876932	802064	0.30	9809.50	0.00	0.00	0	perf_experiment
12:11:22 PM	1006	221606	41.58	56.44	0.00	0.00	98.02	52	76.24	0.00	877200	802284	0.30	9933.66	0.00	0.00	0	perf_experiment
12:11:23 PM	1006	221606	40.00	60.00	0.00	0.00	100.00	52	90.00	0.00	877556	802688	0.30	10241.50	0.00	0.00	0	perf_experiment
12:11:24 PM	1006	221606	38.00	62.00	0.00	0.00	100.00	52	80.00	0.00	877792	802928	0.30	9747.50	0.00	0.00	0	perf_experiment
12:11:25 PM	1006	221606	38.00	63.00	0.00	0.00	101.00	52	77.00	0.00	878048	803044	0.30	10052.00	0.00	0.00	0	perf_experiment
12:11:26 PM	1006	221606	32.00	68.00	0.00	0.00	100.00	52	85.00	0.00	878288	803424	0.30	10162.50	0.00	0.00	0	perf_experiment
12:11:27 PM	1006	221606	39.00	60.00	0.00	0.00	99.00	52	77.00	0.00	878528	803664	0.30	9935.50	0.00	0.00	0	perf_experiment
12:11:28 PM	1006	221606	41.00	60.00	0.00	0.00	101.00	52	81.00	0.00	878792	803980	0.30	9750.00	0.00	0.00	0	perf_experiment
12:11:29 PM	1006	221606	41.00	58.00	0.00	0.00	99.00	52	86.00	0.00	879136	804272	0.30	10359.00	0.00	0.00	0	perf_experiment
12:11:30 PM	1006	221606	38.00	60.00	0.00	0.00	98.00	52	9026.00	0.00	879380	804572	0.31	9542.00	32768.00	0.00	2	perf_experiment
12:11:31 PM	1006	221606	35.00	65.00	0.00	0.00	100.00	52	975.00	0.00	879612	804820	0.31	10160.50	0.00	0.00	0	perf_experiment
12:11:32 PM	1006	221606	36.00	64.00	0.00	0.00	100.00	52	907.00	0.00	879848	805080	0.31	9500.50	0.00	0.00	0	perf_experiment
12:11:33 PM	1006	221606	37.00	63.00	0.00	0.00	100.00	52	1001.00	0.00	880200	805372	0.31	10408.50	0.00	0.00	0	perf_experiment
12:11:34 PM	1006	221606	33.00	67.00	0.00	0.00	100.00	52	934.00	0.00	880432	805620	0.31	9730.00	0.00	0.00	0	perf_experiment
12:11:35 PM	1006	221606	37.00	63.00	0.00	0.00	100.00	52	971.00	0.00	880668	805884	0.31	10156.00	0.00	0.00	0	perf_experiment
12:11:36 PM	1006	221606	41.00	59.00	0.00	0.00	100.00	52	936.00	0.00	880924	806160	0.31	9785.00	0.00	0.00	0	perf_experiment
12:11:37 PM	1006	221606	40.00	60.00	0.00	0.00	100.00	52	980.00	0.00	881276	806420	0.31	10182.50	0.00	0.00	0	perf_experiment
12:11:38 PM	1006	221606	39.00	61.00	0.00	0.00	100.00	52	932.00	0.00	881516	806708	0.31	9764.50	0.00	0.00	0	perf_experiment
12:11:39 PM	1006	221606	40.00	59.00	0.00	0.00	99.00	52	8865.00	0.00	881744	806880	0.31	10062.50	32768.00	0.00	2	perf_experiment
12:11:40 PM	1006	221606	37.00	63.00	0.00	0.00	100.00	52	72.00	0.00	881988	807108	0.31	9795.50	0.00	0.00	0	perf_experiment
12:11:41 PM	1006	221606	35.00	65.00	0.00	0.00	100.00	52	84.00	0.00	882340	807472	0.31	9935.00	0.00	0.00	0	perf_experiment
12:11:42 PM	1006	221606	35.00	64.00	0.00	0.00	99.00	52	76.00	0.00	882584	807720	0.31	10083.00	0.00	0.00	0	perf_experiment
12:11:43 PM	1006	221606	39.00	61.00	0.00	0.00	100.00	52	81.00	0.00	882828	807964	0.31	10054.50	0.00	0.00	0	perf_experiment
12:11:44 PM	1006	221606	35.00	65.00	0.00	0.00	100.00	52	75.00	0.00	883068	808188	0.31	10043.00	0.00	0.00	0	perf_experiment
12:11:45 PM	1006	221606	37.00	63.00	0.00	0.00	100.00	52	634.00	0.00	883324	808524	0.31	9678.00	0.00	0.00	0	perf_experiment
12:11:46 PM	1006	221606	35.00	65.00	0.00	0.00	100.00	52	333.00	0.00	883704	808772	0.31	10406.50	0.00	0.00	0	perf_experiment
12:11:47 PM	1006	221606	39.00	61.00	0.00	0.00	100.00	52	287.00	0.00	883956	809076	0.31	9667.50	0.00	0.00	0	perf_experiment
12:11:48 PM	1006	221606	44.00	56.00	0.00	0.00	100.00	52	292.00	0.00	884212	809316	0.31	10082.50	0.00	0.00	0	perf_experiment
12:11:49 PM	1006	221606	33.00	65.00	0.00	0.00	98.00	52	8459.00	0.00	884452	809588	0.31	9581.50	32768.00	0.00	2	perf_experiment
12:11:50 PM	1006	221606	38.00	62.00	0.00	0.00	100.00	52	297.00	0.00	884708	809896	0.31	10358.50	0.00	0.00	0	perf_experiment
12:11:51 PM	1006	221606	35.00	65.00	0.00	0.00	100.00	52	236.00	0.00	884948	810084	0.31	9551.50	0.00	0.00	0	perf_experiment
12:11:52 PM	1006	221606	40.00	60.00	0.00	0.00	100.00	52	88.00	0.00	885292	810428	0.31	10428.00	0.00	0.00	0	perf_experiment
12:11:53 PM	1006	221606	42.00	59.00	0.00	0.00	101.00	52	82.00	0.00	885532	810544	0.31	9682.50	0.00	0.00	0	perf_experiment
12:11:54 PM	1006	221606	42.00	57.00	0.00	0.00	99.00	52	78.00	0.00	885800	810768	0.31	10251.00	0.00	0.00	0	perf_experiment
12:11:55 PM	1006	221606	36.00	65.00	0.00	0.00	101.00	52	73.00	0.00	886036	811156	0.31	9712.50	0.00	0.00	0	perf_experiment
12:11:56 PM	1006	221606	40.00	60.00	0.00	0.00	100.00	52	80.00	0.00	886288	811284	0.31	10360.00	0.00	0.00	0	perf_experiment
12:11:57 PM	1006	221606	36.00	63.00	0.00	0.00	99.00	52	81.00	0.00	886632	811768	0.31	9696.50	0.00	0.00	0	perf_experiment
12:11:58 PM	1006	221606	37.00	61.00	0.00	0.00	98.00	52	8273.00	0.00	886880	811880	0.31	9780.50	32768.00	0.00	2	perf_experiment
12:11:59 PM	1006	221606	32.00	68.00	0.00	0.00	100.00	52	85.00	0.00	887104	812236	0.31	10060.50	0.00	0.00	0	perf_experiment
12:12:00 PM	1006	221606	35.00	65.00	0.00	0.00	100.00	52	2237.00	0.00	887336	812552	0.31	9934.50	0.00	0.00	0	perf_experiment
12:12:01 PM	1006	221606	36.00	64.00	0.00	0.00	100.00	52	1403.00	0.00	887592	812816	0.31	10035.50	0.00	0.00	0	perf_experiment
12:12:02 PM	1006	221606	36.00	64.00	0.00	0.00	100.00	52	1308.00	0.00	887960	813080	0.31	9705.00	0.00	0.00	0	perf_experiment
12:12:03 PM	1006	221606	36.00	64.00	0.00	0.00	100.00	52	1426.00	0.00	888184	813372	0.31	10337.50	0.00	0.00	0	perf_experiment
12:12:04 PM	1006	221606	45.00	55.00	0.00	0.00	100.00	52	1342.00	0.00	888440	813636	0.31	9705.00	0.00	0.00	0	perf_experiment
12:12:05 PM	1006	221606	38.00	62.00	0.00	0.00	100.00	52	1377.00	0.00	888680	813888	0.31	10246.50	0.00	0.00	0	perf_experiment
12:12:06 PM	1006	221606	39.00	61.00	0.00	0.00	100.00	52	1171.00	0.00	888944	814152	0.31	9920.50	0.00	0.00	0	perf_experiment
12:12:07 PM	1006	221606	41.00	57.00	0.00	0.00	98.00	52	9129.00	0.00	889208	814408	0.31	9755.00	32768.00	0.00	2	perf_experiment
12:12:08 PM	1006	221606	40.00	60.00	0.00	0.00	100.00	52	948.00	0.00	889552	814708	0.31	9811.00	0.00	0.00	0	perf_experiment
12:12:09 PM	1006	221606	34.00	65.00	0.00	0.00	99.00	52	987.00	0.00	889796	814964	0.31	10373.50	0.00	0.00	0	perf_experiment
12:12:10 PM	1006	221606	36.00	64.00	0.00	0.00	100.00	52	956.00	0.00	890040	815236	0.31	9974.50	0.00	0.00	0	perf_experiment
12:12:11 PM	1006	221606	38.00	62.00	0.00	0.00	100.00	52	969.00	0.00	890264	815488	0.31	10136.50	0.00	0.00	0	perf_experiment
12:12:12 PM	1006	221606	34.00	66.00	0.00	0.00	100.00	52	965.00	0.00	890640	815768	0.31	10013.50	0.00	0.00	0	perf_experiment
12:12:13 PM	1006	221606	36.00	64.00	0.00	0.00	100.00	52	983.00	0.00	890884	816060	0.31	10261.50	0.00	0.00	0	perf_experiment
12:12:14 PM	1006	221606	43.00	58.00	0.00	0.00	101.00	52	928.00	0.00	891104	816296	0.31	9743.00	0.00	0.00	0	perf_experiment
12:12:15 PM	1006	221606	32.00	68.00	0.00	0.00	100.00	52	1015.00	0.00	891364	816556	0.31	10304.00	0.00	0.00	0	perf_experiment
12:12:16 PM	1006	221606	33.00	67.00	0.00	0.00	100.00	52	924.00	0.00	891612	816832	0.31	9666.50	0.00	0.00	0	perf_experiment
12:12:17 PM	1006	221606	37.00	60.00	0.00	0.00	97.00	52	8346.00	0.00	891976	817104	0.31	9836.00	32768.00	0.00	3	perf_experiment
12:12:18 PM	1006	221606	40.00	60.00	0.00	0.00	100.00	52	86.00	0.00	892228	817348	0.31	10293.00	0.00	0.00	0	perf_experiment
12:12:19 PM	1006	221606	37.00	64.00	0.00	0.00	101.00	52	81.00	0.00	892472	817592	0.31	10118.50	0.00	0.00	0	perf_experiment
