Time	UID	PID	%usr	%system	%guest	%wait	%CPU	CPU	minflt/s	majflt/s	VSZ	RSS	%MEM	kB_rd/s	kB_wr/s	kB_ccwr/s	iodelay	Command
10:29:10 PM	1006	217917	76.00	23.00	0.00	0.00	99.00	55	144434.00	0.00	590180	582512	0.22	0.00	4.00	0.00	0	perf_experiment
10:29:11 PM	1006	217917	78.00	2.00	0.00	0.00	80.00	55	2.00	0.00	590180	582512	0.22	0.00	262144.00	0.00	19	perf_experiment
10:29:12 PM	1006	217917	78.00	3.00	0.00	0.00	81.00	55	2.00	0.00	590180	582512	0.22	0.00	262144.00	0.00	20	perf_experiment
10:29:13 PM	1006	217917	78.00	2.00	0.00	0.00	80.00	55	1.00	0.00	590180	582512	0.22	0.00	262144.00	0.00	19	perf_experiment
10:29:14 PM	1006	217917	82.00	1.00	0.00	0.00	83.00	55	1.00	0.00	590180	582512	0.22	0.00	229376.00	0.00	17	perf_experiment
10:29:15 PM	1006	217917	78.00	3.00	0.00	0.00	81.00	55	1.00	0.00	590180	582512	0.22	0.00	262144.00	0.00	19	perf_experiment
10:29:16 PM	1006	217917	82.00	1.00	0.00	0.00	83.00	55	2.00	0.00	590180	582960	0.22	0.00	229376.00	0.00	17	perf_experiment
10:29:17 PM	1006	217917	77.00	3.00	0.00	0.00	80.00	55	1.00	0.00	590180	582960	0.22	0.00	262144.00	0.00	20	perf_experiment
10:29:18 PM	1006	217917	83.00	1.00	0.00	0.00	84.00	55	0.00	0.00	590180	582960	0.22	0.00	229376.00	0.00	16	perf_experiment
10:29:19 PM	1006	217917	81.00	2.00	0.00	0.00	83.00	55	1.00	0.00	590312	582960	0.22	0.00	229376.00	0.00	18	perf_experiment
10:29:20 PM	1006	217917	80.00	3.00	0.00	0.00	83.00	55	2.00	0.00	590312	582960	0.22	0.00	229376.00	0.00	16	perf_experiment
10:29:21 PM	1006	217917	82.00	1.00	0.00	0.00	83.00	55	0.00	0.00	590312	582960	0.22	0.00	229376.00	0.00	17	perf_experiment
10:29:22 PM	1006	217917	79.00	3.00	0.00	0.00	82.00	55	0.00	0.00	590312	582960	0.22	0.00	229376.00	0.00	18	perf_experiment
10:29:23 PM	1006	217917	84.00	2.00	0.00	0.00	86.00	55	1.00	0.00	590312	582960	0.22	0.00	229376.00	0.00	14	perf_experiment
10:29:24 PM	1006	217917	81.00	2.00	0.00	0.00	83.00	55	1.00	0.00	590312	582960	0.22	0.00	196608.00	0.00	18	perf_experiment
10:29:25 PM	1006	217917	94.00	3.00	0.00	0.00	97.00	55	41.00	0.00	658040	583192	0.22	10212.50	32768.00	0.00	2	perf_experiment
10:29:26 PM	1006	217917	96.00	4.00	0.00	0.00	100.00	55	0.00	0.00	658040	583192	0.22	11326.00	0.00	0.00	0	perf_experiment
10:29:27 PM	1006	217917	98.00	2.00	0.00	0.00	100.00	55	8174.00	0.00	658040	583192	0.22	11168.00	0.00	0.00	0	perf_experiment
10:29:28 PM	1006	217917	96.00	4.00	0.00	0.00	100.00	55	1133.00	0.00	658040	583192	0.22	11291.50	0.00	0.00	0	perf_experiment
10:29:29 PM	1006	217917	96.00	4.00	0.00	0.00	100.00	55	514.00	0.00	658040	583192	0.22	11311.00	0.00	0.00	0	perf_experiment
10:29:30 PM	1006	217917	100.00	0.00	0.00	0.00	100.00	55	398.00	0.00	658040	583192	0.22	11236.50	0.00	0.00	0	perf_experiment
10:29:31 PM	1006	217917	98.00	2.00	0.00	0.00	100.00	55	567.00	0.00	658040	583192	0.22	11176.00	0.00	0.00	0	perf_experiment
10:29:32 PM	1006	217917	98.00	2.00	0.00	0.00	100.00	55	636.00	0.00	658040	583192	0.22	11315.50	0.00	0.00	0	perf_experiment
10:29:33 PM	1006	217917	99.00	1.00	0.00	0.00	100.00	55	713.00	0.00	658040	583192	0.22	11262.00	0.00	0.00	0	perf_experiment
10:29:34 PM	1006	217917	99.00	1.00	0.00	0.00	100.00	55	651.00	0.00	658040	583192	0.22	11315.50	0.00	0.00	0	perf_experiment
10:29:35 PM	1006	217917	98.00	2.00	0.00	0.00	100.00	55	645.00	0.00	658040	583224	0.22	11366.00	0.00	0.00	0	perf_experiment
10:29:36 PM	1006	217917	98.00	3.00	0.00	0.00	101.00	55	650.00	0.00	658040	583224	0.22	11394.50	0.00	0.00	0	perf_experiment
10:29:37 PM	1006	217917	95.00	5.00	0.00	0.00	100.00	55	641.00	0.00	658040	583224	0.22	11431.50	0.00	0.00	0	perf_experiment
10:29:38 PM	1006	217917	96.00	3.00	0.00	0.00	99.00	55	628.00	0.00	658040	583224	0.22	11408.00	0.00	0.00	0	perf_experiment
10:29:39 PM	1006	217917	99.00	2.00	0.00	0.00	101.00	55	586.00	0.00	658040	583224	0.22	11345.00	0.00	0.00	0	perf_experiment
10:29:40 PM	1006	217917	97.00	3.00	0.00	0.00	100.00	55	571.00	0.00	658040	583224	0.22	11418.50	0.00	0.00	0	perf_experiment
10:29:41 PM	1006	217917	96.00	3.00	0.00	0.00	99.00	55	8933.00	0.00	658040	583224	0.22	11257.00	0.00	0.00	0	perf_experiment
10:29:42 PM	1006	217917	100.00	1.00	0.00	0.00	101.00	55	1207.00	0.00	658040	583224	0.22	11414.50	0.00	0.00	0	perf_experiment
10:29:43 PM	1006	217917	97.00	2.00	0.00	0.00	99.00	55	811.00	0.00	658040	583224	0.22	11376.50	0.00	0.00	0	perf_experiment
10:29:44 PM	1006	217917	99.00	2.00	0.00	0.00	101.00	55	706.00	0.00	658040	583224	0.22	11410.50	0.00	0.00	0	perf_experiment
10:29:45 PM	1006	217917	98.00	2.00	0.00	0.00	100.00	55	659.00	0.00	658040	583224	0.22	11400.00	0.00	0.00	0	perf_experiment
10:29:46 PM	1006	217917	97.00	2.00	0.00	0.00	99.00	55	620.00	0.00	658040	583224	0.22	11350.00	0.00	0.00	0	perf_experiment
10:29:47 PM	1006	217917	97.00	3.00	0.00	0.00	100.00	55	631.00	0.00	658040	583224	0.22	11455.50	0.00	0.00	0	perf_experiment
10:29:48 PM	1006	217917	98.00	3.00	0.00	0.00	101.00	55	642.00	0.00	658040	583224	0.22	11393.00	0.00	0.00	0	perf_experiment
10:29:49 PM	1006	217917	97.00	2.00	0.00	0.00	99.00	55	606.00	0.00	658040	583224	0.22	11426.50	0.00	0.00	0	perf_experiment
10:29:50 PM	1006	217917	98.00	2.00	0.00	0.00	100.00	55	623.00	0.00	658040	583224	0.22	11415.50	0.00	0.00	0	perf_experiment
10:29:51 PM	1006	217917	99.00	1.00	0.00	0.00	100.00	55	609.00	0.00	658040	583224	0.22	11360.00	0.00	0.00	0	perf_experiment
10:29:52 PM	1006	217917	98.00	2.00	0.00	0.00	100.00	55	656.00	0.00	658040	583224	0.22	11440.50	0.00	0.00	0	perf_experiment
10:29:53 PM	1006	217917	98.00	3.00	0.00	0.00	101.00	55	584.00	0.00	658040	583224	0.22	11439.50	0.00	0.00	0	perf_experiment
10:29:54 PM	1006	217917	98.00	1.00	0.00	0.00	99.00	55	607.00	0.00	658040	583224	0.22	11420.00	0.00	0.00	0	perf_experiment
10:29:55 PM	1006	217917	98.00	2.00	0.00	0.00	100.00	55	596.00	0.00	658040	583224	0.22	11431.50	0.00	0.00	0	perf_experiment
10:29:56 PM	1006	217917	98.00	2.00	0.00	0.00	100.00	55	570.00	0.00	658040	583224	0.22	11455.50	0.00	0.00	0	perf_experiment
10:29:57 PM	1006	217917	100.00	0.00	0.00	0.00	100.00	55	561.00	0.00	658040	583224	0.22	11380.50	0.00	0.00	0	perf_experiment
10:29:58 PM	1006	217917	98.00	2.00	0.00	0.00	100.00	55	630.00	0.00	658040	583224	0.22	11398.50	0.00	0.00	0	perf_experiment
10:29:59 PM	1006	217917	98.00	2.00	0.00	0.00	100.00	55	8932.00	0.00	658040	583224	0.22	11363.00	0.00	0.00	0	perf_experiment
10:30:00 PM	1006	217917	98.00	2.00	0.00	0.00	100.00	55	1201.00	0.00	658040	583224	0.22	11396.50	0.00	0.00	0	perf_experiment
10:30:01 PM	1006	217917	97.00	3.00	0.00	0.00	100.00	55	841.00	0.00	658040	583224	0.22	11376.50	0.00	0.00	0	perf_experiment
10:30:02 PM	1006	217917	98.00	2.00	0.00	0.00	100.00	55	671.00	0.00	658040	583224	0.22	11374.50	0.00	0.00	0	perf_experiment
10:30:03 PM	1006	217917	98.00	2.00	0.00	0.00	100.00	55	670.00	0.00	658040	583224	0.22	11387.50	0.00	0.00	0	perf_experiment
10:30:04 PM	1006	217917	99.00	1.00	0.00	0.00	100.00	55	605.00	0.00	658040	583224	0.22	11441.50	0.00	0.00	0	perf_experiment
10:30:05 PM	1006	217917	98.00	3.00	0.00	0.00	101.00	55	596.00	0.00	658040	583224	0.22	11391.50	0.00	0.00	0	perf_experiment
10:30:06 PM	1006	217917	97.00	2.00	0.00	0.00	99.00	55	613.00	0.00	658040	583224	0.22	11406.00	0.00	0.00	0	perf_experiment
10:30:07 PM	1006	217917	99.00	2.00	0.00	0.00	101.00	55	641.00	0.00	658040	583224	0.22	11397.50	0.00	0.00	0	perf_experiment
10:30:08 PM	1006	217917	98.00	1.00	0.00	0.00	99.00	55	604.00	0.00	658040	583224	0.22	11439.50	0.00	0.00	0	perf_experiment
10:30:09 PM	1006	217917	97.00	3.00	0.00	0.00	100.00	55	594.00	0.00	658040	583224	0.22	11430.00	0.00	0.00	0	perf_experiment
10:30:10 PM	1006	217917	99.00	2.00	0.00	0.00	101.00	55	598.00	0.00	658040	583224	0.22	11426.50	0.00	0.00	0	perf_experiment
10:30:11 PM	1006	217917	98.00	1.00	0.00	0.00	99.00	55	586.00	0.00	658040	583224	0.22	11473.00	0.00	0.00	0	perf_experiment
10:30:12 PM	1006	217917	99.00	1.00	0.00	0.00	100.00	55	581.00	0.00	658040	583224	0.22	11465.00	0.00	0.00	0	perf_experiment
10:30:13 PM	1006	217917	97.00	3.00	0.00	0.00	100.00	55	631.00	0.00	658040	583224	0.22	11417.50	0.00	0.00	0	perf_experiment
10:30:14 PM	1006	217917	96.00	4.00	0.00	0.00	100.00	55	617.00	0.00	658040	583248	0.22	11379.50	0.00	0.00	0	perf_experiment
10:30:15 PM	1006	217917	100.00	1.00	0.00	0.00	101.00	55	588.00	0.00	658040	583248	0.22	11390.50	0.00	0.00	0	perf_experiment
10:30:16 PM	1006	217917	98.00	2.00	0.00	0.00	100.00	55	593.00	0.00	658040	583248	0.22	11401.00	0.00	0.00	0	perf_experiment
10:30:17 PM	1006	217917	98.00	1.00	0.00	0.00	99.00	55	589.00	0.00	658040	583272	0.22	11400.00	0.00	0.00	0	perf_experiment
10:30:18 PM	1006	217917	100.00	0.00	0.00	0.00	100.00	55	583.00	0.00	658040	583272	0.22	11421.00	0.00	0.00	0	perf_experiment
10:30:19 PM	1006	217917	98.00	2.00	0.00	0.00	100.00	55	521.00	0.00	658040	583272	0.22	11441.00	0.00	0.00	0	perf_experiment
10:30:20 PM	1006	217917	99.00	1.00	0.00	0.00	100.00	55	565.00	0.00	658040	583272	0.22	11368.50	0.00	0.00	0	perf_experiment
10:30:21 PM	1006	217917	99.00	1.00	0.00	0.00	100.00	55	528.00	0.00	658040	583272	0.22	11390.00	0.00	0.00	0	perf_experiment
10:30:22 PM	1006	217917	98.00	2.00	0.00	0.00	100.00	55	7813.00	0.00	658040	583272	0.22	11315.50	0.00	0.00	0	perf_experiment
10:30:23 PM	1006	217917	99.00	1.00	0.00	0.00	100.00	55	2074.00	0.00	658040	583272	0.22	11426.50	0.00	0.00	0	perf_experiment
10:30:24 PM	1006	217917	99.00	2.00	0.00	0.00	101.00	55	882.00	0.00	658040	583272	0.22	11363.00	0.00	0.00	0	perf_experiment
10:30:25 PM	1006	217917	99.00	1.00	0.00	0.00	100.00	55	639.00	0.00	658040	583272	0.22	11452.50	0.00	0.00	0	perf_experiment
10:30:26 PM	1006	217917	98.00	2.00	0.00	0.00	100.00	55	687.00	0.00	658040	583272	0.22	11371.50	0.00	0.00	0	perf_experiment
10:30:27 PM	1006	217917	98.00	1.00	0.00	0.00	99.00	55	555.00	0.00	658040	583272	0.22	11469.00	0.00	0.00	0	perf_experiment
10:30:28 PM	1006	217917	99.00	2.00	0.00	0.00	101.00	55	599.00	0.00	658040	583272	0.22	11387.00	0.00	0.00	0	perf_experiment
10:30:29 PM	1006	217917	98.00	1.00	0.00	0.00	99.00	55	574.00	0.00	658040	583272	0.22	11406.00	0.00	0.00	0	perf_experiment
10:30:30 PM	1006	217917	98.00	2.00	0.00	0.00	100.00	55	527.00	0.00	658040	583272	0.22	11452.00	0.00	0.00	0	perf_experiment
10:30:31 PM	1006	217917	99.00	1.00	0.00	0.00	100.00	55	605.00	0.00	658040	583272	0.22	11374.50	0.00	0.00	0	perf_experiment
10:30:32 PM	1006	217917	99.00	1.00	0.00	0.00	100.00	55	643.00	0.00	658040	583272	0.22	11412.50	0.00	0.00	0	perf_experiment
10:30:33 PM	1006	217917	98.00	3.00	0.00	0.00	101.00	55	602.00	0.00	658040	583272	0.22	11402.50	0.00	0.00	0	perf_experiment
10:30:34 PM	1006	217917	98.00	2.00	0.00	0.00	100.00	55	637.00	0.00	658040	583272	0.22	11437.00	0.00	0.00	0	perf_experiment
10:30:35 PM	1006	217917	97.03	1.98	0.00	0.00	99.01	55	621.78	0.00	658040	583272	0.22	11282.18	0.00	0.00	0	perf_experiment
10:30:36 PM	1006	217917	96.00	4.00	0.00	0.00	100.00	55	657.00	0.00	658040	583272	0.22	11433.50	0.00	0.00	0	perf_experiment
10:30:37 PM	1006	217917	97.00	2.00	0.00	0.00	99.00	55	609.00	0.00	658040	583272	0.22	11354.50	0.00	0.00	0	perf_experiment
10:30:38 PM	1006	217917	97.00	4.00	0.00	0.00	101.00	55	618.00	0.00	658040	583272	0.22	11406.50	0.00	0.00	0	perf_experiment
10:30:39 PM	1006	217917	97.00	2.00	0.00	0.00	99.00	55	613.00	0.00	658040	583272	0.22	11373.00	0.00	0.00	0	perf_experiment
10:30:40 PM	1006	217917	99.00	1.00	0.00	0.00	100.00	55	593.00	0.00	658040	583272	0.22	11456.00	0.00	0.00	0	perf_experiment
10:30:41 PM	1006	217917	98.00	3.00	0.00	0.00	101.00	55	589.00	0.00	658040	583272	0.22	11425.50	0.00	0.00	0	perf_experiment
10:30:42 PM	1006	217917	98.00	1.00	0.00	0.00	99.00	55	599.00	0.00	658040	583272	0.22	11388.50	0.00	0.00	0	perf_experiment
10:30:43 PM	1006	217917	98.00	3.00	0.00	0.00	101.00	55	534.00	0.00	658040	583272	0.22	11426.00	0.00	0.00	0	perf_experiment
10:30:44 PM	1006	217917	99.00	0.00	0.00	0.00	99.00	55	589.00	0.00	658040	583280	0.22	11435.00	0.00	0.00	0	perf_experiment
10:30:45 PM	1006	217917	100.00	1.00	0.00	0.00	101.00	55	556.00	0.00	658040	583280	0.22	11397.00	0.00	0.00	0	perf_experiment
10:30:46 PM	1006	217917	98.00	2.00	0.00	0.00	100.00	55	573.00	0.00	658040	583280	0.22	11389.00	0.00	0.00	0	perf_experiment
10:30:47 PM	1006	217917	96.00	3.00	0.00	0.00	99.00	55	532.00	0.00	658040	583280	0.22	11447.00	0.00	0.00	0	perf_experiment
10:30:48 PM	1006	217917	99.00	2.00	0.00	0.00	101.00	55	536.00	0.00	658040	583280	0.22	11369.00	0.00	0.00	0	perf_experiment
10:30:49 PM	1006	217917	97.00	2.00	0.00	0.00	99.00	55	478.00	0.00	658040	583280	0.22	11413.00	0.00	0.00	0	perf_experiment
10:30:50 PM	1006	217917	99.00	1.00	0.00	0.00	100.00	55	545.00	0.00	658040	583280	0.22	11390.00	0.00	0.00	0	perf_experiment
10:30:51 PM	1006	217917	97.00	3.00	0.00	0.00	100.00	55	537.00	0.00	658040	583280	0.22	11438.50	0.00	0.00	0	perf_experiment
10:30:52 PM	1006	217917	98.00	2.00	0.00	0.00	100.00	55	475.00	0.00	658040	583280	0.22	11382.00	0.00	0.00	0	perf_experiment
10:30:53 PM	1006	217917	99.00	2.00	0.00	0.00	101.00	55	8897.00	0.00	658040	583280	0.22	11285.50	0.00	0.00	0	perf_experiment
10:30:54 PM	1006	217917	96.00	3.00	0.00	0.00	99.00	55	1140.00	0.00	658040	583280	0.22	11359.00	0.00	0.00	0	perf_experiment
10:30:55 PM	1006	217917	99.00	1.00	0.00	0.00	100.00	55	706.00	0.00	658040	583280	0.22	11407.00	0.00	0.00	0	perf_experiment
10:30:56 PM	1006	217917	97.00	3.00	0.00	0.00	100.00	55	679.00	0.00	658040	583280	0.22	11436.00	0.00	0.00	0	perf_experiment
10:30:57 PM	1006	217917	99.00	1.00	0.00	0.00	100.00	55	642.00	0.00	658040	583312	0.22	11339.00	0.00	0.00	0	perf_experiment
10:30:58 PM	1006	217917	97.00	3.00	0.00	0.00	100.00	55	588.00	0.00	658040	583312	0.22	11436.00	0.00	0.00	0	perf_experiment
10:30:59 PM	1006	217917	99.00	1.00	0.00	0.00	100.00	55	591.00	0.00	658040	583312	0.22	11464.00	0.00	0.00	0	perf_experiment
10:31:00 PM	1006	217917	99.00	1.00	0.00	0.00	100.00	55	534.00	0.00	658040	583312	0.22	11368.50	0.00	0.00	0	perf_experiment
10:31:01 PM	1006	217917	99.00	1.00	0.00	0.00	100.00	55	549.00	0.00	658040	583312	0.22	11386.00	0.00	0.00	0	perf_experiment
10:31:02 PM	1006	217917	98.00	2.00	0.00	0.00	100.00	55	550.00	0.00	658040	583312	0.22	11427.00	0.00	0.00	0	perf_experiment
10:31:03 PM	1006	217917	97.00	4.00	0.00	0.00	101.00	55	528.00	0.00	658040	583312	0.22	11401.00	0.00	0.00	0	perf_experiment
10:31:04 PM	1006	217917	97.00	2.00	0.00	0.00	99.00	55	556.00	0.00	658040	583312	0.22	11419.00	0.00	0.00	0	perf_experiment
10:31:05 PM	1006	217917	99.00	1.00	0.00	0.00	100.00	55	623.00	0.00	658040	583312	0.22	11366.00	0.00	0.00	0	perf_experiment
10:31:06 PM	1006	217917	100.00	1.00	0.00	0.00	101.00	55	588.00	0.00	658040	583312	0.22	11421.00	0.00	0.00	0	perf_experiment
10:31:07 PM	1006	217917	96.00	4.00	0.00	0.00	100.00	55	640.00	0.00	658176	583336	0.22	11392.50	0.00	0.00	0	perf_experiment
10:31:08 PM	1006	217917	97.00	3.00	0.00	0.00	100.00	55	656.00	0.00	658176	583336	0.22	11412.50	0.00	0.00	0	perf_experiment
10:31:09 PM	1006	217917	97.00	2.00	0.00	0.00	99.00	55	587.00	0.00	658176	583336	0.22	11395.50	0.00	0.00	0	perf_experiment
10:31:10 PM	1006	217917	98.00	3.00	0.00	0.00	101.00	55	599.00	0.00	658176	583364	0.22	11405.50	0.00	0.00	0	perf_experiment
10:31:11 PM	1006	217917	97.00	3.00	0.00	0.00	100.00	55	610.00	0.00	658176	583364	0.22	11427.50	0.00	0.00	0	perf_experiment
10:31:12 PM	1006	217917	98.00	2.00	0.00	0.00	100.00	55	547.00	0.00	658176	583364	0.22	11423.50	0.00	0.00	0	perf_experiment
10:31:13 PM	1006	217917	99.00	1.00	0.00	0.00	100.00	55	564.00	0.00	658176	583364	0.22	11414.50	0.00	0.00	0	perf_experiment
10:31:14 PM	1006	217917	98.00	1.00	0.00	0.00	99.00	55	542.00	0.00	658176	583364	0.22	11422.50	0.00	0.00	0	perf_experiment
10:31:15 PM	1006	217917	98.00	2.00	0.00	0.00	100.00	55	563.00	0.00	658176	583364	0.22	11414.50	0.00	0.00	0	perf_experiment
10:31:16 PM	1006	217917	98.00	3.00	0.00	0.00	101.00	55	553.00	0.00	658176	583364	0.22	11394.50	0.00	0.00	0	perf_experiment
10:31:17 PM	1006	217917	98.00	2.00	0.00	0.00	100.00	55	570.00	0.00	658176	583364	0.22	11363.50	0.00	0.00	0	perf_experiment
10:31:18 PM	1006	217917	97.00	3.00	0.00	0.00	100.00	55	534.00	0.00	658176	583364	0.22	11398.00	0.00	0.00	0	perf_experiment
10:31:19 PM	1006	217917	99.00	1.00	0.00	0.00	100.00	55	531.00	0.00	658176	583364	0.22	11440.00	0.00	0.00	0	perf_experiment
10:31:20 PM	1006	217917	96.00	3.00	0.00	0.00	99.00	55	574.00	0.00	658176	583364	0.22	11376.50	0.00	0.00	0	perf_experiment
10:31:21 PM	1006	217917	94.00	7.00	0.00	0.00	101.00	55	544.00	0.00	658176	583364	0.22	11373.00	0.00	0.00	0	perf_experiment
10:31:22 PM	1006	217917	98.00	2.00	0.00	0.00	100.00	55	509.00	0.00	658176	583364	0.22	11438.00	0.00	0.00	0	perf_experiment
10:31:23 PM	1006	217917	98.00	2.00	0.00	0.00	100.00	55	549.00	0.00	658176	583380	0.22	11432.00	0.00	0.00	0	perf_experiment
10:31:24 PM	1006	217917	98.00	1.00	0.00	0.00	99.00	55	540.00	0.00	658176	583380	0.22	11423.00	0.00	0.00	0	perf_experiment
10:31:25 PM	1006	217917	99.00	2.00	0.00	0.00	101.00	55	505.00	0.00	658176	583380	0.22	11383.00	0.00	0.00	0	perf_experiment
10:31:26 PM	1006	217917	98.00	1.00	0.00	0.00	99.00	55	514.00	0.00	658176	583380	0.22	11351.00	0.00	0.00	0	perf_experiment
10:31:27 PM	1006	217917	98.00	2.00	0.00	0.00	100.00	55	481.00	0.00	658176	583380	0.22	11405.00	0.00	0.00	0	perf_experiment
10:31:28 PM	1006	217917	97.00	3.00	0.00	0.00	100.00	55	496.00	0.00	658176	583380	0.22	11487.50	0.00	0.00	0	perf_experiment
10:31:29 PM	1006	217917	98.00	2.00	0.00	0.00	100.00	55	510.00	0.00	658176	583380	0.22	11427.00	0.00	0.00	0	perf_experiment
10:31:30 PM	1006	217917	98.00	2.00	0.00	0.00	100.00	55	508.00	0.00	658176	583380	0.22	11419.00	0.00	0.00	0	perf_experiment
10:31:31 PM	1006	217917	98.00	3.00	0.00	0.00	101.00	55	469.00	0.00	658176	583380	0.22	11430.50	0.00	0.00	0	perf_experiment
10:31:32 PM	1006	217917	97.00	3.00	0.00	0.00	100.00	55	7385.00	0.00	658176	583380	0.22	11311.00	0.00	0.00	0	perf_experiment
10:31:33 PM	1006	217917	98.00	2.00	0.00	0.00	100.00	55	2348.00	0.00	658176	583380	0.22	11458.50	0.00	0.00	0	perf_experiment
10:31:34 PM	1006	217917	97.00	2.00	0.00	0.00	99.00	55	894.00	0.00	658176	583380	0.22	11433.00	0.00	0.00	0	perf_experiment
10:31:35 PM	1006	217917	98.00	2.00	0.00	0.00	100.00	55	714.00	0.00	658176	583380	0.22	11381.50	0.00	0.00	0	perf_experiment
10:31:36 PM	1006	217917	97.00	4.00	0.00	0.00	101.00	55	627.00	0.00	658176	583380	0.22	11400.50	0.00	0.00	0	perf_experiment
10:31:37 PM	1006	217917	97.00	2.00	0.00	0.00	99.00	55	651.00	0.00	658176	583412	0.22	11409.50	0.00	0.00	0	perf_experiment
10:31:38 PM	1006	217917	97.00	4.00	0.00	0.00	101.00	55	576.00	0.00	658176	583412	0.22	11329.50	0.00	0.00	0	perf_experiment
10:31:39 PM	1006	217917	98.00	1.00	0.00	0.00	99.00	55	527.00	0.00	658176	583412	0.22	11427.00	0.00	0.00	0	perf_experiment
10:31:40 PM	1006	217917	97.00	3.00	0.00	0.00	100.00	55	567.00	0.00	658308	583460	0.22	11398.50	0.00	0.00	0	perf_experiment
10:31:41 PM	1006	217917	99.00	1.00	0.00	0.00	100.00	55	562.00	0.00	658308	583460	0.22	11423.00	0.00	0.00	0	perf_experiment
10:31:42 PM	1006	217917	99.00	1.00	0.00	0.00	100.00	55	528.00	0.00	658308	583460	0.22	11355.00	0.00	0.00	0	perf_experiment
10:31:43 PM	1006	217917	99.00	2.00	0.00	0.00	101.00	55	527.00	0.00	658308	583460	0.22	11401.50	0.00	0.00	0	perf_experiment
10:31:44 PM	1006	217917	99.00	0.00	0.00	0.00	99.00	55	457.00	0.00	658308	583460	0.22	11390.00	0.00	0.00	0	perf_experiment
10:31:45 PM	1006	217917	97.00	3.00	0.00	0.00	100.00	55	484.00	0.00	658308	583460	0.22	11436.50	0.00	0.00	0	perf_experiment
10:31:46 PM	1006	217917	98.00	2.00	0.00	0.00	100.00	55	481.00	0.00	658308	583460	0.22	11437.00	0.00	0.00	0	perf_experiment
10:31:47 PM	1006	217917	98.00	2.00	0.00	0.00	100.00	55	518.00	0.00	658308	583460	0.22	11392.50	0.00	0.00	0	perf_experiment
10:31:48 PM	1006	217917	96.00	4.00	0.00	0.00	100.00	55	573.00	0.00	658308	583460	0.22	11369.00	0.00	0.00	0	perf_experiment
10:31:49 PM	1006	217917	98.00	2.00	0.00	0.00	100.00	55	568.00	0.00	658308	583460	0.22	11445.50	0.00	0.00	0	perf_experiment
10:31:50 PM	1006	217917	98.00	2.00	0.00	0.00	100.00	55	579.00	0.00	658308	583460	0.22	11381.50	0.00	0.00	0	perf_experiment
10:31:51 PM	1006	217917	98.00	2.00	0.00	0.00	100.00	55	612.00	0.00	658308	583460	0.22	11426.50	0.00	0.00	0	perf_experiment
10:31:52 PM	1006	217917	98.00	2.00	0.00	0.00	100.00	55	592.00	0.00	658308	583460	0.22	11391.50	0.00	0.00	0	perf_experiment
10:31:53 PM	1006	217917	99.00	2.00	0.00	0.00	101.00	55	572.00	0.00	658308	583460	0.22	11393.50	0.00	0.00	0	perf_experiment
10:31:54 PM	1006	217917	99.00	1.00	0.00	0.00	100.00	55	605.00	0.00	658308	583460	0.22	11444.00	0.00	0.00	0	perf_experiment
10:31:55 PM	1006	217917	98.00	2.00	0.00	0.00	100.00	55	570.00	0.00	658308	583460	0.22	11449.00	0.00	0.00	0	perf_experiment
10:31:56 PM	1006	217917	98.00	2.00	0.00	0.00	100.00	55	573.00	0.00	658308	583460	0.22	11398.50	0.00	0.00	0	perf_experiment
10:31:57 PM	1006	217917	98.00	1.00	0.00	0.00	99.00	55	541.00	0.00	658308	583460	0.22	11416.50	0.00	0.00	0	perf_experiment
10:31:58 PM	1006	217917	98.00	3.00	0.00	0.00	101.00	55	559.00	0.00	658308	583460	0.22	11410.00	0.00	0.00	0	perf_experiment
10:31:59 PM	1006	217917	97.00	3.00	0.00	0.00	100.00	55	590.00	0.00	658308	583460	0.22	11393.50	0.00	0.00	0	perf_experiment
10:32:00 PM	1006	217917	98.00	2.00	0.00	0.00	100.00	55	532.00	0.00	658308	583460	0.22	11427.00	0.00	0.00	0	perf_experiment
10:32:01 PM	1006	217917	98.00	2.00	0.00	0.00	100.00	55	566.00	0.00	658308	583460	0.22	11442.50	0.00	0.00	0	perf_experiment
10:32:02 PM	1006	217917	96.00	4.00	0.00	0.00	100.00	55	508.00	0.00	658308	583460	0.22	11467.50	0.00	0.00	0	perf_experiment
10:32:03 PM	1006	217917	96.00	3.00	0.00	0.00	99.00	55	609.00	0.00	658308	583460	0.22	11395.00	0.00	0.00	0	perf_experiment
10:32:04 PM	1006	217917	98.00	3.00	0.00	0.00	101.00	55	530.00	0.00	658308	583460	0.22	11421.00	0.00	0.00	0	perf_experiment
10:32:05 PM	1006	217917	98.00	1.00	0.00	0.00	99.00	55	573.00	0.00	658308	583460	0.22	11396.00	0.00	0.00	0	perf_experiment
10:32:06 PM	1006	217917	99.00	1.00	0.00	0.00	100.00	55	531.00	0.00	658308	583460	0.22	11405.50	0.00	0.00	0	perf_experiment
10:32:07 PM	1006	217917	99.00	2.00	0.00	0.00	101.00	55	518.00	0.00	658308	583460	0.22	11456.50	0.00	0.00	0	perf_experiment
10:32:08 PM	1006	217917	98.00	2.00	0.00	0.00	100.00	55	479.00	0.00	658308	583460	0.22	11480.00	0.00	0.00	0	perf_experiment
10:32:09 PM	1006	217917	99.00	1.00	0.00	0.00	100.00	55	551.00	0.00	658308	583484	0.22	11437.00	0.00	0.00	0	perf_experiment
10:32:10 PM	1006	217917	97.00	2.00	0.00	0.00	99.00	55	508.00	0.00	658308	583484	0.22	11419.00	0.00	0.00	0	perf_experiment
10:32:11 PM	1006	217917	98.00	3.00	0.00	0.00	101.00	55	493.00	0.00	658308	583484	0.22	11384.00	0.00	0.00	0	perf_experiment
10:32:12 PM	1006	217917	98.00	2.00	0.00	0.00	100.00	55	455.00	0.00	658308	583484	0.22	11429.50	0.00	0.00	0	perf_experiment
10:32:13 PM	1006	217917	98.00	1.00	0.00	0.00	99.00	55	487.00	0.00	658308	583484	0.22	11351.50	0.00	0.00	0	perf_experiment
10:32:14 PM	1006	217917	98.00	3.00	0.00	0.00	101.00	55	499.00	0.00	658308	583484	0.22	11427.00	0.00	0.00	0	perf_experiment
10:32:15 PM	1006	217917	98.00	2.00	0.00	0.00	100.00	55	554.00	0.00	658308	583484	0.22	11377.00	0.00	0.00	0	perf_experiment
10:32:16 PM	1006	217917	98.00	2.00	0.00	0.00	100.00	55	471.00	0.00	658308	583484	0.22	11402.00	0.00	0.00	0	perf_experiment
10:32:17 PM	1006	217917	99.00	1.00	0.00	0.00	100.00	55	461.00	0.00	658308	583484	0.22	11389.50	0.00	0.00	0	perf_experiment
10:32:18 PM	1006	217917	98.00	1.00	0.00	0.00	99.00	55	448.00	0.00	658308	583484	0.22	11372.50	0.00	0.00	0	perf_experiment
10:32:19 PM	1006	217917	98.00	3.00	0.00	0.00	101.00	55	489.00	0.00	658308	583524	0.22	11379.00	0.00	0.00	0	perf_experiment
10:32:20 PM	1006	217917	98.00	2.00	0.00	0.00	100.00	55	449.00	0.00	658308	583524	0.22	11429.00	0.00	0.00	0	perf_experiment
10:32:21 PM	1006	217917	97.00	3.00	0.00	0.00	100.00	55	444.00	0.00	658308	583524	0.22	11412.00	0.00	0.00	0	perf_experiment
10:32:22 PM	1006	217917	99.00	1.00	0.00	0.00	100.00	55	471.00	0.00	658308	583524	0.22	11421.50	0.00	0.00	0	perf_experiment
10:32:23 PM	1006	217917	96.00	4.00	0.00	0.00	100.00	55	4949.00	0.00	658308	583524	0.22	11346.00	0.00	0.00	0	perf_experiment
10:32:24 PM	1006	217917	98.00	2.00	0.00	0.00	100.00	55	4615.00	0.00	658308	583524	0.22	11340.50	0.00	0.00	0	perf_experiment
10:32:25 PM	1006	217917	97.00	3.00	0.00	0.00	100.00	55	1028.00	0.00	658308	583524	0.22	11355.50	0.00	0.00	0	perf_experiment
10:32:26 PM	1006	217917	98.00	2.00	0.00	0.00	100.00	55	714.00	0.00	658308	583524	0.22	11421.00	0.00	0.00	0	perf_experiment
10:32:27 PM	1006	217917	97.00	3.00	0.00	0.00	100.00	55	611.00	0.00	658308	583524	0.22	11442.00	0.00	0.00	0	perf_experiment
10:32:28 PM	1006	217917	97.00	2.00	0.00	0.00	99.00	55	571.00	0.00	658308	583524	0.22	11428.50	0.00	0.00	0	perf_experiment
10:32:29 PM	1006	217917	98.02	0.99	0.00	0.00	99.01	55	558.42	0.00	658308	583524	0.22	11327.23	0.00	0.00	0	perf_experiment
10:32:30 PM	1006	217917	99.00	1.00	0.00	0.00	100.00	55	516.00	0.00	658308	583524	0.22	11391.50	0.00	0.00	0	perf_experiment
10:32:31 PM	1006	217917	97.00	3.00	0.00	0.00	100.00	55	538.00	0.00	658308	583524	0.22	11443.00	0.00	0.00	0	perf_experiment
10:32:32 PM	1006	217917	99.00	1.00	0.00	0.00	100.00	55	502.00	0.00	658308	583524	0.22	11408.00	0.00	0.00	0	perf_experiment
10:32:33 PM	1006	217917	100.00	1.00	0.00	0.00	101.00	55	496.00	0.00	658308	583524	0.22	11455.00	0.00	0.00	0	perf_experiment
10:32:34 PM	1006	217917	98.00	2.00	0.00	0.00	100.00	55	535.00	0.00	658308	583524	0.22	11379.00	0.00	0.00	0	perf_experiment
10:32:35 PM	1006	217917	99.00	1.00	0.00	0.00	100.00	55	493.00	0.00	658308	583524	0.22	11402.50	0.00	0.00	0	perf_experiment
10:32:36 PM	1006	217917	98.00	1.00	0.00	0.00	99.00	55	505.00	0.00	658308	583532	0.22	11433.00	0.00	0.00	0	perf_experiment
10:32:37 PM	1006	217917	99.00	2.00	0.00	0.00	101.00	55	516.00	0.00	658308	583532	0.22	11388.00	0.00	0.00	0	perf_experiment
10:32:38 PM	1006	217917	98.00	2.00	0.00	0.00	100.00	55	456.00	0.00	658308	583532	0.22	11451.00	0.00	0.00	0	perf_experiment
10:32:39 PM	1006	217917	99.00	1.00	0.00	0.00	100.00	55	480.00	0.00	658308	583532	0.22	11422.00	0.00	0.00	0	perf_experiment
10:32:40 PM	1006	217917	96.00	4.00	0.00	0.00	100.00	55	437.00	0.00	658308	583532	0.22	11408.50	0.00	0.00	0	perf_experiment
10:32:41 PM	1006	217917	98.00	2.00	0.00	0.00	100.00	55	526.00	0.00	658308	583532	0.22	11405.00	0.00	0.00	0	perf_experiment
10:32:42 PM	1006	217917	97.00	3.00	0.00	0.00	100.00	55	463.00	0.00	658308	583548	0.22	11474.00	0.00	0.00	0	perf_experiment
10:32:43 PM	1006	217917	99.00	1.00	0.00	0.00	100.00	55	500.00	0.00	658308	583548	0.22	11397.00	0.00	0.00	0	perf_experiment
10:32:44 PM	1006	217917	96.00	3.00	0.00	0.00	99.00	55	592.00	0.00	658308	583548	0.22	11453.00	0.00	0.00	0	perf_experiment
10:32:45 PM	1006	217917	100.00	1.00	0.00	0.00	101.00	55	585.00	0.00	658308	583548	0.22	11435.50	0.00	0.00	0	perf_experiment
10:32:46 PM	1006	217917	98.00	2.00	0.00	0.00	100.00	55	606.00	0.00	658308	583548	0.22	11421.00	0.00	0.00	0	perf_experiment
10:32:47 PM	1006	217917	96.00	4.00	0.00	0.00	100.00	55	604.00	0.00	658308	583548	0.22	11406.50	0.00	0.00	0	perf_experiment
10:32:48 PM	1006	217917	99.00	1.00	0.00	0.00	100.00	55	587.00	0.00	658308	583548	0.22	11454.00	0.00	0.00	0	perf_experiment
10:32:49 PM	1006	217917	99.00	0.00	0.00	0.00	99.00	55	585.00	0.00	658308	583580	0.22	11410.50	0.00	0.00	0	perf_experiment
10:32:50 PM	1006	217917	98.00	3.00	0.00	0.00	101.00	55	528.00	0.00	658308	583580	0.22	11470.00	0.00	0.00	0	perf_experiment
10:32:51 PM	1006	217917	97.00	3.00	0.00	0.00	100.00	55	571.00	0.00	658308	583580	0.22	11481.00	0.00	0.00	0	perf_experiment
10:32:52 PM	1006	217917	96.00	4.00	0.00	0.00	100.00	55	560.00	0.00	658308	583580	0.22	11394.50	0.00	0.00	0	perf_experiment
10:32:53 PM	1006	217917	98.00	2.00	0.00	0.00	100.00	55	574.00	0.00	658308	583580	0.22	11470.50	0.00	0.00	0	perf_experiment
10:32:54 PM	1006	217917	99.00	1.00	0.00	0.00	100.00	55	561.00	0.00	658308	583580	0.22	11472.50	0.00	0.00	0	perf_experiment
10:32:55 PM	1006	217917	98.00	2.00	0.00	0.00	100.00	55	544.00	0.00	658308	583580	0.22	11419.50	0.00	0.00	0	perf_experiment
10:32:56 PM	1006	217917	97.00	3.00	0.00	0.00	100.00	55	526.00	0.00	658308	583580	0.22	11406.00	0.00	0.00	0	perf_experiment
10:32:57 PM	1006	217917	99.00	1.00	0.00	0.00	100.00	55	484.00	0.00	658308	583580	0.22	11470.00	0.00	0.00	0	perf_experiment
10:32:58 PM	1006	217917	98.00	2.00	0.00	0.00	100.00	55	536.00	0.00	658308	583580	0.22	11399.00	0.00	0.00	0	perf_experiment
10:32:59 PM	1006	217917	98.00	2.00	0.00	0.00	100.00	55	513.00	0.00	658308	583580	0.22	11417.00	0.00	0.00	0	perf_experiment
10:33:00 PM	1006	217917	99.00	1.00	0.00	0.00	100.00	55	505.00	0.00	658308	583580	0.22	11442.50	0.00	0.00	0	perf_experiment
10:33:01 PM	1006	217917	98.00	2.00	0.00	0.00	100.00	55	484.00	0.00	658308	583580	0.22	11422.50	0.00	0.00	0	perf_experiment
10:33:02 PM	1006	217917	99.00	0.00	0.00	0.00	99.00	55	498.00	0.00	658444	583620	0.22	11417.00	0.00	0.00	0	perf_experiment
10:33:03 PM	1006	217917	96.00	4.00	0.00	0.00	100.00	55	523.00	0.00	658444	583620	0.22	11440.50	0.00	0.00	0	perf_experiment
10:33:04 PM	1006	217917	98.00	3.00	0.00	0.00	101.00	55	478.00	0.00	658444	583620	0.22	11384.50	0.00	0.00	0	perf_experiment
10:33:05 PM	1006	217917	99.00	0.00	0.00	0.00	99.00	55	526.00	0.00	658444	583620	0.22	11449.00	0.00	0.00	0	perf_experiment
10:33:06 PM	1006	217917	96.00	4.00	0.00	1.00	100.00	55	515.00	0.00	658444	583660	0.22	11373.50	0.00	0.00	0	perf_experiment
10:33:07 PM	1006	217917	99.00	1.00	0.00	0.00	100.00	55	465.00	0.00	658444	583660	0.22	11399.00	0.00	0.00	0	perf_experiment
10:33:08 PM	1006	217917	98.00	3.00	0.00	0.00	101.00	55	485.00	0.00	658444	583660	0.22	11388.50	0.00	0.00	0	perf_experiment
10:33:09 PM	1006	217917	99.00	1.00	0.00	0.00	100.00	55	506.00	0.00	658444	583660	0.22	11410.50	0.00	0.00	0	perf_experiment
10:33:10 PM	1006	217917	98.00	2.00	0.00	0.00	100.00	55	492.00	0.00	658444	583660	0.22	11396.50	0.00	0.00	0	perf_experiment
10:33:11 PM	1006	217917	97.00	3.00	0.00	0.00	100.00	55	463.00	0.00	658444	583660	0.22	11405.00	0.00	0.00	0	perf_experiment
10:33:12 PM	1006	217917	98.00	1.00	0.00	0.00	99.00	55	469.00	0.00	658444	583668	0.22	11391.50	0.00	0.00	0	perf_experiment
10:33:13 PM	1006	217917	98.00	3.00	0.00	0.00	101.00	55	465.00	0.00	658444	583684	0.22	11410.00	0.00	0.00	0	perf_experiment
10:33:14 PM	1006	217917	97.00	2.00	0.00	0.00	99.00	55	482.00	0.00	658444	583684	0.22	11395.00	0.00	0.00	0	perf_experiment
10:33:15 PM	1006	217917	98.00	2.00	0.00	0.00	100.00	55	468.00	0.00	658444	583684	0.22	11429.50	0.00	0.00	0	perf_experiment
10:33:16 PM	1006	217917	98.00	2.00	0.00	0.00	100.00	55	429.00	0.00	658444	583692	0.22	11402.50	0.00	0.00	0	perf_experiment
10:33:17 PM	1006	217917	98.00	3.00	0.00	0.00	101.00	55	489.00	0.00	658444	583692	0.22	11385.50	0.00	0.00	0	perf_experiment
10:33:18 PM	1006	217917	100.00	0.00	0.00	0.00	100.00	55	440.00	0.00	658444	583692	0.22	11425.50	0.00	0.00	0	perf_experiment
10:33:19 PM	1006	217917	97.00	3.00	0.00	0.00	100.00	55	440.00	0.00	658444	583692	0.22	11461.50	0.00	0.00	0	perf_experiment
10:33:20 PM	1006	217917	99.00	0.00	0.00	0.00	99.00	55	465.00	0.00	658444	583692	0.22	11421.50	0.00	0.00	0	perf_experiment
10:33:21 PM	1006	217917	98.00	3.00	0.00	0.00	101.00	55	391.00	0.00	658444	583692	0.22	11396.00	0.00	0.00	0	perf_experiment
10:33:22 PM	1006	217917	99.00	0.00	0.00	0.00	99.00	55	428.00	0.00	658444	583692	0.22	11384.50	0.00	0.00	0	perf_experiment
10:33:23 PM	1006	217917	99.00	2.00	0.00	0.00	101.00	55	4549.00	0.00	658444	583692	0.22	11296.50	0.00	0.00	0	perf_experiment
10:33:24 PM	1006	217917	98.00	2.00	0.00	0.00	100.00	55	4818.00	0.00	658444	583692	0.22	11379.50	0.00	0.00	0	perf_experiment
10:33:25 PM	1006	217917	98.00	2.00	0.00	0.00	100.00	55	1003.00	0.00	658444	583692	0.22	11438.00	0.00	0.00	0	perf_experiment
10:33:26 PM	1006	217917	99.00	1.00	0.00	0.00	100.00	55	689.00	0.00	658444	583692	0.22	11373.00	0.00	0.00	0	perf_experiment
10:33:27 PM	1006	217917	99.00	1.00	0.00	0.00	100.00	55	595.00	0.00	658444	583692	0.22	11436.00	0.00	0.00	0	perf_experiment
10:33:28 PM	1006	217917	98.00	2.00	0.00	0.00	100.00	55	597.00	0.00	658444	583692	0.22	11371.50	0.00	0.00	0	perf_experiment
10:33:29 PM	1006	217917	98.00	2.00	0.00	0.00	100.00	55	555.00	0.00	658444	583692	0.22	11371.50	0.00	0.00	0	perf_experiment
10:33:30 PM	1006	217917	98.00	2.00	0.00	0.00	100.00	55	525.00	0.00	658444	583692	0.22	11372.50	0.00	0.00	0	perf_experiment
10:33:31 PM	1006	217917	100.00	0.00	0.00	0.00	100.00	55	507.00	0.00	658444	583692	0.22	11386.00	0.00	0.00	0	perf_experiment
10:33:32 PM	1006	217917	98.00	2.00	0.00	0.00	100.00	55	504.00	0.00	658444	583692	0.22	11411.00	0.00	0.00	0	perf_experiment
10:33:33 PM	1006	217917	98.00	2.00	0.00	0.00	100.00	55	504.00	0.00	658444	583692	0.22	11428.00	0.00	0.00	0	perf_experiment
10:33:34 PM	1006	217917	99.00	1.00	0.00	0.00	100.00	55	492.00	0.00	658444	583692	0.22	11428.00	0.00	0.00	0	perf_experiment
10:33:35 PM	1006	217917	99.00	1.00	0.00	0.00	100.00	55	463.00	0.00	658444	583692	0.22	11342.00	0.00	0.00	0	perf_experiment
10:33:36 PM	1006	217917	98.00	2.00	0.00	0.00	100.00	55	495.00	0.00	658444	583692	0.22	11464.00	0.00	0.00	0	perf_experiment
10:33:37 PM	1006	217917	98.00	2.00	0.00	0.00	100.00	55	519.00	0.00	658444	583692	0.22	11380.50	0.00	0.00	0	perf_experiment
10:33:38 PM	1006	217917	98.00	2.00	0.00	0.00	100.00	55	449.00	0.00	658444	583692	0.22	11471.50	0.00	0.00	0	perf_experiment
10:33:39 PM	1006	217917	98.00	2.00	0.00	0.00	100.00	55	426.00	0.00	658444	583692	0.22	11448.50	0.00	0.00	0	perf_experiment
10:33:40 PM	1006	217917	99.00	1.00	0.00	0.00	100.00	55	469.00	0.00	658444	583692	0.22	11399.50	0.00	0.00	0	perf_experiment
10:33:41 PM	1006	217917	98.00	2.00	0.00	0.00	100.00	55	445.00	0.00	658444	583692	0.22	11392.00	0.00	0.00	0	perf_experiment
10:33:42 PM	1006	217917	98.00	2.00	0.00	0.00	100.00	55	434.00	0.00	658444	583708	0.22	11457.00	0.00	0.00	0	perf_experiment
10:33:43 PM	1006	217917	98.00	2.00	0.00	0.00	100.00	55	510.00	0.00	658444	583708	0.22	11427.50	0.00	0.00	0	perf_experiment
10:33:44 PM	1006	217917	98.00	2.00	0.00	0.00	100.00	55	682.00	0.00	658444	583708	0.22	11407.00	0.00	0.00	0	perf_experiment
10:33:45 PM	1006	217917	99.00	1.00	0.00	0.00	100.00	55	591.00	0.00	658444	583708	0.22	11358.00	0.00	0.00	0	perf_experiment
10:33:46 PM	1006	217917	99.00	1.00	0.00	0.00	100.00	55	607.00	0.00	658444	583708	0.22	11467.00	0.00	0.00	0	perf_experiment
10:33:47 PM	1006	217917	98.00	2.00	0.00	0.00	100.00	55	605.00	0.00	658444	583708	0.22	11431.00	0.00	0.00	0	perf_experiment
10:33:48 PM	1006	217917	98.00	1.00	0.00	0.00	99.00	55	543.00	0.00	658444	583708	0.22	11395.50	0.00	0.00	0	perf_experiment
10:33:49 PM	1006	217917	98.00	3.00	0.00	0.00	101.00	55	573.00	0.00	658444	583708	0.22	11421.00	0.00	0.00	0	perf_experiment
10:33:50 PM	1006	217917	98.00	2.00	0.00	0.00	100.00	55	579.00	0.00	658444	583708	0.22	11345.00	0.00	0.00	0	perf_experiment
10:33:51 PM	1006	217917	96.00	3.00	0.00	0.00	99.00	55	499.00	0.00	658444	583708	0.22	11379.00	0.00	0.00	0	perf_experiment
10:33:52 PM	1006	217917	97.00	4.00	0.00	0.00	101.00	55	529.00	0.00	658580	583732	0.22	11441.50	0.00	0.00	0	perf_experiment
10:33:53 PM	1006	217917	99.00	0.00	0.00	0.00	99.00	55	611.00	0.00	658580	583732	0.22	11409.50	0.00	0.00	0	perf_experiment
10:33:54 PM	1006	217917	97.00	4.00	0.00	0.00	101.00	55	559.00	0.00	658580	583732	0.22	11452.50	0.00	0.00	0	perf_experiment
10:33:55 PM	1006	217917	98.00	2.00	0.00	0.00	100.00	55	548.00	0.00	658580	583732	0.22	11466.50	0.00	0.00	0	perf_experiment
10:33:56 PM	1006	217917	99.00	1.00	0.00	0.00	100.00	55	596.00	0.00	658580	583732	0.22	11460.50	0.00	0.00	0	perf_experiment
10:33:57 PM	1006	217917	98.00	1.00	0.00	0.00	99.00	55	547.00	0.00	658580	583732	0.22	11452.50	0.00	0.00	0	perf_experiment
10:33:58 PM	1006	217917	100.00	1.00	0.00	0.00	101.00	55	521.00	0.00	658580	583732	0.22	11414.50	0.00	0.00	0	perf_experiment
10:33:59 PM	1006	217917	98.00	1.00	0.00	0.00	99.00	55	518.00	0.00	658580	583732	0.22	11425.00	0.00	0.00	0	perf_experiment
10:34:00 PM	1006	217917	97.00	4.00	0.00	0.00	101.00	55	541.00	0.00	658580	583732	0.22	11321.50	0.00	0.00	0	perf_experiment
10:34:01 PM	1006	217917	98.00	2.00	0.00	0.00	100.00	55	504.00	0.00	658580	583732	0.22	11399.50	0.00	0.00	0	perf_experiment
10:34:02 PM	1006	217917	97.00	2.00	0.00	0.00	99.00	55	555.00	0.00	658580	583764	0.22	11443.00	0.00	0.00	0	perf_experiment
10:34:03 PM	1006	217917	99.00	2.00	0.00	0.00	101.00	55	526.00	0.00	658580	583764	0.22	11407.00	0.00	0.00	0	perf_experiment
10:34:04 PM	1006	217917	97.00	2.00	0.00	0.00	99.00	55	511.00	0.00	658580	583764	0.22	11414.00	0.00	0.00	0	perf_experiment
10:34:05 PM	1006	217917	98.00	3.00	0.00	0.00	101.00	55	516.00	0.00	658580	583788	0.22	11446.50	0.00	0.00	0	perf_experiment
10:34:06 PM	1006	217917	98.00	2.00	0.00	0.00	100.00	55	506.00	0.00	658580	583788	0.22	11417.50	0.00	0.00	0	perf_experiment
10:34:07 PM	1006	217917	98.00	1.00	0.00	0.00	99.00	55	490.00	0.00	658580	583788	0.22	11416.50	0.00	0.00	0	perf_experiment
10:34:08 PM	1006	217917	97.00	4.00	0.00	0.00	101.00	55	457.00	0.00	658580	583788	0.22	11389.50	0.00	0.00	0	perf_experiment
10:34:09 PM	1006	217917	97.00	3.00	0.00	0.00	100.00	55	428.00	0.00	658580	583788	0.22	11405.00	0.00	0.00	0	perf_experiment
10:34:10 PM	1006	217917	99.00	1.00	0.00	0.00	100.00	55	509.00	0.00	658580	583788	0.22	11396.50	0.00	0.00	0	perf_experiment
10:34:11 PM	1006	217917	99.00	2.00	0.00	0.00	101.00	55	452.00	0.00	658580	583788	0.22	11367.50	0.00	0.00	0	perf_experiment
10:34:12 PM	1006	217917	98.00	1.00	0.00	0.00	99.00	55	468.00	0.00	658580	583788	0.22	11379.50	0.00	0.00	0	perf_experiment
10:34:13 PM	1006	217917	98.00	2.00	0.00	0.00	100.00	55	469.00	0.00	658580	583788	0.22	11401.50	0.00	0.00	0	perf_experiment
10:34:14 PM	1006	217917	98.00	2.00	0.00	0.00	100.00	55	425.00	0.00	658580	583788	0.22	11406.50	0.00	0.00	0	perf_experiment
10:34:15 PM	1006	217917	97.00	3.00	0.00	0.00	100.00	55	446.00	0.00	658580	583788	0.22	11383.50	0.00	0.00	0	perf_experiment
10:34:16 PM	1006	217917	98.00	2.00	0.00	0.00	100.00	55	454.00	0.00	658580	583788	0.22	11418.00	0.00	0.00	0	perf_experiment
10:34:17 PM	1006	217917	98.00	2.00	0.00	0.00	100.00	55	480.00	0.00	658580	583788	0.22	11442.50	0.00	0.00	0	perf_experiment
10:34:18 PM	1006	217917	98.00	2.00	0.00	0.00	100.00	55	406.00	0.00	658580	583792	0.22	11438.50	0.00	0.00	0	perf_experiment
10:34:19 PM	1006	217917	99.00	1.00	0.00	0.00	100.00	55	456.00	0.00	658580	583792	0.22	11468.50	0.00	0.00	0	perf_experiment
10:34:20 PM	1006	217917	99.00	1.00	0.00	0.00	100.00	55	441.00	0.00	658580	583792	0.22	11376.00	0.00	0.00	0	perf_experiment
10:34:21 PM	1006	217917	98.00	2.00	0.00	0.00	100.00	55	390.00	0.00	658580	583792	0.22	11419.50	0.00	0.00	0	perf_experiment
10:34:22 PM	1006	217917	98.00	2.00	0.00	0.00	100.00	55	463.00	0.00	658580	583792	0.22	11408.00	0.00	0.00	0	perf_experiment
10:34:23 PM	1006	217917	98.00	2.00	0.00	0.00	100.00	55	4163.00	0.00	658580	583792	0.22	11313.50	0.00	0.00	0	perf_experiment
10:34:24 PM	1006	217917	98.00	2.00	0.00	0.00	100.00	55	5277.00	0.00	658580	583792	0.22	11347.00	0.00	0.00	0	perf_experiment
10:34:25 PM	1006	217917	97.03	1.98	0.00	0.00	99.01	55	995.05	0.00	658580	583792	0.22	11260.89	0.00	0.00	0	perf_experiment
10:34:26 PM	1006	217917	99.00	1.00	0.00	0.00	100.00	55	710.00	0.00	658580	583792	0.22	11429.00	0.00	0.00	0	perf_experiment
10:34:27 PM	1006	217917	97.00	3.00	0.00	0.00	100.00	55	627.00	0.00	658580	583792	0.22	11377.50	0.00	0.00	0	perf_experiment
10:34:28 PM	1006	217917	97.00	3.00	0.00	0.00	100.00	55	566.00	0.00	658580	583816	0.22	11410.50	0.00	0.00	0	perf_experiment
10:34:29 PM	1006	217917	96.00	4.00	0.00	0.00	100.00	55	527.00	0.00	658580	583816	0.22	11417.00	0.00	0.00	0	perf_experiment
10:34:30 PM	1006	217917	94.00	6.00	0.00	0.00	100.00	55	555.00	0.00	658580	583816	0.22	11438.00	0.00	0.00	0	perf_experiment
10:34:31 PM	1006	217917	97.00	3.00	0.00	0.00	100.00	55	511.00	0.00	658580	583816	0.22	11430.50	0.00	0.00	0	perf_experiment
10:34:32 PM	1006	217917	99.00	1.00	0.00	0.00	100.00	55	536.00	0.00	658580	583824	0.22	11399.00	0.00	0.00	0	perf_experiment
10:34:33 PM	1006	217917	99.00	1.00	0.00	0.00	100.00	55	490.00	0.00	658580	583824	0.22	11406.50	0.00	0.00	0	perf_experiment
10:34:34 PM	1006	217917	99.00	1.00	0.00	0.00	100.00	55	484.00	0.00	658580	583824	0.22	11409.50	0.00	0.00	0	perf_experiment
10:34:35 PM	1006	217917	97.00	3.00	0.00	0.00	100.00	55	491.00	0.00	658580	583824	0.22	11434.00	0.00	0.00	0	perf_experiment
10:34:36 PM	1006	217917	98.00	2.00	0.00	0.00	100.00	55	452.00	0.00	658580	583824	0.22	11422.50	0.00	0.00	0	perf_experiment
10:34:37 PM	1006	217917	98.00	2.00	0.00	0.00	100.00	55	468.00	0.00	658580	583824	0.22	11381.00	0.00	0.00	0	perf_experiment
10:34:38 PM	1006	217917	98.00	2.00	0.00	0.00	100.00	55	496.00	0.00	658580	583824	0.22	11394.50	0.00	0.00	0	perf_experiment
10:34:39 PM	1006	217917	97.00	3.00	0.00	0.00	100.00	55	478.00	0.00	658580	583824	0.22	11391.50	0.00	0.00	0	perf_experiment
10:34:40 PM	1006	217917	98.00	2.00	0.00	0.00	100.00	55	463.00	0.00	658580	583824	0.22	11389.50	0.00	0.00	0	perf_experiment
10:34:41 PM	1006	217917	99.00	1.00	0.00	0.00	100.00	55	416.00	0.00	658580	583840	0.22	11389.50	0.00	0.00	0	perf_experiment
10:34:42 PM	1006	217917	98.00	2.00	0.00	0.00	100.00	55	475.00	0.00	658580	583840	0.22	11507.50	0.00	0.00	0	perf_experiment
10:34:43 PM	1006	217917	98.00	2.00	0.00	0.00	100.00	55	493.00	0.00	658580	583840	0.22	11377.00	0.00	0.00	0	perf_experiment
10:34:44 PM	1006	217917	98.00	2.00	0.00	0.00	100.00	55	632.00	0.00	658580	583840	0.22	11395.00	0.00	0.00	0	perf_experiment
10:34:45 PM	1006	217917	100.00	0.00	0.00	0.00	100.00	55	537.00	0.00	658580	583840	0.22	11420.50	0.00	0.00	0	perf_experiment
10:34:46 PM	1006	217917	98.00	2.00	0.00	0.00	100.00	55	564.00	0.00	658580	583840	0.22	11385.50	0.00	0.00	0	perf_experiment
10:34:47 PM	1006	217917	99.00	1.00	0.00	0.00	100.00	55	600.00	0.00	658580	583840	0.22	11416.50	0.00	0.00	0	perf_experiment
10:34:48 PM	1006	217917	98.00	1.00	0.00	0.00	99.00	55	587.00	0.00	658580	583840	0.22	11393.50	0.00	0.00	0	perf_experiment
10:34:49 PM	1006	217917	97.00	4.00	0.00	0.00	101.00	55	538.00	0.00	658580	583840	0.22	11397.50	0.00	0.00	0	perf_experiment
10:34:50 PM	1006	217917	100.00	0.00	0.00	0.00	100.00	55	545.00	0.00	658580	583840	0.22	11395.50	0.00	0.00	0	perf_experiment
10:34:51 PM	1006	217917	95.00	4.00	0.00	0.00	99.00	55	563.00	0.00	658712	583872	0.22	11390.50	0.00	0.00	0	perf_experiment
10:34:52 PM	1006	217917	98.00	2.00	0.00	0.00	100.00	55	561.00	0.00	658712	583872	0.22	11419.50	0.00	0.00	0	perf_experiment
10:34:53 PM	1006	217917	98.00	3.00	0.00	0.00	101.00	55	526.00	0.00	658712	583872	0.22	11393.00	0.00	0.00	0	perf_experiment
10:34:54 PM	1006	217917	98.00	2.00	0.00	0.00	100.00	55	538.00	0.00	658712	583872	0.22	11395.00	0.00	0.00	0	perf_experiment
10:34:55 PM	1006	217917	98.00	2.00	0.00	0.00	100.00	55	539.00	0.00	658712	583872	0.22	11380.00	0.00	0.00	0	perf_experiment
10:34:56 PM	1006	217917	98.00	1.00	0.00	0.00	99.00	55	514.00	0.00	658712	583872	0.22	11396.50	0.00	0.00	0	perf_experiment
10:34:57 PM	1006	217917	98.00	3.00	0.00	0.00	101.00	55	554.00	0.00	658712	583872	0.22	11397.00	0.00	0.00	0	perf_experiment
10:34:58 PM	1006	217917	98.00	2.00	0.00	0.00	100.00	55	517.00	0.00	658712	583872	0.22	11388.50	0.00	0.00	0	perf_experiment
10:34:59 PM	1006	217917	99.00	1.00	0.00	0.00	100.00	55	489.00	0.00	658712	583872	0.22	11446.50	0.00	0.00	0	perf_experiment
10:35:00 PM	1006	217917	97.00	4.00	0.00	0.00	101.00	55	559.00	0.00	658712	583872	0.22	11421.50	0.00	0.00	0	perf_experiment
10:35:01 PM	1006	217917	98.00	2.00	0.00	0.00	100.00	55	531.00	0.00	658712	583904	0.22	11411.00	0.00	0.00	0	perf_experiment
10:35:02 PM	1006	217917	98.00	1.00	0.00	0.00	99.00	55	502.00	0.00	658712	583904	0.22	11387.00	0.00	0.00	0	perf_experiment
10:35:03 PM	1006	217917	99.00	1.00	0.00	0.00	100.00	55	491.00	0.00	658712	583904	0.22	11379.50	0.00	0.00	0	perf_experiment
10:35:04 PM	1006	217917	99.00	1.00	0.00	0.00	100.00	55	490.00	0.00	658712	583904	0.22	11398.50	0.00	0.00	0	perf_experiment
10:35:05 PM	1006	217917	97.00	3.00	0.00	0.00	100.00	55	513.00	0.00	658712	583904	0.22	11402.50	0.00	0.00	0	perf_experiment
10:35:06 PM	1006	217917	98.00	2.00	0.00	0.00	100.00	55	497.00	0.00	658712	583904	0.22	11416.50	0.00	0.00	0	perf_experiment
10:35:07 PM	1006	217917	98.00	2.00	0.00	0.00	100.00	55	488.00	0.00	658712	583904	0.22	11463.50	0.00	0.00	0	perf_experiment
10:35:08 PM	1006	217917	99.00	1.00	0.00	0.00	100.00	55	507.00	0.00	658712	583904	0.22	11409.00	0.00	0.00	0	perf_experiment
10:35:09 PM	1006	217917	96.00	4.00	0.00	0.00	100.00	55	486.00	0.00	658712	583904	0.22	11386.50	0.00	0.00	0	perf_experiment
10:35:10 PM	1006	217917	98.00	2.00	0.00	0.00	100.00	55	521.00	0.00	658712	583904	0.22	11361.50	0.00	0.00	0	perf_experiment
10:35:11 PM	1006	217917	98.00	2.00	0.00	0.00	100.00	55	481.00	0.00	658712	583904	0.22	11404.50	0.00	0.00	0	perf_experiment
10:35:12 PM	1006	217917	98.00	2.00	0.00	0.00	100.00	55	435.00	0.00	658712	583904	0.22	11422.50	0.00	0.00	0	perf_experiment
10:35:13 PM	1006	217917	97.00	3.00	0.00	0.00	100.00	55	473.00	0.00	658712	583904	0.22	11365.50	0.00	0.00	0	perf_experiment
10:35:14 PM	1006	217917	99.00	1.00	0.00	0.00	100.00	55	458.00	0.00	658712	583936	0.22	11411.00	0.00	0.00	0	perf_experiment
10:35:15 PM	1006	217917	97.00	3.00	0.00	0.00	100.00	55	440.00	0.00	658712	583936	0.22	11405.00	0.00	0.00	0	perf_experiment
10:35:16 PM	1006	217917	98.00	2.00	0.00	0.00	100.00	55	496.00	0.00	658712	583936	0.22	11433.00	0.00	0.00	0	perf_experiment
10:35:17 PM	1006	217917	99.00	2.00	0.00	0.00	101.00	55	448.00	0.00	658712	583936	0.22	11464.50	0.00	0.00	0	perf_experiment
10:35:18 PM	1006	217917	98.00	2.00	0.00	0.00	100.00	55	468.00	0.00	658712	583936	0.22	11379.50	0.00	0.00	0	perf_experiment
10:35:19 PM	1006	217917	98.00	2.00	0.00	0.00	100.00	55	440.00	0.00	658712	583936	0.22	11395.00	0.00	0.00	0	perf_experiment
10:35:20 PM	1006	217917	96.00	3.00	0.00	0.00	99.00	55	449.00	0.00	658712	583936	0.22	11443.00	0.00	0.00	0	perf_experiment
10:35:21 PM	1006	217917	99.00	1.00	0.00	0.00	100.00	55	469.00	0.00	658712	583936	0.22	11435.00	0.00	0.00	0	perf_experiment
10:35:22 PM	1006	217917	99.00	1.00	0.00	0.00	100.00	55	404.00	0.00	658712	583936	0.22	11401.50	0.00	0.00	0	perf_experiment
10:35:23 PM	1006	217917	96.00	4.00	0.00	0.00	100.00	55	3548.00	0.00	658712	583936	0.22	11352.50	0.00	0.00	0	perf_experiment
10:35:24 PM	1006	217917	97.00	3.00	0.00	0.00	100.00	55	5878.00	0.00	658712	583960	0.22	11376.50	0.00	0.00	0	perf_experiment
10:35:25 PM	1006	217917	98.00	2.00	0.00	0.00	100.00	55	1042.00	0.00	658712	583960	0.22	11432.00	0.00	0.00	0	perf_experiment
10:35:26 PM	1006	217917	98.00	2.00	0.00	0.00	100.00	55	716.00	0.00	658712	583960	0.22	11428.00	0.00	0.00	0	perf_experiment
10:35:27 PM	1006	217917	98.00	2.00	0.00	0.00	100.00	55	603.00	0.00	658712	583960	0.22	11387.00	0.00	0.00	0	perf_experiment
10:35:28 PM	1006	217917	98.00	2.00	0.00	0.00	100.00	55	571.00	0.00	658712	583960	0.22	11352.50	0.00	0.00	0	perf_experiment
10:35:29 PM	1006	217917	97.00	3.00	0.00	0.00	100.00	55	539.00	0.00	658712	583960	0.22	11437.50	0.00	0.00	0	perf_experiment
10:35:30 PM	1006	217917	97.00	3.00	0.00	0.00	100.00	55	531.00	0.00	658712	583960	0.22	11345.50	0.00	0.00	0	perf_experiment
10:35:31 PM	1006	217917	99.00	1.00	0.00	0.00	100.00	55	520.00	0.00	658712	583960	0.22	11400.50	0.00	0.00	0	perf_experiment
10:35:32 PM	1006	217917	98.00	2.00	0.00	0.00	100.00	55	523.00	0.00	658712	583960	0.22	11358.50	0.00	0.00	0	perf_experiment
10:35:33 PM	1006	217917	99.00	1.00	0.00	0.00	100.00	55	510.00	0.00	658712	583960	0.22	11457.00	0.00	0.00	0	perf_experiment
10:35:34 PM	1006	217917	98.00	2.00	0.00	0.00	100.00	55	499.00	0.00	658712	583968	0.22	11352.50	0.00	0.00	0	perf_experiment
10:35:35 PM	1006	217917	98.00	2.00	0.00	0.00	100.00	55	477.00	0.00	658712	583968	0.22	11397.50	0.00	0.00	0	perf_experiment
10:35:36 PM	1006	217917	99.00	1.00	0.00	0.00	100.00	55	434.00	0.00	658712	583968	0.22	11427.00	0.00	0.00	0	perf_experiment
10:35:37 PM	1006	217917	98.00	2.00	0.00	0.00	100.00	55	499.00	0.00	658712	583968	0.22	11421.00	0.00	0.00	0	perf_experiment
10:35:38 PM	1006	217917	98.00	2.00	0.00	0.00	100.00	55	451.00	0.00	658712	583968	0.22	11466.00	0.00	0.00	0	perf_experiment
10:35:39 PM	1006	217917	99.00	1.00	0.00	0.00	100.00	55	527.00	0.00	658712	583968	0.22	11419.00	0.00	0.00	0	perf_experiment
10:35:40 PM	1006	217917	99.00	1.00	0.00	0.00	100.00	55	494.00	0.00	658712	583968	0.22	11426.50	0.00	0.00	0	perf_experiment
10:35:41 PM	1006	217917	99.00	1.00	0.00	0.00	100.00	55	457.00	0.00	658712	583968	0.22	11403.50	0.00	0.00	0	perf_experiment
10:35:42 PM	1006	217917	98.00	2.00	0.00	0.00	100.00	55	425.00	0.00	658712	583968	0.22	11419.50	0.00	0.00	0	perf_experiment
10:35:43 PM	1006	217917	99.00	2.00	0.00	0.00	101.00	55	467.00	0.00	658712	583968	0.22	11383.00	0.00	0.00	0	perf_experiment
10:35:44 PM	1006	217917	96.00	3.00	0.00	0.00	99.00	55	622.00	0.00	658840	584000	0.22	11419.50	0.00	0.00	0	perf_experiment
10:35:45 PM	1006	217917	97.00	4.00	0.00	0.00	101.00	55	581.00	0.00	658840	584000	0.22	11350.00	0.00	0.00	0	perf_experiment
10:35:46 PM	1006	217917	97.00	2.00	0.00	0.00	99.00	55	610.00	0.00	658840	584000	0.22	11392.50	0.00	0.00	0	perf_experiment
10:35:47 PM	1006	217917	96.00	4.00	0.00	0.00	100.00	55	639.00	0.00	658840	584032	0.22	11448.50	0.00	0.00	0	perf_experiment
10:35:48 PM	1006	217917	99.00	2.00	0.00	0.00	101.00	55	533.00	0.00	658840	584040	0.22	11386.50	0.00	0.00	0	perf_experiment
10:35:49 PM	1006	217917	97.00	2.00	0.00	0.00	99.00	55	571.00	0.00	658840	584040	0.22	11341.50	0.00	0.00	0	perf_experiment
10:35:50 PM	1006	217917	96.00	4.00	0.00	0.00	100.00	55	534.00	0.00	658840	584040	0.22	11420.50	0.00	0.00	0	perf_experiment
10:35:51 PM	1006	217917	99.00	2.00	0.00	0.00	101.00	55	548.00	0.00	658840	584040	0.22	11358.50	0.00	0.00	0	perf_experiment
10:35:52 PM	1006	217917	98.00	1.00	0.00	0.00	99.00	55	561.00	0.00	658840	584040	0.22	11408.50	0.00	0.00	0	perf_experiment
10:35:53 PM	1006	217917	97.00	3.00	0.00	0.00	100.00	55	620.00	0.00	658840	584040	0.22	11407.50	0.00	0.00	0	perf_experiment
10:35:54 PM	1006	217917	97.00	3.00	0.00	0.00	100.00	55	560.00	0.00	658840	584040	0.22	11410.50	0.00	0.00	0	perf_experiment
10:35:55 PM	1006	217917	98.00	2.00	0.00	0.00	100.00	55	500.00	0.00	658840	584040	0.22	11459.50	0.00	0.00	0	perf_experiment
10:35:56 PM	1006	217917	98.00	2.00	0.00	0.00	100.00	55	552.00	0.00	658840	584040	0.22	11396.50	0.00	0.00	0	perf_experiment
10:35:57 PM	1006	217917	97.00	3.00	0.00	0.00	100.00	55	535.00	0.00	658840	584040	0.22	11397.50	0.00	0.00	0	perf_experiment
10:35:58 PM	1006	217917	98.00	3.00	0.00	0.00	101.00	55	558.00	0.00	658840	584040	0.22	11439.50	0.00	0.00	0	perf_experiment
10:35:59 PM	1006	217917	98.00	1.00	0.00	0.00	99.00	55	541.00	0.00	658840	584040	0.22	11376.00	0.00	0.00	0	perf_experiment
10:36:00 PM	1006	217917	98.00	2.00	0.00	0.00	100.00	55	573.00	0.00	658840	584040	0.22	11410.50	0.00	0.00	0	perf_experiment
10:36:01 PM	1006	217917	99.00	1.00	0.00	0.00	100.00	55	569.00	0.00	658840	584040	0.22	11382.50	0.00	0.00	0	perf_experiment
10:36:02 PM	1006	217917	97.00	3.00	0.00	0.00	100.00	55	479.00	0.00	658840	584040	0.22	11357.00	0.00	0.00	0	perf_experiment
10:36:03 PM	1006	217917	99.00	1.00	0.00	0.00	100.00	55	503.00	0.00	658840	584040	0.22	11412.00	0.00	0.00	0	perf_experiment
10:36:04 PM	1006	217917	97.00	4.00	0.00	0.00	101.00	55	530.00	0.00	658840	584040	0.22	11397.00	0.00	0.00	0	perf_experiment
10:36:05 PM	1006	217917	98.00	2.00	0.00	0.00	100.00	55	506.00	0.00	658840	584040	0.22	11448.00	0.00	0.00	0	perf_experiment
10:36:06 PM	1006	217917	97.00	2.00	0.00	0.00	99.00	55	473.00	0.00	658840	584040	0.22	11400.50	0.00	0.00	0	perf_experiment
10:36:07 PM	1006	217917	99.00	2.00	0.00	0.00	101.00	55	486.00	0.00	658840	584040	0.22	11443.50	0.00	0.00	0	perf_experiment
10:36:08 PM	1006	217917	99.00	0.00	0.00	0.00	99.00	55	459.00	0.00	658840	584040	0.22	11352.50	0.00	0.00	0	perf_experiment
10:36:09 PM	1006	217917	98.00	2.00	0.00	0.00	100.00	55	494.00	0.00	658840	584040	0.22	11413.00	0.00	0.00	0	perf_experiment
10:36:10 PM	1006	217917	99.00	1.00	0.00	0.00	100.00	55	507.00	0.00	658840	584064	0.22	11448.50	0.00	0.00	0	perf_experiment
10:36:11 PM	1006	217917	98.00	2.00	0.00	0.00	100.00	55	472.00	0.00	658840	584064	0.22	11365.00	0.00	0.00	0	perf_experiment
10:36:12 PM	1006	217917	100.00	1.00	0.00	0.00	101.00	55	453.00	0.00	658840	584064	0.22	11385.50	0.00	0.00	0	perf_experiment
10:36:13 PM	1006	217917	98.00	1.00	0.00	0.00	99.00	55	458.00	0.00	658840	584064	0.22	11378.50	0.00	0.00	0	perf_experiment
10:36:14 PM	1006	217917	98.00	2.00	0.00	0.00	100.00	55	511.00	0.00	658840	584064	0.22	11443.00	0.00	0.00	0	perf_experiment
10:36:15 PM	1006	217917	99.00	1.00	0.00	0.00	100.00	55	485.00	0.00	658840	584064	0.22	11388.50	0.00	0.00	0	perf_experiment
10:36:16 PM	1006	217917	98.00	2.00	0.00	0.00	100.00	55	502.00	0.00	658840	584064	0.22	11400.50	0.00	0.00	0	perf_experiment
10:36:17 PM	1006	217917	97.00	4.00	0.00	0.00	101.00	55	423.00	0.00	658840	584064	0.22	11468.50	0.00	0.00	0	perf_experiment
10:36:18 PM	1006	217917	98.00	1.00	0.00	0.00	99.00	55	436.00	0.00	658840	584064	0.22	11383.00	0.00	0.00	0	perf_experiment
10:36:19 PM	1006	217917	99.00	1.00	0.00	0.00	100.00	55	419.00	0.00	658840	584064	0.22	11425.50	0.00	0.00	0	perf_experiment
10:36:20 PM	1006	217917	96.04	3.96	0.00	0.00	100.00	55	422.77	0.00	658840	584064	0.22	11334.65	0.00	0.00	0	perf_experiment
10:36:21 PM	1006	217917	98.00	2.00	0.00	0.00	100.00	55	409.00	0.00	658840	584064	0.22	11400.50	0.00	0.00	0	perf_experiment
10:36:22 PM	1006	217917	96.00	4.00	0.00	0.00	100.00	55	406.00	0.00	658840	584064	0.22	11413.00	0.00	0.00	0	perf_experiment
10:36:23 PM	1006	217917	95.00	4.00	0.00	0.00	99.00	55	3261.00	0.00	658840	584064	0.22	11373.50	0.00	0.00	0	perf_experiment
10:36:24 PM	1006	217917	98.00	2.00	0.00	0.00	100.00	55	6039.00	0.00	658840	584096	0.22	11412.50	0.00	0.00	0	perf_experiment
10:36:25 PM	1006	217917	97.00	3.00	0.00	0.00	100.00	55	1025.00	0.00	658840	584096	0.22	11398.00	0.00	0.00	0	perf_experiment
10:36:26 PM	1006	217917	98.00	2.00	0.00	0.00	100.00	55	720.00	0.00	658840	584096	0.22	11406.50	0.00	0.00	0	perf_experiment
10:36:27 PM	1006	217917	98.00	2.00	0.00	0.00	100.00	55	617.00	0.00	658840	584096	0.22	11370.50	0.00	0.00	0	perf_experiment
10:36:28 PM	1006	217917	96.00	4.00	0.00	0.00	100.00	55	585.00	0.00	658840	584096	0.22	11379.00	0.00	0.00	0	perf_experiment
10:36:29 PM	1006	217917	99.00	2.00	0.00	0.00	101.00	55	565.00	0.00	658840	584096	0.22	11409.00	0.00	0.00	0	perf_experiment
10:36:30 PM	1006	217917	98.00	2.00	0.00	0.00	100.00	55	504.00	0.00	658976	584120	0.22	11396.50	0.00	0.00	0	perf_experiment
10:36:31 PM	1006	217917	98.00	1.00	0.00	0.00	99.00	55	538.00	0.00	658976	584120	0.22	11349.00	0.00	0.00	0	perf_experiment
10:36:32 PM	1006	217917	98.00	3.00	0.00	0.00	101.00	55	519.00	0.00	658976	584120	0.22	11412.00	0.00	0.00	0	perf_experiment
10:36:33 PM	1006	217917	97.00	3.00	0.00	0.00	100.00	55	541.00	0.00	658976	584128	0.22	11448.00	0.00	0.00	0	perf_experiment
10:36:34 PM	1006	217917	98.00	2.00	0.00	0.00	100.00	55	491.00	0.00	658976	584128	0.22	11402.00	0.00	0.00	0	perf_experiment
10:36:35 PM	1006	217917	99.00	0.00	0.00	0.00	99.00	55	530.00	0.00	658976	584128	0.22	11403.50	0.00	0.00	0	perf_experiment
10:36:36 PM	1006	217917	98.00	2.00	0.00	0.00	100.00	55	448.00	0.00	658976	584128	0.22	11402.00	0.00	0.00	0	perf_experiment
10:36:37 PM	1006	217917	99.00	2.00	0.00	0.00	101.00	55	506.00	0.00	658968	584152	0.22	11431.00	0.00	0.00	0	perf_experiment
10:36:38 PM	1006	217917	99.00	0.00	0.00	0.00	99.00	55	483.00	0.00	658968	584152	0.22	11441.50	0.00	0.00	0	perf_experiment
10:36:39 PM	1006	217917	98.00	3.00	0.00	0.00	101.00	55	472.00	0.00	658968	584152	0.22	11405.50	0.00	0.00	0	perf_experiment
10:36:40 PM	1006	217917	99.00	1.00	0.00	0.00	100.00	55	440.00	0.00	658968	584152	0.22	11447.50	0.00	0.00	0	perf_experiment
10:36:41 PM	1006	217917	99.00	0.00	0.00	0.00	99.00	55	469.00	0.00	658968	584152	0.22	11453.50	0.00	0.00	0	perf_experiment
10:36:42 PM	1006	217917	98.00	2.00	0.00	0.00	100.00	55	443.00	0.00	658968	584152	0.22	11397.50	0.00	0.00	0	perf_experiment
10:36:43 PM	1006	217917	99.00	1.00	0.00	0.00	100.00	55	507.00	0.00	658968	584152	0.22	11379.00	0.00	0.00	0	perf_experiment
10:36:44 PM	1006	217917	99.00	2.00	0.00	0.00	101.00	55	617.00	0.00	658968	584204	0.22	11394.00	0.00	0.00	0	perf_experiment
10:36:45 PM	1006	217917	96.00	3.00	0.00	0.00	99.00	55	624.00	0.00	658968	584204	0.22	11436.50	0.00	0.00	0	perf_experiment
10:36:46 PM	1006	217917	97.00	3.00	0.00	0.00	100.00	55	578.00	0.00	658968	584204	0.22	11364.50	0.00	0.00	0	perf_experiment
10:36:47 PM	1006	217917	98.00	3.00	0.00	0.00	101.00	55	601.00	0.00	658968	584204	0.22	11425.50	0.00	0.00	0	perf_experiment
10:36:48 PM	1006	217917	97.00	3.00	0.00	0.00	100.00	55	563.00	0.00	658968	584204	0.22	11392.00	0.00	0.00	0	perf_experiment
10:36:49 PM	1006	217917	95.00	5.00	0.00	0.00	100.00	55	592.00	0.00	658968	584204	0.22	11442.00	0.00	0.00	0	perf_experiment
10:36:50 PM	1006	217917	96.00	3.00	0.00	0.00	99.00	55	609.00	0.00	658968	584204	0.22	11435.00	0.00	0.00	0	perf_experiment
10:36:51 PM	1006	217917	99.00	1.00	0.00	0.00	100.00	55	525.00	0.00	658968	584204	0.22	11441.50	0.00	0.00	0	perf_experiment
10:36:52 PM	1006	217917	98.00	2.00	0.00	0.00	100.00	55	566.00	0.00	658968	584204	0.22	11371.00	0.00	0.00	0	perf_experiment
10:36:53 PM	1006	217917	98.00	2.00	0.00	0.00	100.00	55	584.00	0.00	658968	584204	0.22	11460.00	0.00	0.00	0	perf_experiment
10:36:54 PM	1006	217917	97.00	3.00	0.00	0.00	100.00	55	536.00	0.00	658968	584204	0.22	11397.00	0.00	0.00	0	perf_experiment
10:36:55 PM	1006	217917	98.00	2.00	0.00	0.00	100.00	55	552.00	0.00	658968	584204	0.22	11433.50	0.00	0.00	0	perf_experiment
10:36:56 PM	1006	217917	98.00	3.00	0.00	0.00	101.00	55	512.00	0.00	658968	584204	0.22	11397.50	0.00	0.00	0	perf_experiment
10:36:57 PM	1006	217917	97.00	2.00	0.00	0.00	99.00	55	559.00	0.00	658968	584204	0.22	11416.00	0.00	0.00	0	perf_experiment
10:36:58 PM	1006	217917	99.00	2.00	0.00	0.00	101.00	55	532.00	0.00	658968	584204	0.22	11380.50	0.00	0.00	0	perf_experiment
10:36:59 PM	1006	217917	97.00	2.00	0.00	0.00	99.00	55	525.00	0.00	658968	584204	0.22	11454.00	0.00	0.00	0	perf_experiment
10:37:00 PM	1006	217917	98.00	2.00	0.00	0.00	100.00	55	490.00	0.00	658968	584204	0.22	11428.50	0.00	0.00	0	perf_experiment
10:37:01 PM	1006	217917	100.00	1.00	0.00	0.00	101.00	55	502.00	0.00	658968	584204	0.22	11425.50	0.00	0.00	0	perf_experiment
10:37:02 PM	1006	217917	98.00	1.00	0.00	0.00	99.00	55	517.00	0.00	658968	584204	0.22	11437.50	0.00	0.00	0	perf_experiment
10:37:03 PM	1006	217917	99.00	2.00	0.00	0.00	101.00	55	530.00	0.00	658968	584204	0.22	11456.00	0.00	0.00	0	perf_experiment
10:37:04 PM	1006	217917	98.00	2.00	0.00	0.00	100.00	55	531.00	0.00	658968	584204	0.22	11419.00	0.00	0.00	0	perf_experiment
10:37:05 PM	1006	217917	98.00	1.00	0.00	0.00	99.00	55	491.00	0.00	658968	584204	0.22	11391.00	0.00	0.00	0	perf_experiment
10:37:06 PM	1006	217917	97.00	3.00	0.00	1.00	100.00	55	483.00	0.00	658968	584204	0.22	11429.00	0.00	0.00	0	perf_experiment
10:37:07 PM	1006	217917	98.00	2.00	0.00	0.00	100.00	55	504.00	0.00	658968	584204	0.22	11386.00	0.00	0.00	0	perf_experiment
10:37:08 PM	1006	217917	97.00	3.00	0.00	0.00	100.00	55	487.00	0.00	658968	584204	0.22	11377.00	0.00	0.00	0	perf_experiment
10:37:09 PM	1006	217917	99.00	1.00	0.00	0.00	100.00	55	505.00	0.00	658968	584204	0.22	11379.00	0.00	0.00	0	perf_experiment
10:37:10 PM	1006	217917	99.00	2.00	0.00	0.00	101.00	55	498.00	0.00	658968	584204	0.22	11375.00	0.00	0.00	0	perf_experiment
10:37:11 PM	1006	217917	98.00	1.00	0.00	0.00	99.00	55	488.00	0.00	658968	584204	0.22	11431.00	0.00	0.00	0	perf_experiment
10:37:12 PM	1006	217917	99.00	1.00	0.00	0.00	100.00	55	462.00	0.00	658968	584204	0.22	11390.50	0.00	0.00	0	perf_experiment
10:37:13 PM	1006	217917	98.00	2.00	0.00	0.00	100.00	55	482.00	0.00	658968	584204	0.22	11404.00	0.00	0.00	0	perf_experiment
10:37:14 PM	1006	217917	99.00	1.00	0.00	0.00	100.00	55	497.00	0.00	658968	584204	0.22	11376.50	0.00	0.00	0	perf_experiment
10:37:15 PM	1006	217917	98.00	2.00	0.00	0.00	100.00	55	430.00	0.00	658968	584204	0.22	11389.00	0.00	0.00	0	perf_experiment
10:37:16 PM	1006	217917	97.00	4.00	0.00	0.00	101.00	55	424.00	0.00	658968	584220	0.22	11505.50	0.00	0.00	0	perf_experiment
10:37:17 PM	1006	217917	98.00	2.00	0.00	0.00	100.00	55	433.00	0.00	658968	584220	0.22	11408.00	0.00	0.00	0	perf_experiment
10:37:18 PM	1006	217917	97.00	3.00	0.00	0.00	100.00	55	408.00	0.00	658968	584220	0.22	11385.00	0.00	0.00	0	perf_experiment
10:37:19 PM	1006	217917	98.00	2.00	0.00	0.00	100.00	55	449.00	0.00	658968	584220	0.22	11453.00	0.00	0.00	0	perf_experiment
10:37:20 PM	1006	217917	99.00	1.00	0.00	0.00	100.00	55	464.00	0.00	658968	584220	0.22	11392.00	0.00	0.00	0	perf_experiment
10:37:21 PM	1006	217917	99.00	1.00	0.00	0.00	100.00	55	451.00	0.00	658968	584220	0.22	11412.00	0.00	0.00	0	perf_experiment
10:37:22 PM	1006	217917	97.00	2.00	0.00	0.00	99.00	55	458.00	0.00	658968	584220	0.22	11460.50	0.00	0.00	0	perf_experiment
10:37:23 PM	1006	217917	99.00	2.00	0.00	0.00	101.00	55	2423.00	0.00	658968	584220	0.22	11300.50	0.00	0.00	0	perf_experiment
10:37:24 PM	1006	217917	97.00	2.00	0.00	0.00	99.00	55	7021.00	0.00	658968	584220	0.22	11321.00	0.00	0.00	0	perf_experiment
10:37:25 PM	1006	217917	98.00	2.00	0.00	0.00	100.00	55	1026.00	0.00	658968	584220	0.22	11415.00	0.00	0.00	0	perf_experiment
10:37:26 PM	1006	217917	99.00	2.00	0.00	0.00	101.00	55	689.00	0.00	658968	584220	0.22	11419.00	0.00	0.00	0	perf_experiment
10:37:27 PM	1006	217917	98.00	2.00	0.00	0.00	100.00	55	644.00	0.00	658968	584220	0.22	11377.00	0.00	0.00	0	perf_experiment
10:37:28 PM	1006	217917	99.00	1.00	0.00	0.00	100.00	55	555.00	0.00	658968	584220	0.22	11408.50	0.00	0.00	0	perf_experiment
10:37:29 PM	1006	217917	97.00	2.00	0.00	0.00	99.00	55	539.00	0.00	658968	584220	0.22	11410.00	0.00	0.00	0	perf_experiment
10:37:30 PM	1006	217917	99.00	2.00	0.00	0.00	101.00	55	527.00	0.00	659100	584252	0.22	11417.00	0.00	0.00	0	perf_experiment
10:37:31 PM	1006	217917	98.00	1.00	0.00	0.00	99.00	55	494.00	0.00	659100	584252	0.22	11366.00	0.00	0.00	0	perf_experiment
10:37:32 PM	1006	217917	99.00	2.00	0.00	0.00	101.00	55	493.00	0.00	659100	584252	0.22	11432.00	0.00	0.00	0	perf_experiment
10:37:33 PM	1006	217917	95.00	4.00	0.00	0.00	99.00	55	521.00	0.00	659100	584252	0.22	11412.00	0.00	0.00	0	perf_experiment
10:37:34 PM	1006	217917	98.00	3.00	0.00	0.00	101.00	55	471.00	0.00	659100	584252	0.22	11381.00	0.00	0.00	0	perf_experiment
10:37:35 PM	1006	217917	97.00	2.00	0.00	0.00	99.00	55	489.00	0.00	659100	584252	0.22	11404.50	0.00	0.00	0	perf_experiment
10:37:36 PM	1006	217917	97.00	4.00	0.00	0.00	101.00	55	464.00	0.00	659100	584252	0.22	11460.00	0.00	0.00	0	perf_experiment
10:37:37 PM	1006	217917	97.00	3.00	0.00	0.00	100.00	55	468.00	0.00	659100	584252	0.22	11375.50	0.00	0.00	0	perf_experiment
10:37:38 PM	1006	217917	98.00	1.00	0.00	0.00	99.00	55	489.00	0.00	659100	584252	0.22	11397.50	0.00	0.00	0	perf_experiment
10:37:39 PM	1006	217917	98.00	2.00	0.00	0.00	100.00	55	503.00	0.00	659100	584252	0.22	11362.00	0.00	0.00	0	perf_experiment
10:37:40 PM	1006	217917	98.00	2.00	0.00	0.00	100.00	55	439.00	0.00	659100	584252	0.22	11397.50	0.00	0.00	0	perf_experiment
10:37:41 PM	1006	217917	98.00	2.00	0.00	0.00	100.00	55	446.00	0.00	659100	584252	0.22	11458.00	0.00	0.00	0	perf_experiment
10:37:42 PM	1006	217917	98.00	3.00	0.00	0.00	101.00	55	466.00	0.00	659100	584252	0.22	11406.00	0.00	0.00	0	perf_experiment
10:37:43 PM	1006	217917	98.00	2.00	0.00	0.00	100.00	55	503.00	0.00	659100	584308	0.22	11284.50	0.00	0.00	0	perf_experiment
10:37:44 PM	1006	217917	97.00	3.00	0.00	0.00	100.00	55	634.00	0.00	659100	584308	0.22	11375.50	0.00	0.00	0	perf_experiment
10:37:45 PM	1006	217917	98.00	2.00	0.00	0.00	100.00	55	633.00	0.00	659100	584308	0.22	11382.50	0.00	0.00	0	perf_experiment
10:37:46 PM	1006	217917	96.00	3.00	0.00	0.00	99.00	55	565.00	0.00	659100	584308	0.22	11386.00	0.00	0.00	0	perf_experiment
10:37:47 PM	1006	217917	97.00	4.00	0.00	0.00	101.00	55	544.00	0.00	659100	584308	0.22	11403.50	0.00	0.00	0	perf_experiment
10:37:48 PM	1006	217917	97.00	2.00	0.00	0.00	99.00	55	605.00	0.00	659100	584308	0.22	11390.50	0.00	0.00	0	perf_experiment
10:37:49 PM	1006	217917	100.00	1.00	0.00	0.00	101.00	55	574.00	0.00	659100	584308	0.22	11437.50	0.00	0.00	0	perf_experiment
10:37:50 PM	1006	217917	99.00	1.00	0.00	0.00	100.00	55	577.00	0.00	659100	584308	0.22	11406.00	0.00	0.00	0	perf_experiment
10:37:51 PM	1006	217917	97.00	3.00	0.00	0.00	100.00	55	545.00	0.00	659100	584308	0.22	11466.00	0.00	0.00	0	perf_experiment
10:37:52 PM	1006	217917	97.00	3.00	0.00	0.00	100.00	55	543.00	0.00	659100	584308	0.22	11393.00	0.00	0.00	0	perf_experiment
10:37:53 PM	1006	217917	98.00	1.00	0.00	0.00	99.00	55	573.00	0.00	659100	584308	0.22	11422.50	0.00	0.00	0	perf_experiment
10:37:54 PM	1006	217917	98.00	3.00	0.00	0.00	101.00	55	540.00	0.00	659100	584308	0.22	11409.00	0.00	0.00	0	perf_experiment
10:37:55 PM	1006	217917	98.00	2.00	0.00	0.00	100.00	55	603.00	0.00	659100	584308	0.22	11407.50	0.00	0.00	0	perf_experiment
10:37:56 PM	1006	217917	99.00	1.00	0.00	0.00	100.00	55	560.00	0.00	659100	584348	0.22	11399.50	0.00	0.00	0	perf_experiment
10:37:57 PM	1006	217917	98.00	1.00	0.00	0.00	99.00	55	521.00	0.00	659100	584348	0.22	11446.50	0.00	0.00	0	perf_experiment
10:37:58 PM	1006	217917	96.00	5.00	0.00	0.00	101.00	55	574.00	0.00	659100	584348	0.22	11442.50	0.00	0.00	0	perf_experiment
10:37:59 PM	1006	217917	98.00	1.00	0.00	0.00	99.00	55	518.00	0.00	659100	584348	0.22	11434.00	0.00	0.00	0	perf_experiment
10:38:00 PM	1006	217917	98.00	2.00	0.00	0.00	100.00	55	541.00	0.00	659100	584348	0.22	11487.50	0.00	0.00	0	perf_experiment
10:38:01 PM	1006	217917	98.00	3.00	0.00	0.00	101.00	55	457.00	0.00	659100	584348	0.22	11381.50	0.00	0.00	0	perf_experiment
10:38:02 PM	1006	217917	100.00	0.00	0.00	0.00	100.00	55	538.00	0.00	659100	584348	0.22	11404.00	0.00	0.00	0	perf_experiment
10:38:03 PM	1006	217917	98.00	2.00	0.00	0.00	100.00	55	550.00	0.00	659100	584348	0.22	11388.00	0.00	0.00	0	perf_experiment
10:38:04 PM	1006	217917	97.00	3.00	0.00	0.00	100.00	55	501.00	0.00	659100	584348	0.22	11399.50	0.00	0.00	0	perf_experiment
10:38:05 PM	1006	217917	97.00	2.00	0.00	0.00	99.00	55	531.00	0.00	659100	584348	0.22	11420.50	0.00	0.00	0	perf_experiment
10:38:06 PM	1006	217917	98.00	3.00	0.00	0.00	101.00	55	459.00	0.00	659100	584348	0.22	11430.00	0.00	0.00	0	perf_experiment
10:38:07 PM	1006	217917	98.00	2.00	0.00	0.00	100.00	55	540.00	0.00	659100	584348	0.22	11465.00	0.00	0.00	0	perf_experiment
10:38:08 PM	1006	217917	99.00	1.00	0.00	0.00	100.00	55	438.00	0.00	659100	584348	0.22	11422.00	0.00	0.00	0	perf_experiment
10:38:09 PM	1006	217917	99.00	1.00	0.00	0.00	100.00	55	504.00	0.00	659100	584348	0.22	11399.00	0.00	0.00	0	perf_experiment
10:38:10 PM	1006	217917	100.00	0.00	0.00	0.00	100.00	55	487.00	0.00	659100	584348	0.22	11394.50	0.00	0.00	0	perf_experiment
10:38:11 PM	1006	217917	98.00	2.00	0.00	0.00	100.00	55	470.00	0.00	659100	584348	0.22	11397.00	0.00	0.00	0	perf_experiment
10:38:12 PM	1006	217917	98.00	1.00	0.00	0.00	99.00	55	497.00	0.00	659100	584348	0.22	11336.00	0.00	0.00	0	perf_experiment
10:38:13 PM	1006	217917	98.00	2.00	0.00	0.00	100.00	55	470.00	0.00	659100	584348	0.22	11417.50	0.00	0.00	0	perf_experiment
10:38:14 PM	1006	217917	99.01	0.99	0.00	0.00	100.00	55	482.18	0.00	659100	584348	0.22	11307.43	0.00	0.00	0	perf_experiment
10:38:15 PM	1006	217917	97.00	3.00	0.00	0.00	100.00	55	416.00	0.00	659100	584348	0.22	11399.50	0.00	0.00	0	perf_experiment
10:38:16 PM	1006	217917	96.00	3.00	0.00	0.00	99.00	55	447.00	0.00	659100	584348	0.22	11418.50	0.00	0.00	0	perf_experiment
10:38:17 PM	1006	217917	97.00	4.00	0.00	0.00	101.00	55	401.00	0.00	659100	584348	0.22	11451.00	0.00	0.00	0	perf_experiment
10:38:18 PM	1006	217917	98.00	2.00	0.00	0.00	100.00	55	450.00	0.00	659100	584348	0.22	11438.00	0.00	0.00	0	perf_experiment
10:38:19 PM	1006	217917	99.00	1.00	0.00	0.00	100.00	55	409.00	0.00	659100	584348	0.22	11401.00	0.00	0.00	0	perf_experiment
10:38:20 PM	1006	217917	99.00	0.00	0.00	0.00	99.00	55	468.00	0.00	659100	584348	0.22	11376.50	0.00	0.00	0	perf_experiment
10:38:21 PM	1006	217917	97.00	3.00	0.00	0.00	100.00	55	386.00	0.00	659100	584348	0.22	11399.00	0.00	0.00	0	perf_experiment
10:38:22 PM	1006	217917	100.00	1.00	0.00	0.00	101.00	55	446.00	0.00	659236	584348	0.22	11437.50	0.00	0.00	0	perf_experiment
10:38:23 PM	1006	217917	98.00	2.00	0.00	0.00	100.00	55	1759.00	0.00	659220	584380	0.22	11338.50	0.00	0.00	0	perf_experiment
10:38:24 PM	1006	217917	97.00	2.00	0.00	0.00	99.00	55	7599.00	0.00	659220	584380	0.22	11334.50	0.00	0.00	0	perf_experiment
10:38:25 PM	1006	217917	97.00	4.00	0.00	0.00	101.00	55	1063.00	0.00	659220	584380	0.22	11424.00	0.00	0.00	0	perf_experiment
10:38:26 PM	1006	217917	99.00	1.00	0.00	0.00	100.00	55	665.00	0.00	659220	584404	0.22	11493.00	0.00	0.00	0	perf_experiment
10:38:27 PM	1006	217917	98.00	1.00	0.00	0.00	99.00	55	597.00	0.00	659220	584404	0.22	11463.00	0.00	0.00	0	perf_experiment
10:38:28 PM	1006	217917	98.00	2.00	0.00	0.00	100.00	55	594.00	0.00	659220	584404	0.22	11410.50	0.00	0.00	0	perf_experiment
10:38:29 PM	1006	217917	98.00	2.00	0.00	0.00	100.00	55	566.00	0.00	659220	584404	0.22	11447.00	0.00	0.00	0	perf_experiment
10:38:30 PM	1006	217917	97.00	4.00	0.00	0.00	101.00	55	541.00	0.00	659220	584404	0.22	11396.50	0.00	0.00	0	perf_experiment
10:38:31 PM	1006	217917	99.00	0.00	0.00	0.00	99.00	55	507.00	0.00	659220	584404	0.22	11424.00	0.00	0.00	0	perf_experiment
10:38:32 PM	1006	217917	97.00	4.00	0.00	0.00	101.00	55	498.00	0.00	659220	584404	0.22	11438.00	0.00	0.00	0	perf_experiment
10:38:33 PM	1006	217917	100.00	0.00	0.00	0.00	100.00	55	519.00	0.00	659220	584420	0.22	11410.50	0.00	0.00	0	perf_experiment
10:38:34 PM	1006	217917	98.00	2.00	0.00	0.00	100.00	55	496.00	0.00	659220	584420	0.22	11398.50	0.00	0.00	0	perf_experiment
10:38:35 PM	1006	217917	98.00	2.00	0.00	0.00	100.00	55	542.00	0.00	659220	584420	0.22	11362.00	0.00	0.00	0	perf_experiment
10:38:36 PM	1006	217917	98.00	1.00	0.00	0.00	99.00	55	445.00	0.00	659220	584420	0.22	11388.50	0.00	0.00	0	perf_experiment
10:38:37 PM	1006	217917	100.00	1.00	0.00	0.00	101.00	55	494.00	0.00	659220	584420	0.22	11444.50	0.00	0.00	0	perf_experiment
10:38:38 PM	1006	217917	98.00	2.00	0.00	0.00	100.00	55	473.00	0.00	659220	584420	0.22	11450.50	0.00	0.00	0	perf_experiment
10:38:39 PM	1006	217917	97.00	3.00	0.00	0.00	100.00	55	506.00	0.00	659220	584420	0.22	11472.00	0.00	0.00	0	perf_experiment
10:38:40 PM	1006	217917	97.00	3.00	0.00	0.00	100.00	55	485.00	0.00	659220	584420	0.22	11467.00	0.00	0.00	0	perf_experiment
10:38:41 PM	1006	217917	98.00	2.00	0.00	0.00	100.00	55	491.00	0.00	659220	584420	0.22	11422.50	0.00	0.00	0	perf_experiment
10:38:42 PM	1006	217917	98.00	1.00	0.00	0.00	99.00	55	490.00	0.00	659220	584444	0.22	11412.00	0.00	0.00	0	perf_experiment
10:38:43 PM	1006	217917	100.00	1.00	0.00	0.00	101.00	55	452.00	0.00	659220	584444	0.22	11352.00	0.00	0.00	0	perf_experiment
10:38:44 PM	1006	217917	97.00	2.00	0.00	0.00	99.00	55	579.00	0.00	659220	584444	0.22	11445.00	0.00	0.00	0	perf_experiment
10:38:45 PM	1006	217917	99.00	2.00	0.00	0.00	101.00	55	584.00	0.00	659220	584444	0.22	11433.00	0.00	0.00	0	perf_experiment
10:38:46 PM	1006	217917	98.00	2.00	0.00	0.00	100.00	55	625.00	0.00	659220	584444	0.22	11385.00	0.00	0.00	0	perf_experiment
10:38:47 PM	1006	217917	98.00	2.00	0.00	0.00	100.00	55	601.00	0.00	659220	584444	0.22	11448.00	0.00	0.00	0	perf_experiment
10:38:48 PM	1006	217917	99.00	1.00	0.00	0.00	100.00	55	617.00	0.00	659220	584444	0.22	11401.00	0.00	0.00	0	perf_experiment
10:38:49 PM	1006	217917	97.00	3.00	0.00	0.00	100.00	55	573.00	0.00	659220	584444	0.22	11359.50	0.00	0.00	0	perf_experiment
10:38:50 PM	1006	217917	98.00	2.00	0.00	0.00	100.00	55	564.00	0.00	659220	584444	0.22	11412.50	0.00	0.00	0	perf_experiment
10:38:51 PM	1006	217917	99.00	1.00	0.00	0.00	100.00	55	573.00	0.00	659220	584444	0.22	11426.00	0.00	0.00	0	perf_experiment
10:38:52 PM	1006	217917	99.00	1.00	0.00	0.00	100.00	55	594.00	0.00	659220	584444	0.22	11393.00	0.00	0.00	0	perf_experiment
10:38:53 PM	1006	217917	99.00	1.00	0.00	0.00	100.00	55	569.00	0.00	659220	584444	0.22	11360.00	0.00	0.00	0	perf_experiment
10:38:54 PM	1006	217917	96.00	3.00	0.00	0.00	99.00	55	574.00	0.00	659220	584444	0.22	11389.50	0.00	0.00	0	perf_experiment
10:38:55 PM	1006	217917	99.00	2.00	0.00	0.00	101.00	55	569.00	0.00	659220	584444	0.22	11428.50	0.00	0.00	0	perf_experiment
10:38:56 PM	1006	217917	99.00	1.00	0.00	0.00	100.00	55	556.00	0.00	659220	584444	0.22	11385.50	0.00	0.00	0	perf_experiment
10:38:57 PM	1006	217917	97.00	3.00	0.00	0.00	100.00	55	533.00	0.00	659220	584444	0.22	11412.50	0.00	0.00	0	perf_experiment
10:38:58 PM	1006	217917	99.00	1.00	0.00	0.00	100.00	55	541.00	0.00	659220	584444	0.22	11410.00	0.00	0.00	0	perf_experiment
10:38:59 PM	1006	217917	98.00	1.00	0.00	0.00	99.00	55	519.00	0.00	659220	584444	0.22	11405.50	0.00	0.00	0	perf_experiment
10:39:00 PM	1006	217917	98.00	3.00	0.00	0.00	101.00	55	524.00	0.00	659220	584444	0.22	11432.50	0.00	0.00	0	perf_experiment
10:39:01 PM	1006	217917	100.00	0.00	0.00	0.00	100.00	55	549.00	0.00	659220	584444	0.22	11448.00	0.00	0.00	0	perf_experiment
10:39:02 PM	1006	217917	97.00	3.00	0.00	0.00	100.00	55	502.00	0.00	659220	584476	0.22	11406.00	0.00	0.00	0	perf_experiment
10:39:03 PM	1006	217917	99.00	1.00	0.00	0.00	100.00	55	531.00	0.00	659220	584476	0.22	11419.50	0.00	0.00	0	perf_experiment
10:39:04 PM	1006	217917	98.00	2.00	0.00	0.00	100.00	55	498.00	0.00	659220	584476	0.22	11385.50	0.00	0.00	0	perf_experiment
10:39:05 PM	1006	217917	98.00	1.00	0.00	0.00	99.00	55	471.00	0.00	659220	584476	0.22	11448.50	0.00	0.00	0	perf_experiment
10:39:06 PM	1006	217917	98.00	2.00	0.00	0.00	100.00	55	457.00	0.00	659220	584476	0.22	11409.00	0.00	0.00	0	perf_experiment
10:39:07 PM	1006	217917	100.00	0.00	0.00	0.00	100.00	55	493.00	0.00	659220	584476	0.22	11426.50	0.00	0.00	0	perf_experiment
10:39:08 PM	1006	217917	100.00	1.00	0.00	0.00	101.00	55	449.00	0.00	659220	584476	0.22	11408.00	0.00	0.00	0	perf_experiment
10:39:09 PM	1006	217917	97.00	3.00	0.00	0.00	100.00	55	495.00	0.00	659220	584476	0.22	11371.00	0.00	0.00	0	perf_experiment
10:39:10 PM	1006	217917	96.00	4.00	0.00	0.00	100.00	55	457.00	0.00	659220	584476	0.22	11391.00	0.00	0.00	0	perf_experiment
10:39:11 PM	1006	217917	98.00	2.00	0.00	0.00	100.00	55	438.00	0.00	659220	584476	0.22	11437.00	0.00	0.00	0	perf_experiment
10:39:12 PM	1006	217917	99.00	1.00	0.00	0.00	100.00	55	426.00	0.00	659220	584476	0.22	11436.00	0.00	0.00	0	perf_experiment
10:39:13 PM	1006	217917	98.00	2.00	0.00	0.00	100.00	55	489.00	0.00	659220	584476	0.22	11430.50	0.00	0.00	0	perf_experiment
10:39:14 PM	1006	217917	99.00	1.00	0.00	0.00	100.00	55	457.00	0.00	659220	584476	0.22	11425.50	0.00	0.00	0	perf_experiment
10:39:15 PM	1006	217917	99.00	0.00	0.00	0.00	99.00	55	494.00	0.00	659356	584508	0.22	11382.50	0.00	0.00	0	perf_experiment
10:39:16 PM	1006	217917	99.00	2.00	0.00	0.00	101.00	55	424.00	0.00	659356	584508	0.22	11387.00	0.00	0.00	0	perf_experiment
10:39:17 PM	1006	217917	97.00	3.00	0.00	0.00	100.00	55	435.00	0.00	659356	584508	0.22	11464.00	0.00	0.00	0	perf_experiment
10:39:18 PM	1006	217917	98.00	2.00	0.00	0.00	100.00	55	453.00	0.00	659356	584508	0.22	11443.50	0.00	0.00	0	perf_experiment
10:39:19 PM	1006	217917	98.00	1.00	0.00	0.00	99.00	55	429.00	0.00	659356	584508	0.22	11442.50	0.00	0.00	0	perf_experiment
10:39:20 PM	1006	217917	97.00	4.00	0.00	0.00	101.00	55	429.00	0.00	659356	584508	0.22	11449.50	0.00	0.00	0	perf_experiment
10:39:21 PM	1006	217917	97.00	3.00	0.00	0.00	100.00	55	442.00	0.00	659356	584508	0.22	11404.00	0.00	0.00	0	perf_experiment
10:39:22 PM	1006	217917	97.00	3.00	0.00	0.00	100.00	55	429.00	0.00	659356	584508	0.22	11391.00	0.00	0.00	0	perf_experiment
10:39:23 PM	1006	217917	98.00	2.00	0.00	0.00	100.00	55	872.00	0.00	659356	584508	0.22	11401.50	0.00	0.00	0	perf_experiment
10:39:24 PM	1006	217917	98.00	2.00	0.00	0.00	100.00	55	8545.00	0.00	659356	584508	0.22	11364.00	0.00	0.00	0	perf_experiment
