Time	UID	PID	%usr	%system	%guest	%wait	%CPU	CPU	minflt/s	majflt/s	VSZ	RSS	%MEM	kB_rd/s	kB_wr/s	kB_ccwr/s	iodelay	Command
12:24:16 PM	1006	221634	71.00	28.00	0.00	0.00	99.00	52	145446.00	0.00	661872	587000	0.22	0.00	4.00	0.00	0	perf_experiment
12:24:17 PM	1006	221634	82.00	14.00	0.00	0.00	96.00	52	46912.00	0.00	666888	592060	0.22	0.00	65536.00	0.00	4	perf_experiment
12:24:18 PM	1006	221634	78.00	12.00	0.00	0.00	90.00	52	44589.00	0.00	671244	596372	0.23	0.00	163840.00	0.00	10	perf_experiment
12:24:19 PM	1006	221634	75.00	14.00	0.00	0.00	89.00	52	51388.00	0.00	675600	600760	0.23	0.00	163840.00	0.00	11	perf_experiment
12:24:20 PM	1006	221634	69.00	17.00	0.00	0.00	86.00	52	58830.00	0.00	679692	604892	0.23	0.00	196608.00	0.00	13	perf_experiment
12:24:21 PM	1006	221634	73.00	16.00	0.00	0.00	89.00	52	59760.00	0.00	683784	608972	0.23	0.00	163840.00	0.00	11	perf_experiment
12:24:22 PM	1006	221634	74.00	16.00	0.00	0.00	90.00	52	62972.00	0.00	687876	613012	0.23	0.00	163840.00	0.00	10	perf_experiment
12:24:23 PM	1006	221634	76.00	13.00	0.00	0.00	89.00	52	42614.00	0.00	691836	617068	0.23	0.00	163840.00	0.00	12	perf_experiment
12:24:24 PM	1006	221634	78.00	10.00	0.00	0.00	88.00	52	31543.00	0.00	695928	620956	0.24	0.00	163840.00	0.00	11	perf_experiment
12:24:25 PM	1006	221634	49.00	50.00	0.00	0.00	99.00	52	19941.00	0.00	696988	622304	0.24	9781.50	32768.00	0.00	2	perf_experiment
12:24:26 PM	1006	221634	39.00	60.00	0.00	0.00	99.00	52	1131.00	0.00	697124	622416	0.24	12279.00	0.00	0.00	0	perf_experiment
12:24:27 PM	1006	221634	38.00	63.00	0.00	0.00	101.00	52	1710.00	0.00	697252	622552	0.24	12865.00	0.00	0.00	0	perf_experiment
12:24:28 PM	1006	221634	36.00	64.00	0.00	0.00	100.00	52	1116.00	0.00	697380	622660	0.24	12394.00	0.00	0.00	0	perf_experiment
12:24:29 PM	1006	221634	34.00	66.00	0.00	0.00	100.00	52	1132.00	0.00	697504	622772	0.24	12309.00	0.00	0.00	0	perf_experiment
12:24:30 PM	1006	221634	35.00	62.00	0.00	0.00	97.00	52	9314.00	0.00	697632	622868	0.24	12465.50	32768.00	0.00	2	perf_experiment
12:24:31 PM	1006	221634	37.00	63.00	0.00	0.00	100.00	52	1709.00	0.00	697632	622980	0.24	12820.50	0.00	0.00	0	perf_experiment
12:24:32 PM	1006	221634	31.00	70.00	0.00	0.00	101.00	52	1111.00	0.00	697760	623084	0.24	12358.50	0.00	0.00	0	perf_experiment
12:24:33 PM	1006	221634	35.00	64.00	0.00	0.00	99.00	52	1132.00	0.00	697888	623200	0.24	12541.50	0.00	0.00	0	perf_experiment
12:24:34 PM	1006	221634	39.00	62.00	0.00	0.00	101.00	52	1159.00	0.00	698012	623320	0.24	12591.50	0.00	0.00	0	perf_experiment
12:24:35 PM	1006	221634	38.00	61.00	0.00	0.00	99.00	52	1150.00	0.00	698148	623456	0.24	12703.50	0.00	0.00	0	perf_experiment
12:24:36 PM	1006	221634	41.00	59.00	0.00	0.00	100.00	52	1575.00	0.00	698276	623552	0.24	12499.00	0.00	0.00	0	perf_experiment
12:24:37 PM	1006	221634	33.00	68.00	0.00	0.00	101.00	52	1245.00	0.00	698408	623644	0.24	12803.00	0.00	0.00	0	perf_experiment
12:24:38 PM	1006	221634	36.00	62.00	0.00	0.00	98.00	52	9320.00	0.00	698408	623756	0.24	12549.00	32768.00	0.00	2	perf_experiment
12:24:39 PM	1006	221634	35.00	64.00	0.00	0.00	99.00	52	1126.00	0.00	698536	623868	0.24	12493.50	0.00	0.00	0	perf_experiment
12:24:40 PM	1006	221634	40.00	60.00	0.00	0.00	100.00	52	1170.00	0.00	698672	623976	0.24	12969.00	0.00	0.00	0	perf_experiment
12:24:41 PM	1006	221634	35.00	66.00	0.00	0.00	101.00	52	1150.00	0.00	698804	624108	0.24	12460.50	0.00	0.00	0	perf_experiment
12:24:42 PM	1006	221634	35.00	65.00	0.00	0.00	100.00	52	1161.00	0.00	698936	624248	0.24	12853.50	0.00	0.00	0	perf_experiment
12:24:43 PM	1006	221634	35.00	65.00	0.00	0.00	100.00	52	1464.00	0.00	699060	624336	0.24	12627.50	0.00	0.00	0	perf_experiment
12:24:44 PM	1006	221634	40.00	60.00	0.00	0.00	100.00	52	1372.00	0.00	699196	624460	0.24	12815.50	0.00	0.00	0	perf_experiment
12:24:45 PM	1006	221634	36.00	61.00	0.00	0.00	97.00	52	9333.00	0.00	699328	624540	0.24	12568.00	32768.00	0.00	2	perf_experiment
12:24:46 PM	1006	221634	38.00	62.00	0.00	0.00	100.00	52	1159.00	0.00	699328	624676	0.24	12800.50	0.00	0.00	0	perf_experiment
12:24:47 PM	1006	221634	45.00	55.00	0.00	0.00	100.00	52	1181.00	0.00	699464	624776	0.24	13167.00	0.00	0.00	0	perf_experiment
12:24:48 PM	1006	221634	41.00	59.00	0.00	0.00	100.00	52	1182.00	0.00	699596	624904	0.24	13096.50	0.00	0.00	0	perf_experiment
12:24:49 PM	1006	221634	37.00	64.00	0.00	0.00	101.00	52	1197.00	0.00	699724	625032	0.24	12986.00	0.00	0.00	0	perf_experiment
12:24:50 PM	1006	221634	39.00	60.00	0.00	0.00	99.00	52	1215.00	0.00	699852	625136	0.24	13174.00	0.00	0.00	0	perf_experiment
12:24:51 PM	1006	221634	34.00	66.00	0.00	0.00	100.00	52	1220.00	0.00	699976	625272	0.24	12950.00	0.00	0.00	0	perf_experiment
12:24:52 PM	1006	221634	37.00	61.00	0.00	0.00	98.00	52	8876.00	0.00	700108	625312	0.24	12235.50	32768.00	0.00	2	perf_experiment
12:24:53 PM	1006	221634	35.00	65.00	0.00	0.00	100.00	52	1709.00	0.00	700240	625484	0.24	13118.00	0.00	0.00	0	perf_experiment
12:24:54 PM	1006	221634	37.00	64.00	0.00	0.00	101.00	52	1222.00	0.00	700240	625588	0.24	12595.00	0.00	0.00	0	perf_experiment
12:24:55 PM	1006	221634	32.00	68.00	0.00	0.00	100.00	52	1202.00	0.00	700376	625708	0.24	12746.00	0.00	0.00	0	perf_experiment
12:24:56 PM	1006	221634	42.00	57.00	0.00	0.00	99.00	52	1181.00	0.00	700512	625820	0.24	12788.50	0.00	0.00	0	perf_experiment
12:24:57 PM	1006	221634	40.00	60.00	0.00	0.00	100.00	52	1132.00	0.00	700648	625932	0.24	12516.00	0.00	0.00	0	perf_experiment
12:24:58 PM	1006	221634	42.00	58.00	0.00	0.00	100.00	52	1160.00	0.00	700784	626048	0.24	12888.50	0.00	0.00	0	perf_experiment
12:24:59 PM	1006	221634	39.00	59.00	0.00	0.00	98.00	52	9346.00	0.00	700900	626168	0.24	12323.50	32768.00	0.00	3	perf_experiment
12:25:00 PM	1006	221634	36.00	64.00	0.00	0.00	100.00	52	1156.00	0.00	700900	626256	0.24	12620.50	0.00	0.00	0	perf_experiment
12:25:01 PM	1006	221634	38.00	62.00	0.00	0.00	100.00	52	1172.00	0.00	701156	626392	0.24	12884.50	0.00	0.00	0	perf_experiment
12:25:02 PM	1006	221634	37.00	63.00	0.00	0.00	100.00	52	1156.00	0.00	701156	626484	0.24	12463.00	0.00	0.00	0	perf_experiment
12:25:03 PM	1006	221634	37.00	63.00	0.00	0.00	100.00	52	1126.00	0.00	701288	626596	0.24	12498.00	0.00	0.00	0	perf_experiment
12:25:04 PM	1006	221634	37.00	63.00	0.00	0.00	100.00	20	1631.00	0.00	701424	626740	0.24	12503.00	0.00	0.00	0	perf_experiment
12:25:05 PM	1006	221634	29.00	71.00	0.00	0.00	100.00	20	1361.00	0.00	701548	626848	0.24	12669.50	0.00	0.00	0	perf_experiment
12:25:06 PM	1006	221634	35.00	65.00	0.00	0.00	100.00	20	1190.00	0.00	701684	626952	0.24	12832.50	0.00	0.00	0	perf_experiment
12:25:07 PM	1006	221634	34.00	64.00	0.00	0.00	98.00	20	9289.00	0.00	701684	627040	0.24	11661.50	32768.00	0.00	2	perf_experiment
12:25:08 PM	1006	221634	41.00	59.00	0.00	0.00	100.00	20	1288.00	0.00	701820	627148	0.24	13154.00	0.00	0.00	0	perf_experiment
12:25:09 PM	1006	221634	35.00	65.00	0.00	0.00	100.00	20	1166.00	0.00	701952	627268	0.24	12164.50	0.00	0.00	0	perf_experiment
12:25:10 PM	1006	221634	35.00	65.00	0.00	0.00	100.00	20	1198.00	0.00	702080	627388	0.24	12977.50	0.00	0.00	0	perf_experiment
12:25:11 PM	1006	221634	40.00	60.00	0.00	0.00	100.00	20	1138.00	0.00	702208	627520	0.24	12357.50	0.00	0.00	0	perf_experiment
12:25:12 PM	1006	221634	38.00	62.00	0.00	0.00	100.00	20	1119.00	0.00	702340	627648	0.24	12375.50	0.00	0.00	0	perf_experiment
12:25:13 PM	1006	221634	43.00	57.00	0.00	0.00	100.00	20	1178.00	0.00	702476	627744	0.24	12874.50	0.00	0.00	0	perf_experiment
12:25:14 PM	1006	221634	37.00	61.00	0.00	0.00	98.00	20	9340.00	0.00	702600	627836	0.24	12309.00	32768.00	0.00	2	perf_experiment
12:25:15 PM	1006	221634	40.00	60.00	0.00	0.00	100.00	20	1127.00	0.00	702600	627940	0.24	12506.50	0.00	0.00	0	perf_experiment
12:25:16 PM	1006	221634	37.00	63.00	0.00	0.00	100.00	20	1165.00	0.00	702736	628052	0.24	12563.00	0.00	0.00	0	perf_experiment
12:25:17 PM	1006	221634	37.00	63.00	0.00	0.00	100.00	20	1132.00	0.00	702864	628180	0.24	12430.50	0.00	0.00	0	perf_experiment
12:25:18 PM	1006	221634	38.00	62.00	0.00	0.00	100.00	20	1175.00	0.00	703000	628308	0.24	12961.50	0.00	0.00	0	perf_experiment
12:25:19 PM	1006	221634	43.00	57.00	0.00	0.00	100.00	20	1131.00	0.00	703120	628404	0.24	12182.00	0.00	0.00	0	perf_experiment
12:25:20 PM	1006	221634	37.00	63.00	0.00	0.00	100.00	20	1849.00	0.00	703248	628516	0.24	12559.50	0.00	0.00	0	perf_experiment
12:25:21 PM	1006	221634	30.69	67.33	0.00	0.00	98.02	20	1258.42	0.00	703372	628632	0.24	12888.61	0.00	0.00	0	perf_experiment
12:25:22 PM	1006	221634	35.00	63.00	0.00	0.00	98.00	20	8640.00	0.00	703500	628736	0.24	11916.00	32768.00	0.00	2	perf_experiment
12:25:23 PM	1006	221634	36.00	65.00	0.00	0.00	101.00	20	137.00	0.00	703500	628832	0.24	12890.00	0.00	0.00	0	perf_experiment
12:25:24 PM	1006	221634	35.00	65.00	0.00	0.00	100.00	20	127.00	0.00	703628	628940	0.24	12144.00	0.00	0.00	0	perf_experiment
12:25:25 PM	1006	221634	42.00	57.00	0.00	0.00	99.00	20	73.00	0.00	703752	628988	0.24	13023.50	0.00	0.00	0	perf_experiment
12:25:26 PM	1006	221634	38.00	63.00	0.00	0.00	101.00	20	726.00	0.00	703888	629180	0.24	12464.50	0.00	0.00	0	perf_experiment
12:25:27 PM	1006	221634	35.00	65.00	0.00	0.00	100.00	20	1128.00	0.00	704024	629284	0.24	12340.50	0.00	0.00	0	perf_experiment
12:25:28 PM	1006	221634	34.00	65.00	0.00	0.00	99.00	20	1178.00	0.00	704156	629400	0.24	12826.50	0.00	0.00	0	perf_experiment
12:25:29 PM	1006	221634	35.00	64.00	0.00	0.00	99.00	20	9283.00	0.00	704156	629504	0.24	12078.00	32768.00	0.00	2	perf_experiment
12:25:30 PM	1006	221634	34.00	66.00	0.00	0.00	100.00	20	1161.00	0.00	704284	629612	0.24	12721.50	0.00	0.00	0	perf_experiment
12:25:31 PM	1006	221634	42.00	58.00	0.00	0.00	100.00	20	1162.00	0.00	704404	629720	0.24	12549.50	0.00	0.00	0	perf_experiment
12:25:32 PM	1006	221634	37.00	62.00	0.00	0.00	99.00	20	1159.00	0.00	704536	629844	0.24	12629.00	0.00	0.00	0	perf_experiment
12:25:33 PM	1006	221634	40.00	61.00	0.00	0.00	101.00	20	1159.00	0.00	704672	629972	0.24	12698.50	0.00	0.00	0	perf_experiment
12:25:34 PM	1006	221634	33.00	66.00	0.00	0.00	99.00	20	1135.00	0.00	704800	630104	0.24	12276.50	0.00	0.00	0	perf_experiment
12:25:35 PM	1006	221634	37.00	64.00	0.00	0.00	101.00	20	1141.00	0.00	704924	630184	0.24	12658.00	0.00	0.00	0	perf_experiment
12:25:36 PM	1006	221634	34.00	65.00	0.00	0.00	99.00	20	1188.00	0.00	705052	630288	0.24	12855.00	0.00	0.00	0	perf_experiment
12:25:37 PM	1006	221634	38.00	61.00	0.00	0.00	99.00	20	8347.00	0.00	705052	630352	0.24	11943.50	32768.00	0.00	2	perf_experiment
12:25:38 PM	1006	221634	39.00	61.00	0.00	0.00	100.00	20	67.00	0.00	705312	630548	0.24	12833.50	0.00	0.00	0	perf_experiment
12:25:39 PM	1006	221634	34.00	66.00	0.00	0.00	100.00	20	52.00	0.00	705312	630612	0.24	12309.50	0.00	0.00	0	perf_experiment
12:25:40 PM	1006	221634	34.00	65.00	0.00	0.00	99.00	20	903.00	0.00	705448	630732	0.24	12957.00	0.00	0.00	0	perf_experiment
12:25:41 PM	1006	221634	34.00	67.00	0.00	0.00	101.00	20	200.00	0.00	705584	630840	0.24	12490.00	0.00	0.00	0	perf_experiment
12:25:42 PM	1006	221634	38.00	62.00	0.00	0.00	100.00	20	170.00	0.00	705708	630944	0.24	12314.00	0.00	0.00	0	perf_experiment
12:25:43 PM	1006	221634	34.00	66.00	0.00	0.00	100.00	20	187.00	0.00	705836	631072	0.24	12747.50	0.00	0.00	0	perf_experiment
12:25:44 PM	1006	221634	34.00	63.00	0.00	0.00	97.00	20	8369.00	0.00	705836	631184	0.24	12009.50	32768.00	0.00	3	perf_experiment
12:25:45 PM	1006	221634	42.00	59.00	0.00	0.00	101.00	20	107.00	0.00	705964	631272	0.24	12724.00	0.00	0.00	0	perf_experiment
12:25:46 PM	1006	221634	37.00	62.00	0.00	0.00	99.00	20	38.00	0.00	706100	631272	0.24	12576.00	0.00	0.00	0	perf_experiment
12:25:47 PM	1006	221634	38.00	62.00	0.00	0.00	100.00	20	41.00	0.00	706232	631456	0.24	12715.50	0.00	0.00	0	perf_experiment
12:25:48 PM	1006	221634	42.00	58.00	0.00	0.00	100.00	20	902.00	0.00	706360	631640	0.24	12666.00	0.00	0.00	0	perf_experiment
12:25:49 PM	1006	221634	35.00	65.00	0.00	0.00	100.00	20	1105.00	0.00	706484	631760	0.24	12271.50	0.00	0.00	0	perf_experiment
12:25:50 PM	1006	221634	41.00	59.00	0.00	0.00	100.00	20	1151.00	0.00	706620	631844	0.24	12718.50	0.00	0.00	0	perf_experiment
12:25:51 PM	1006	221634	35.00	66.00	0.00	0.00	101.00	20	1139.00	0.00	706744	631980	0.24	12379.00	0.00	0.00	0	perf_experiment
12:25:52 PM	1006	221634	39.00	58.00	0.00	0.00	97.00	20	9333.00	0.00	706744	632068	0.24	12491.00	32768.00	0.00	2	perf_experiment
12:25:53 PM	1006	221634	39.00	62.00	0.00	0.00	101.00	20	1138.00	0.00	706872	632176	0.24	12545.00	0.00	0.00	0	perf_experiment
12:25:54 PM	1006	221634	38.00	62.00	0.00	0.00	100.00	20	1111.00	0.00	707004	632320	0.24	12285.50	0.00	0.00	0	perf_experiment
12:25:55 PM	1006	221634	42.00	57.00	0.00	0.00	99.00	20	1185.00	0.00	707140	632424	0.24	13141.50	0.00	0.00	0	perf_experiment
12:25:56 PM	1006	221634	41.00	59.00	0.00	0.00	100.00	20	1168.00	0.00	707276	632528	0.24	12394.00	0.00	0.00	0	perf_experiment
12:25:57 PM	1006	221634	35.00	65.00	0.00	0.00	100.00	20	1121.00	0.00	707276	632624	0.24	12406.50	0.00	0.00	0	perf_experiment
12:25:58 PM	1006	221634	31.00	69.00	0.00	0.00	100.00	20	1165.00	0.00	707404	632752	0.24	12832.50	0.00	0.00	0	perf_experiment
12:25:59 PM	1006	221634	31.00	67.00	0.00	0.00	98.00	20	8724.00	0.00	707540	632824	0.24	11884.00	32768.00	0.00	2	perf_experiment
12:26:00 PM	1006	221634	36.00	65.00	0.00	0.00	101.00	20	69.00	0.00	707676	632872	0.24	12589.00	0.00	0.00	0	perf_experiment
12:26:01 PM	1006	221634	41.00	58.00	0.00	0.00	99.00	20	68.00	0.00	707800	633036	0.24	12603.00	0.00	0.00	0	perf_experiment
12:26:02 PM	1006	221634	36.00	64.00	0.00	0.00	100.00	20	47.00	0.00	707932	633160	0.24	12940.00	0.00	0.00	0	perf_experiment
12:26:03 PM	1006	221634	35.00	65.00	0.00	0.00	100.00	20	54.00	0.00	708056	633300	0.24	12672.50	0.00	0.00	0	perf_experiment
12:26:04 PM	1006	221634	37.00	63.00	0.00	0.00	100.00	20	56.00	0.00	708184	633420	0.24	12361.50	0.00	0.00	0	perf_experiment
12:26:05 PM	1006	221634	43.00	58.00	0.00	0.00	101.00	20	62.00	0.00	708308	633544	0.24	12948.00	0.00	0.00	0	perf_experiment
12:26:06 PM	1006	221634	32.00	65.00	0.00	0.00	97.00	20	9171.00	0.00	708308	633624	0.24	11689.50	32768.00	0.00	2	perf_experiment
12:26:07 PM	1006	221634	32.00	68.00	0.00	0.00	100.00	20	293.00	0.00	708436	633756	0.24	12945.50	0.00	0.00	0	perf_experiment
12:26:08 PM	1006	221634	31.00	69.00	0.00	0.00	100.00	20	297.00	0.00	708560	633868	0.24	12233.00	0.00	0.00	0	perf_experiment
12:26:09 PM	1006	221634	39.00	61.00	0.00	0.00	100.00	20	261.00	0.00	708696	634000	0.24	12705.50	0.00	0.00	0	perf_experiment
12:26:10 PM	1006	221634	41.00	59.00	0.00	0.00	100.00	20	257.00	0.00	708820	634104	0.24	12851.00	0.00	0.00	0	perf_experiment
12:26:11 PM	1006	221634	36.00	64.00	0.00	0.00	100.00	20	124.00	0.00	708956	634136	0.24	12481.50	0.00	0.00	0	perf_experiment
12:26:12 PM	1006	221634	39.00	61.00	0.00	0.00	100.00	20	42.00	0.00	708956	634248	0.24	12492.00	0.00	0.00	0	perf_experiment
12:26:13 PM	1006	221634	37.00	63.00	0.00	0.00	100.00	20	40.00	0.00	709092	634416	0.24	12600.50	0.00	0.00	0	perf_experiment
12:26:14 PM	1006	221634	41.00	56.00	0.00	0.00	97.00	20	8229.00	0.00	709228	634468	0.24	12083.50	32768.00	0.00	2	perf_experiment
12:26:15 PM	1006	221634	37.00	64.00	0.00	0.00	101.00	20	36.00	0.00	709360	634604	0.24	12801.50	0.00	0.00	0	perf_experiment
12:26:16 PM	1006	221634	36.00	63.00	0.00	0.00	99.00	20	31.00	0.00	709496	634604	0.24	12277.00	0.00	0.00	0	perf_experiment
12:26:17 PM	1006	221634	36.00	64.00	0.00	0.00	100.00	20	1023.00	0.00	709628	634872	0.24	12863.00	0.00	0.00	0	perf_experiment
12:26:18 PM	1006	221634	38.00	62.00	0.00	0.00	100.00	20	1156.00	0.00	709760	634976	0.24	12756.50	0.00	0.00	0	perf_experiment
12:26:19 PM	1006	221634	39.00	61.00	0.00	0.00	100.00	20	1113.00	0.00	709760	635108	0.24	12316.00	0.00	0.00	0	perf_experiment
12:26:20 PM	1006	221634	35.00	65.00	0.00	0.00	100.00	20	1167.00	0.00	709896	635212	0.24	12929.50	0.00	0.00	0	perf_experiment
12:26:21 PM	1006	221634	34.00	65.00	0.00	0.00	99.00	20	9060.00	0.00	710032	635300	0.24	11818.50	32768.00	0.00	2	perf_experiment
12:26:22 PM	1006	221634	41.00	59.00	0.00	0.00	100.00	20	47.00	0.00	710156	635392	0.24	12826.50	0.00	0.00	0	perf_experiment
12:26:23 PM	1006	221634	42.00	58.00	0.00	0.00	100.00	20	37.00	0.00	710284	635520	0.24	12412.00	0.00	0.00	0	perf_experiment
12:26:24 PM	1006	221634	31.00	68.00	0.00	0.00	99.00	20	36.00	0.00	710420	635520	0.24	12623.00	0.00	0.00	0	perf_experiment
12:26:25 PM	1006	221634	40.00	60.00	0.00	0.00	100.00	20	50.00	0.00	710420	635704	0.24	12824.00	0.00	0.00	0	perf_experiment
12:26:26 PM	1006	221634	37.00	63.00	0.00	0.00	100.00	20	72.00	0.00	710536	635780	0.24	12446.50	0.00	0.00	0	perf_experiment
12:26:27 PM	1006	221634	34.00	66.00	0.00	0.00	100.00	20	45.00	0.00	710672	635876	0.24	12737.00	0.00	0.00	0	perf_experiment
12:26:28 PM	1006	221634	39.00	62.00	0.00	0.00	101.00	20	39.00	0.00	710808	636064	0.24	12475.50	0.00	0.00	0	perf_experiment
12:26:29 PM	1006	221634	34.00	63.00	0.00	0.00	97.00	20	8233.00	0.00	710940	636232	0.24	12140.50	32768.00	0.00	2	perf_experiment
12:26:30 PM	1006	221634	42.00	58.00	0.00	0.00	100.00	20	35.00	0.00	711068	636304	0.24	12624.00	0.00	0.00	0	perf_experiment
12:26:31 PM	1006	221634	37.00	64.00	0.00	0.00	101.00	20	56.00	0.00	711192	636428	0.24	12418.50	0.00	0.00	0	perf_experiment
12:26:32 PM	1006	221634	41.00	58.00	0.00	0.00	99.00	20	40.00	0.00	711192	636428	0.24	12837.00	0.00	0.00	0	perf_experiment
12:26:33 PM	1006	221634	38.00	63.00	0.00	0.00	101.00	20	57.00	0.00	711320	636556	0.24	12864.50	0.00	0.00	0	perf_experiment
12:26:34 PM	1006	221634	36.00	63.00	0.00	0.00	99.00	20	55.00	0.00	711448	636684	0.24	11972.50	0.00	0.00	0	perf_experiment
12:26:35 PM	1006	221634	34.00	66.00	0.00	0.00	100.00	20	47.00	0.00	711572	636808	0.24	13256.00	0.00	0.00	0	perf_experiment
12:26:36 PM	1006	221634	31.00	67.00	0.00	0.00	98.00	20	8246.00	0.00	711708	636960	0.24	11713.50	32768.00	0.00	3	perf_experiment
12:26:37 PM	1006	221634	36.00	64.00	0.00	0.00	100.00	20	57.00	0.00	711840	637056	0.24	13033.00	0.00	0.00	0	perf_experiment
12:26:38 PM	1006	221634	34.00	66.00	0.00	0.00	100.00	20	57.00	0.00	711968	637212	0.24	12768.00	0.00	0.00	0	perf_experiment
12:26:39 PM	1006	221634	38.00	62.00	0.00	0.00	100.00	20	47.00	0.00	712104	637212	0.24	12573.50	0.00	0.00	0	perf_experiment
12:26:40 PM	1006	221634	33.00	67.00	0.00	0.00	100.00	20	1237.00	0.00	712104	637448	0.24	12941.50	0.00	0.00	0	perf_experiment
12:26:41 PM	1006	221634	37.00	63.00	0.00	0.00	100.00	20	368.00	0.00	712232	637544	0.24	12216.00	0.00	0.00	0	perf_experiment
12:26:42 PM	1006	221634	39.00	61.00	0.00	0.00	100.00	20	537.00	0.00	712364	637648	0.24	13073.50	0.00	0.00	0	perf_experiment
12:26:43 PM	1006	221634	41.00	59.00	0.00	0.00	100.00	20	55.00	0.00	712492	637728	0.24	12598.50	0.00	0.00	0	perf_experiment
12:26:44 PM	1006	221634	36.00	62.00	0.00	0.00	98.00	20	8231.00	0.00	712620	637856	0.24	12657.00	32768.00	0.00	2	perf_experiment
12:26:45 PM	1006	221634	37.00	63.00	0.00	0.00	100.00	20	72.00	0.00	712744	637980	0.24	12931.00	0.00	0.00	0	perf_experiment
12:26:46 PM	1006	221634	37.00	63.00	0.00	0.00	100.00	20	290.00	0.00	712880	638140	0.24	12854.50	0.00	0.00	0	perf_experiment
12:26:47 PM	1006	221634	35.00	64.00	0.00	0.00	99.00	20	183.00	0.00	713016	638188	0.24	13048.50	0.00	0.00	0	perf_experiment
12:26:48 PM	1006	221634	39.00	62.00	0.00	0.00	101.00	20	58.00	0.00	713144	638380	0.24	13414.50	0.00	0.00	0	perf_experiment
12:26:49 PM	1006	221634	34.00	66.00	0.00	0.00	100.00	20	27.00	0.00	713144	638380	0.24	12675.50	0.00	0.00	0	perf_experiment
12:26:50 PM	1006	221634	38.00	62.00	0.00	0.00	100.00	20	48.00	0.00	713276	638568	0.24	13087.00	0.00	0.00	0	perf_experiment
12:26:51 PM	1006	221634	31.00	66.00	0.00	0.00	97.00	20	8243.00	0.00	713404	638640	0.24	12299.00	32768.00	0.00	2	perf_experiment
12:26:52 PM	1006	221634	39.00	62.00	0.00	0.00	101.00	20	39.00	0.00	713540	638824	0.24	13048.00	0.00	0.00	0	perf_experiment
12:26:53 PM	1006	221634	36.00	64.00	0.00	0.00	100.00	20	595.00	0.00	713672	638956	0.24	13145.00	0.00	0.00	0	perf_experiment
12:26:54 PM	1006	221634	40.00	59.00	0.00	0.00	99.00	20	1146.00	0.00	713808	639068	0.24	12512.50	0.00	0.00	0	perf_experiment
12:26:55 PM	1006	221634	33.00	68.00	0.00	0.00	101.00	20	1169.00	0.00	713808	639164	0.24	12850.50	0.00	0.00	0	perf_experiment
12:26:56 PM	1006	221634	38.00	62.00	0.00	0.00	100.00	20	1136.00	0.00	713944	639280	0.24	12475.50	0.00	0.00	0	perf_experiment
12:26:57 PM	1006	221634	39.00	61.00	0.00	0.00	100.00	20	1180.00	0.00	714076	639384	0.24	12929.00	0.00	0.00	0	perf_experiment
12:26:58 PM	1006	221634	33.00	64.00	0.00	0.00	97.00	20	9318.00	0.00	714212	639508	0.24	12315.50	32768.00	0.00	3	perf_experiment
12:26:59 PM	1006	221634	41.00	59.00	0.00	0.00	100.00	20	1150.00	0.00	714324	639648	0.24	12417.50	0.00	0.00	0	perf_experiment
12:27:00 PM	1006	221634	36.00	64.00	0.00	0.00	100.00	20	1199.00	0.00	714460	639736	0.24	13213.00	0.00	0.00	0	perf_experiment
12:27:01 PM	1006	221634	39.00	61.00	0.00	0.00	100.00	20	1147.00	0.00	714596	639864	0.24	12540.00	0.00	0.00	0	perf_experiment
12:27:02 PM	1006	221634	39.00	61.00	0.00	0.00	100.00	20	1145.00	0.00	714728	639940	0.24	12532.00	0.00	0.00	0	perf_experiment
12:27:03 PM	1006	221634	38.00	63.00	0.00	0.00	101.00	20	1168.00	0.00	714724	640064	0.24	12836.00	0.00	0.00	0	perf_experiment
12:27:04 PM	1006	221634	36.00	64.00	0.00	0.00	100.00	20	1126.00	0.00	714852	640168	0.24	12294.00	0.00	0.00	0	perf_experiment
12:27:05 PM	1006	221634	36.00	61.00	0.00	0.00	97.00	20	9309.00	0.00	714980	640300	0.24	12479.00	32768.00	0.00	2	perf_experiment
12:27:06 PM	1006	221634	42.00	58.00	0.00	0.00	100.00	20	57.00	0.00	715104	640340	0.24	12350.50	0.00	0.00	0	perf_experiment
12:27:07 PM	1006	221634	37.00	63.00	0.00	0.00	100.00	20	46.00	0.00	715236	640456	0.24	12664.00	0.00	0.00	0	perf_experiment
12:27:08 PM	1006	221634	41.00	60.00	0.00	0.00	101.00	20	44.00	0.00	715372	640628	0.24	12779.50	0.00	0.00	0	perf_experiment
12:27:09 PM	1006	221634	40.00	59.00	0.00	1.00	99.00	20	36.00	0.00	715508	640628	0.24	12397.50	0.00	0.00	0	perf_experiment
12:27:10 PM	1006	221634	44.00	56.00	0.00	0.00	100.00	20	47.00	0.00	715508	640816	0.24	12829.00	0.00	0.00	0	perf_experiment
12:27:11 PM	1006	221634	41.00	59.00	0.00	0.00	100.00	20	42.00	0.00	715644	640816	0.24	12365.00	0.00	0.00	0	perf_experiment
12:27:12 PM	1006	221634	34.00	66.00	0.00	0.00	100.00	20	41.00	0.00	715776	640968	0.24	12691.50	0.00	0.00	0	perf_experiment
12:27:13 PM	1006	221634	39.00	59.00	0.00	0.00	98.00	20	8231.00	0.00	715912	641148	0.24	12022.50	32768.00	0.00	2	perf_experiment
12:27:14 PM	1006	221634	35.00	65.00	0.00	0.00	100.00	20	43.00	0.00	716036	641272	0.24	12483.00	0.00	0.00	0	perf_experiment
12:27:15 PM	1006	221634	41.00	59.00	0.00	0.00	100.00	20	47.00	0.00	716172	641272	0.24	12894.00	0.00	0.00	0	perf_experiment
12:27:16 PM	1006	221634	35.00	65.00	0.00	0.00	100.00	20	47.00	0.00	716172	641432	0.24	12695.50	0.00	0.00	0	perf_experiment
12:27:17 PM	1006	221634	32.00	68.00	0.00	0.00	100.00	20	40.00	0.00	716292	641536	0.24	12236.50	0.00	0.00	0	perf_experiment
12:27:18 PM	1006	221634	37.00	62.00	0.00	0.00	99.00	20	41.00	0.00	716424	641724	0.24	12913.50	0.00	0.00	0	perf_experiment
12:27:19 PM	1006	221634	42.00	58.00	0.00	0.00	100.00	20	53.00	0.00	716544	641788	0.24	12364.00	0.00	0.00	0	perf_experiment
12:27:20 PM	1006	221634	42.00	56.00	0.00	0.00	98.00	20	8241.00	0.00	716676	641984	0.24	12342.50	32768.00	0.00	2	perf_experiment
12:27:21 PM	1006	221634	38.00	63.00	0.00	0.00	101.00	20	46.00	0.00	716812	642104	0.24	12483.00	0.00	0.00	0	perf_experiment
12:27:22 PM	1006	221634	39.00	61.00	0.00	0.00	100.00	20	42.00	0.00	716948	642104	0.24	12709.50	0.00	0.00	0	perf_experiment
12:27:23 PM	1006	221634	42.57	56.44	0.00	0.00	99.01	20	44.55	0.00	717080	642252	0.24	12702.48	0.00	0.00	0	perf_experiment
12:27:24 PM	1006	221634	39.00	61.00	0.00	0.00	100.00	20	1386.00	0.00	717080	642412	0.24	12172.50	0.00	0.00	0	perf_experiment
12:27:25 PM	1006	221634	38.00	62.00	0.00	0.00	100.00	20	462.00	0.00	717216	642524	0.24	13017.00	0.00	0.00	0	perf_experiment
12:27:26 PM	1006	221634	38.00	61.00	0.00	0.00	99.00	20	453.00	0.00	717348	642664	0.24	12197.00	0.00	0.00	0	perf_experiment
12:27:27 PM	1006	221634	38.00	63.00	0.00	0.00	101.00	20	502.00	0.00	717476	642744	0.24	13018.50	0.00	0.00	0	perf_experiment
12:27:28 PM	1006	221634	32.00	65.00	0.00	0.00	97.00	20	8230.00	0.00	717612	642804	0.24	12095.50	32768.00	0.00	2	perf_experiment
12:27:29 PM	1006	221634	33.00	67.00	0.00	0.00	100.00	20	34.00	0.00	717612	642804	0.24	12268.50	0.00	0.00	0	perf_experiment
12:27:30 PM	1006	221634	40.00	60.00	0.00	0.00	100.00	20	44.00	0.00	717744	642996	0.24	12879.50	0.00	0.00	0	perf_experiment
12:27:31 PM	1006	221634	37.00	63.00	0.00	0.00	100.00	20	233.00	0.00	717872	643184	0.24	12786.00	0.00	0.00	0	perf_experiment
12:27:32 PM	1006	221634	33.00	67.00	0.00	0.00	100.00	20	363.00	0.00	718004	643288	0.24	12326.50	0.00	0.00	0	perf_experiment
12:27:33 PM	1006	221634	37.00	64.00	0.00	0.00	101.00	20	54.00	0.00	718140	643312	0.24	12727.50	0.00	0.00	0	perf_experiment
12:27:34 PM	1006	221634	35.00	65.00	0.00	0.00	100.00	20	41.00	0.00	718276	643488	0.24	12529.00	0.00	0.00	0	perf_experiment
12:27:35 PM	1006	221634	38.00	59.00	0.00	0.00	97.00	20	8237.00	0.00	718408	643644	0.24	12252.00	32768.00	0.00	2	perf_experiment
12:27:36 PM	1006	221634	39.00	62.00	0.00	0.00	101.00	20	39.00	0.00	718408	643644	0.24	12392.00	0.00	0.00	0	perf_experiment
12:27:37 PM	1006	221634	34.00	65.00	0.00	0.00	99.00	20	45.00	0.00	718544	643792	0.24	12726.00	0.00	0.00	0	perf_experiment
12:27:38 PM	1006	221634	39.00	62.00	0.00	0.00	101.00	20	52.00	0.00	718676	643956	0.24	12889.00	0.00	0.00	0	perf_experiment
12:27:39 PM	1006	221634	34.00	66.00	0.00	0.00	100.00	20	39.00	0.00	718812	643956	0.24	12034.50	0.00	0.00	0	perf_experiment
12:27:40 PM	1006	221634	37.00	62.00	0.00	0.00	99.00	20	49.00	0.00	718940	644128	0.24	13308.50	0.00	0.00	0	perf_experiment
12:27:41 PM	1006	221634	38.00	62.00	0.00	0.00	100.00	20	575.00	0.00	719076	644328	0.24	12318.50	0.00	0.00	0	perf_experiment
12:27:42 PM	1006	221634	32.00	68.00	0.00	0.00	100.00	20	1184.00	0.00	719196	644440	0.24	12940.50	0.00	0.00	0	perf_experiment
12:27:43 PM	1006	221634	37.00	61.00	0.00	0.00	98.00	20	8357.00	0.00	719196	644464	0.24	12332.00	32768.00	0.00	3	perf_experiment
12:27:44 PM	1006	221634	38.00	62.00	0.00	0.00	100.00	20	50.00	0.00	719328	644608	0.24	12386.50	0.00	0.00	0	perf_experiment
12:27:45 PM	1006	221634	41.00	59.00	0.00	0.00	100.00	20	45.00	0.00	719456	644692	0.24	12934.50	0.00	0.00	0	perf_experiment
12:27:46 PM	1006	221634	40.00	61.00	0.00	0.00	101.00	20	51.00	0.00	719588	644856	0.24	12845.50	0.00	0.00	0	perf_experiment
12:27:47 PM	1006	221634	39.00	60.00	0.00	0.00	99.00	20	42.00	0.00	719724	644856	0.24	12476.50	0.00	0.00	0	perf_experiment
12:27:48 PM	1006	221634	39.00	61.00	0.00	0.00	100.00	20	46.00	0.00	719840	645084	0.24	13012.50	0.00	0.00	0	perf_experiment
12:27:49 PM	1006	221634	41.00	59.00	0.00	0.00	100.00	20	46.00	0.00	719968	645204	0.24	12800.50	0.00	0.00	0	perf_experiment
12:27:50 PM	1006	221634	40.00	58.00	0.00	0.00	98.00	20	8233.00	0.00	720100	645284	0.24	12385.00	32768.00	0.00	2	perf_experiment
12:27:51 PM	1006	221634	41.00	59.00	0.00	0.00	100.00	20	43.00	0.00	720100	645356	0.24	12976.50	0.00	0.00	0	perf_experiment
12:27:52 PM	1006	221634	38.00	62.00	0.00	0.00	100.00	20	44.00	0.00	720228	645464	0.24	12635.00	0.00	0.00	0	perf_experiment
12:27:53 PM	1006	221634	40.00	60.00	0.00	0.00	100.00	20	51.00	0.00	720352	645588	0.24	13005.00	0.00	0.00	0	perf_experiment
12:27:54 PM	1006	221634	37.00	63.00	0.00	0.00	100.00	20	43.00	0.00	720488	645756	0.24	12422.00	0.00	0.00	0	perf_experiment
12:27:55 PM	1006	221634	34.00	66.00	0.00	0.00	100.00	20	42.00	0.00	720616	645848	0.24	13322.50	0.00	0.00	0	perf_experiment
12:27:56 PM	1006	221634	40.00	61.00	0.00	0.00	101.00	20	46.00	0.00	720740	645976	0.24	12559.00	0.00	0.00	0	perf_experiment
12:27:57 PM	1006	221634	38.00	58.00	0.00	0.00	96.00	20	8231.00	0.00	720876	646132	0.24	12619.00	32768.00	0.00	2	perf_experiment
12:27:58 PM	1006	221634	38.00	63.00	0.00	0.00	101.00	20	231.00	0.00	721008	646268	0.24	12801.00	0.00	0.00	0	perf_experiment
12:27:59 PM	1006	221634	34.00	66.00	0.00	0.00	100.00	20	1169.00	0.00	721132	646368	0.25	12833.00	0.00	0.00	0	perf_experiment
12:28:00 PM	1006	221634	42.00	58.00	0.00	0.00	100.00	20	1137.00	0.00	721132	646464	0.25	12474.50	0.00	0.00	0	perf_experiment
12:28:01 PM	1006	221634	40.00	60.00	0.00	0.00	100.00	20	1204.00	0.00	721260	646588	0.25	13243.00	0.00	0.00	0	perf_experiment
12:28:02 PM	1006	221634	34.00	65.00	0.00	0.00	99.00	20	1142.00	0.00	721392	646700	0.25	12514.00	0.00	0.00	0	perf_experiment
12:28:03 PM	1006	221634	38.00	63.00	0.00	0.00	101.00	20	1165.00	0.00	721528	646824	0.25	12700.50	0.00	0.00	0	perf_experiment
12:28:04 PM	1006	221634	39.00	61.00	0.00	0.00	100.00	20	1158.00	0.00	721652	646936	0.25	12679.50	0.00	0.00	0	perf_experiment
12:28:05 PM	1006	221634	36.00	61.00	0.00	0.00	97.00	20	8359.00	0.00	721780	647016	0.25	12368.00	32768.00	0.00	2	perf_experiment
12:28:06 PM	1006	221634	38.00	62.00	0.00	0.00	100.00	20	48.00	0.00	721916	647016	0.25	12868.50	0.00	0.00	0	perf_experiment
12:28:07 PM	1006	221634	40.00	60.00	0.00	0.00	100.00	20	38.00	0.00	721916	647192	0.25	12407.00	0.00	0.00	0	perf_experiment
12:28:08 PM	1006	221634	35.00	65.00	0.00	0.00	100.00	20	50.00	0.00	722052	647356	0.25	13051.50	0.00	0.00	0	perf_experiment
12:28:09 PM	1006	221634	35.00	66.00	0.00	0.00	101.00	20	44.00	0.00	722184	647356	0.25	12326.50	0.00	0.00	0	perf_experiment
12:28:10 PM	1006	221634	37.00	63.00	0.00	0.00	100.00	20	47.00	0.00	722312	647548	0.25	12812.00	0.00	0.00	0	perf_experiment
12:28:11 PM	1006	221634	38.00	62.00	0.00	0.00	100.00	20	45.00	0.00	722444	647712	0.25	12355.00	0.00	0.00	0	perf_experiment
12:28:12 PM	1006	221634	41.00	56.00	0.00	0.00	97.00	20	8230.00	0.00	722580	647776	0.25	12144.50	32768.00	0.00	2	perf_experiment
12:28:13 PM	1006	221634	38.00	63.00	0.00	0.00	101.00	20	49.00	0.00	722716	647860	0.25	12857.50	0.00	0.00	0	perf_experiment
12:28:14 PM	1006	221634	41.00	59.00	0.00	0.00	100.00	20	41.00	0.00	722716	648020	0.25	12489.00	0.00	0.00	0	perf_experiment
12:28:15 PM	1006	221634	43.00	57.00	0.00	0.00	100.00	20	52.00	0.00	722840	648076	0.25	12701.00	0.00	0.00	0	perf_experiment
12:28:16 PM	1006	221634	35.00	64.00	0.00	0.00	99.00	20	46.00	0.00	722976	648232	0.25	12557.00	0.00	0.00	0	perf_experiment
12:28:17 PM	1006	221634	40.00	61.00	0.00	0.00	101.00	20	50.00	0.00	723104	648392	0.25	12498.50	0.00	0.00	0	perf_experiment
12:28:18 PM	1006	221634	38.00	62.00	0.00	0.00	100.00	20	837.00	0.00	723240	648508	0.25	12826.00	0.00	0.00	0	perf_experiment
12:28:19 PM	1006	221634	35.00	62.00	0.00	0.00	97.00	20	9175.00	0.00	723376	648628	0.25	11810.00	32768.00	0.00	0	perf_experiment
12:28:20 PM	1006	221634	39.00	61.00	0.00	0.00	100.00	20	639.00	0.00	723376	648732	0.25	12640.00	0.00	0.00	3	perf_experiment
12:28:21 PM	1006	221634	39.00	61.00	0.00	0.00	100.00	20	651.00	0.00	723512	648828	0.25	12899.00	0.00	0.00	0	perf_experiment
12:28:22 PM	1006	221634	32.00	68.00	0.00	0.00	100.00	20	452.00	0.00	723636	648936	0.25	12160.50	0.00	0.00	0	perf_experiment
12:28:23 PM	1006	221634	39.00	61.00	0.00	0.00	100.00	20	44.00	0.00	723764	649000	0.25	13005.00	0.00	0.00	0	perf_experiment
12:28:24 PM	1006	221634	39.00	61.00	0.00	0.00	100.00	20	47.00	0.00	723900	649176	0.25	12360.00	0.00	0.00	0	perf_experiment
12:28:25 PM	1006	221634	33.00	67.00	0.00	0.00	100.00	20	55.00	0.00	724028	649264	0.25	12539.00	0.00	0.00	0	perf_experiment
12:28:26 PM	1006	221634	40.00	60.00	0.00	0.00	100.00	20	425.00	0.00	724160	649376	0.25	12650.50	0.00	0.00	0	perf_experiment
12:28:27 PM	1006	221634	40.00	58.00	0.00	0.00	98.00	20	8494.00	0.00	724160	649464	0.25	12165.50	32768.00	0.00	2	perf_experiment
12:28:28 PM	1006	221634	39.00	61.00	0.00	0.00	100.00	20	42.00	0.00	724292	649584	0.25	12738.00	0.00	0.00	0	perf_experiment
12:28:29 PM	1006	221634	36.00	64.00	0.00	0.00	100.00	20	46.00	0.00	724420	649656	0.25	12402.00	0.00	0.00	0	perf_experiment
12:28:30 PM	1006	221634	41.00	59.00	0.00	0.00	100.00	20	46.00	0.00	724544	649780	0.25	12884.50	0.00	0.00	0	perf_experiment
12:28:31 PM	1006	221634	32.00	68.00	0.00	0.00	100.00	20	38.00	0.00	724680	649780	0.25	12431.50	0.00	0.00	0	perf_experiment
12:28:32 PM	1006	221634	34.00	66.00	0.00	0.00	100.00	20	49.00	0.00	724816	649956	0.25	12657.00	0.00	0.00	0	perf_experiment
12:28:33 PM	1006	221634	37.00	63.00	0.00	0.00	100.00	20	43.00	0.00	724944	650184	0.25	12783.00	0.00	0.00	0	perf_experiment
12:28:34 PM	1006	221634	39.00	59.00	0.00	0.00	98.00	20	8244.00	0.00	725076	650264	0.25	11787.00	32768.00	0.00	2	perf_experiment
12:28:35 PM	1006	221634	41.00	59.00	0.00	0.00	100.00	20	35.00	0.00	725076	650340	0.25	12703.50	0.00	0.00	0	perf_experiment
12:28:36 PM	1006	221634	38.00	62.00	0.00	0.00	100.00	20	51.00	0.00	725208	650496	0.25	13019.50	0.00	0.00	0	perf_experiment
12:28:37 PM	1006	221634	36.00	64.00	0.00	0.00	100.00	20	41.00	0.00	725336	650572	0.25	12123.00	0.00	0.00	0	perf_experiment
12:28:38 PM	1006	221634	33.00	67.00	0.00	0.00	100.00	20	67.00	0.00	725468	650720	0.25	12845.50	0.00	0.00	0	perf_experiment
12:28:39 PM	1006	221634	37.00	63.00	0.00	0.00	100.00	20	1129.00	0.00	725604	650848	0.25	12356.50	0.00	0.00	0	perf_experiment
12:28:40 PM	1006	221634	38.00	62.00	0.00	0.00	100.00	20	1157.00	0.00	725604	650952	0.25	12724.50	0.00	0.00	0	perf_experiment
12:28:41 PM	1006	221634	37.00	63.00	0.00	0.00	100.00	20	1144.00	0.00	725732	651068	0.25	12506.50	0.00	0.00	0	perf_experiment
12:28:42 PM	1006	221634	35.00	63.00	0.00	0.00	98.00	20	9298.00	0.00	725868	651180	0.25	12098.50	32768.00	0.00	2	perf_experiment
12:28:43 PM	1006	221634	37.00	63.00	0.00	0.00	100.00	20	1185.00	0.00	726000	651324	0.25	12877.50	0.00	0.00	0	perf_experiment
12:28:44 PM	1006	221634	37.00	63.00	0.00	0.00	100.00	20	1113.00	0.00	726136	651424	0.25	12225.50	0.00	0.00	0	perf_experiment
12:28:45 PM	1006	221634	44.00	56.00	0.00	0.00	100.00	20	1178.00	0.00	726268	651528	0.25	12967.00	0.00	0.00	0	perf_experiment
12:28:46 PM	1006	221634	34.00	66.00	0.00	0.00	100.00	20	1148.00	0.00	726400	651636	0.25	12514.50	0.00	0.00	0	perf_experiment
12:28:47 PM	1006	221634	36.00	64.00	0.00	0.00	100.00	20	1134.00	0.00	726400	651732	0.25	12571.50	0.00	0.00	0	perf_experiment
12:28:48 PM	1006	221634	33.00	67.00	0.00	0.00	100.00	20	1161.00	0.00	726528	651856	0.25	12701.00	0.00	0.00	0	perf_experiment
12:28:49 PM	1006	221634	36.00	62.00	0.00	0.00	98.00	20	9023.00	0.00	726660	651944	0.25	11863.00	32768.00	0.00	2	perf_experiment
12:28:50 PM	1006	221634	38.00	62.00	0.00	0.00	100.00	20	48.00	0.00	726796	651976	0.25	12657.50	0.00	0.00	0	perf_experiment
12:28:51 PM	1006	221634	40.00	60.00	0.00	0.00	100.00	20	41.00	0.00	726924	652160	0.25	13012.00	0.00	0.00	0	perf_experiment
12:28:52 PM	1006	221634	36.00	64.00	0.00	0.00	100.00	20	47.00	0.00	727052	652288	0.25	12201.50	0.00	0.00	0	perf_experiment
12:28:53 PM	1006	221634	42.00	58.00	0.00	0.00	100.00	20	36.00	0.00	727052	652288	0.25	12807.50	0.00	0.00	0	perf_experiment
12:28:54 PM	1006	221634	41.00	59.00	0.00	0.00	100.00	20	49.00	0.00	727188	652460	0.25	12410.50	0.00	0.00	0	perf_experiment
12:28:55 PM	1006	221634	36.00	64.00	0.00	0.00	100.00	20	38.00	0.00	727320	652628	0.25	12792.50	0.00	0.00	0	perf_experiment
12:28:56 PM	1006	221634	36.00	63.00	0.00	0.00	99.00	20	48.00	0.00	727448	652684	0.25	12401.50	0.00	0.00	0	perf_experiment
12:28:57 PM	1006	221634	42.00	57.00	0.00	0.00	99.00	20	8239.00	0.00	727576	652812	0.25	12100.50	32768.00	0.00	2	perf_experiment
12:28:58 PM	1006	221634	37.00	62.00	0.00	0.00	99.00	20	47.00	0.00	727704	652940	0.25	12995.00	0.00	0.00	0	perf_experiment
12:28:59 PM	1006	221634	32.00	69.00	0.00	0.00	101.00	20	65.00	0.00	727832	653068	0.25	12131.50	0.00	0.00	0	perf_experiment
12:29:00 PM	1006	221634	35.00	65.00	0.00	0.00	100.00	20	41.00	0.00	727956	653192	0.25	12928.50	0.00	0.00	0	perf_experiment
12:29:01 PM	1006	221634	38.00	61.00	0.00	0.00	99.00	20	48.00	0.00	727956	653192	0.25	12218.00	0.00	0.00	0	perf_experiment
12:29:02 PM	1006	221634	38.00	62.00	0.00	0.00	100.00	20	44.00	0.00	728092	653352	0.25	12989.00	0.00	0.00	0	perf_experiment
12:29:03 PM	1006	221634	36.00	64.00	0.00	0.00	100.00	20	45.00	0.00	728228	653520	0.25	12688.50	0.00	0.00	0	perf_experiment
12:29:04 PM	1006	221634	37.00	61.00	0.00	0.00	98.00	20	8238.00	0.00	728360	653604	0.25	11810.50	32768.00	0.00	3	perf_experiment
12:29:05 PM	1006	221634	34.00	66.00	0.00	0.00	100.00	20	42.00	0.00	728496	653660	0.25	12655.00	0.00	0.00	0	perf_experiment
12:29:06 PM	1006	221634	36.00	64.00	0.00	0.00	100.00	20	49.00	0.00	728632	653820	0.25	12602.50	0.00	0.00	0	perf_experiment
12:29:07 PM	1006	221634	40.00	60.00	0.00	0.00	100.00	20	41.00	0.00	728632	653820	0.25	12498.00	0.00	0.00	0	perf_experiment
12:29:08 PM	1006	221634	38.00	62.00	0.00	0.00	100.00	20	49.00	0.00	728756	653992	0.25	12731.50	0.00	0.00	0	perf_experiment
12:29:09 PM	1006	221634	39.00	62.00	0.00	0.00	101.00	20	40.00	0.00	728892	654160	0.25	12591.50	0.00	0.00	0	perf_experiment
12:29:10 PM	1006	221634	37.00	62.00	0.00	0.00	99.00	20	50.00	0.00	729028	654328	0.25	12703.50	0.00	0.00	0	perf_experiment
12:29:11 PM	1006	221634	36.00	64.00	0.00	0.00	100.00	20	44.00	0.00	729160	654328	0.25	12394.00	0.00	0.00	0	perf_experiment
12:29:12 PM	1006	221634	36.00	62.00	0.00	0.00	98.00	20	8241.00	0.00	729288	654476	0.25	12065.00	32768.00	0.00	2	perf_experiment
12:29:13 PM	1006	221634	37.00	63.00	0.00	0.00	100.00	20	34.00	0.00	729416	654652	0.25	12896.50	0.00	0.00	0	perf_experiment
12:29:14 PM	1006	221634	33.00	67.00	0.00	0.00	100.00	20	43.00	0.00	729416	654652	0.25	12221.00	0.00	0.00	0	perf_experiment
12:29:15 PM	1006	221634	36.00	64.00	0.00	0.00	100.00	20	44.00	0.00	729544	654780	0.25	12887.00	0.00	0.00	0	perf_experiment
12:29:16 PM	1006	221634	37.00	63.00	0.00	0.00	100.00	20	38.00	0.00	729680	654956	0.25	12210.50	0.00	0.00	0	perf_experiment
12:29:17 PM	1006	221634	40.00	61.00	0.00	0.00	101.00	20	51.00	0.00	729804	655040	0.25	12959.50	0.00	0.00	0	perf_experiment
12:29:18 PM	1006	221634	31.00	69.00	0.00	0.00	100.00	20	42.00	0.00	729928	655164	0.25	12736.50	0.00	0.00	0	perf_experiment
12:29:19 PM	1006	221634	38.00	59.00	0.00	0.00	97.00	20	10621.00	0.00	730064	655316	0.25	11764.00	32768.00	0.00	2	perf_experiment
12:29:20 PM	1006	221634	34.00	66.00	0.00	0.00	100.00	20	777.00	0.00	730188	655432	0.25	12602.00	0.00	0.00	0	perf_experiment
12:29:21 PM	1006	221634	38.61	60.40	0.00	0.00	99.01	20	746.53	0.00	730188	655536	0.25	12441.09	0.00	0.00	0	perf_experiment
12:29:22 PM	1006	221634	35.00	65.00	0.00	0.00	100.00	20	785.00	0.00	730316	655632	0.25	12622.00	0.00	0.00	0	perf_experiment
12:29:23 PM	1006	221634	36.00	64.00	0.00	0.00	100.00	20	691.00	0.00	730436	655756	0.25	12590.00	0.00	0.00	0	perf_experiment
12:29:24 PM	1006	221634	39.00	61.00	0.00	0.00	100.00	20	205.00	0.00	730568	655788	0.25	12721.00	0.00	0.00	0	perf_experiment
12:29:25 PM	1006	221634	34.00	66.00	0.00	0.00	100.00	20	44.00	0.00	730704	655884	0.25	12826.50	0.00	0.00	0	perf_experiment
12:29:26 PM	1006	221634	38.00	60.00	0.00	0.00	98.00	20	8236.00	0.00	730828	656112	0.25	12220.50	32768.00	0.00	2	perf_experiment
12:29:27 PM	1006	221634	35.00	65.00	0.00	0.00	100.00	20	39.00	0.00	730964	656112	0.25	12690.50	0.00	0.00	0	perf_experiment
12:29:28 PM	1006	221634	42.00	58.00	0.00	0.00	100.00	20	47.00	0.00	731092	656336	0.25	12550.00	0.00	0.00	0	perf_experiment
12:29:29 PM	1006	221634	41.00	59.00	0.00	0.00	100.00	20	45.00	0.00	731092	656336	0.25	13034.50	0.00	0.00	0	perf_experiment
12:29:30 PM	1006	221634	36.00	63.00	0.00	0.00	99.00	20	44.00	0.00	731228	656496	0.25	12757.50	0.00	0.00	0	perf_experiment
12:29:31 PM	1006	221634	36.00	64.00	0.00	0.00	100.00	20	52.00	0.00	731364	656652	0.25	12272.00	0.00	0.00	0	perf_experiment
12:29:32 PM	1006	221634	40.00	60.00	0.00	0.00	100.00	20	48.00	0.00	731496	656652	0.25	12970.00	0.00	0.00	0	perf_experiment
12:29:33 PM	1006	221634	38.00	63.00	0.00	0.00	101.00	20	54.00	0.00	731624	656860	0.25	13206.50	0.00	0.00	0	perf_experiment
12:29:34 PM	1006	221634	41.00	57.00	0.00	0.00	98.00	20	8234.00	0.00	731748	656984	0.25	12799.50	32768.00	0.00	2	perf_experiment
12:29:35 PM	1006	221634	37.00	62.00	0.00	0.00	99.00	20	49.00	0.00	731884	656984	0.25	12776.00	0.00	0.00	0	perf_experiment
12:29:36 PM	1006	221634	41.00	59.00	0.00	0.00	100.00	20	46.00	0.00	731884	657136	0.25	13569.50	0.00	0.00	0	perf_experiment
12:29:37 PM	1006	221634	35.00	66.00	0.00	0.00	101.00	20	48.00	0.00	732020	657304	0.25	12790.50	0.00	0.00	0	perf_experiment
12:29:38 PM	1006	221634	38.00	62.00	0.00	0.00	100.00	20	50.00	0.00	732156	657480	0.25	13214.50	0.00	0.00	0	perf_experiment
12:29:39 PM	1006	221634	33.00	66.00	0.00	0.00	99.00	20	980.00	0.00	732292	657584	0.25	12954.00	0.00	0.00	0	perf_experiment
12:29:40 PM	1006	221634	39.00	61.00	0.00	0.00	100.00	20	1205.00	0.00	732416	657732	0.25	13194.00	0.00	0.00	0	perf_experiment
12:29:41 PM	1006	221634	33.00	66.00	0.00	0.00	99.00	20	9384.00	0.00	732536	657828	0.25	13110.00	32768.00	0.00	2	perf_experiment
12:29:42 PM	1006	221634	42.00	57.00	0.00	0.00	99.00	20	1210.00	0.00	732672	657956	0.25	13246.00	0.00	0.00	0	perf_experiment
12:29:43 PM	1006	221634	38.00	63.00	0.00	0.00	101.00	20	1167.00	0.00	732800	658084	0.25	12735.00	0.00	0.00	0	perf_experiment
12:29:44 PM	1006	221634	38.00	62.00	0.00	1.00	100.00	20	1157.00	0.00	732928	658200	0.25	12648.50	0.00	0.00	0	perf_experiment
12:29:45 PM	1006	221634	39.00	60.00	0.00	0.00	99.00	20	1193.00	0.00	733064	658300	0.25	13181.00	0.00	0.00	0	perf_experiment
12:29:46 PM	1006	221634	35.00	66.00	0.00	0.00	101.00	20	1193.00	0.00	733056	658412	0.25	13114.00	0.00	0.00	0	perf_experiment
12:29:47 PM	1006	221634	41.00	59.00	0.00	0.00	100.00	20	1199.00	0.00	733192	658528	0.25	13162.50	0.00	0.00	0	perf_experiment
12:29:48 PM	1006	221634	34.00	63.00	0.00	0.00	97.00	20	8893.00	0.00	733324	658616	0.25	12590.00	32768.00	0.00	3	perf_experiment
12:29:49 PM	1006	221634	35.00	65.00	0.00	0.00	100.00	20	47.00	0.00	733456	658716	0.25	12829.00	0.00	0.00	0	perf_experiment
12:29:50 PM	1006	221634	37.00	63.00	0.00	0.00	100.00	20	49.00	0.00	733584	658820	0.25	13102.50	0.00	0.00	0	perf_experiment
12:29:51 PM	1006	221634	42.00	58.00	0.00	0.00	100.00	20	43.00	0.00	733720	659000	0.25	13032.50	0.00	0.00	0	perf_experiment
12:29:52 PM	1006	221634	35.00	65.00	0.00	0.00	100.00	20	36.00	0.00	733852	659000	0.25	12861.50	0.00	0.00	0	perf_experiment
12:29:53 PM	1006	221634	32.00	68.00	0.00	0.00	100.00	20	43.00	0.00	733852	659160	0.25	12729.00	0.00	0.00	0	perf_experiment
12:29:54 PM	1006	221634	41.00	59.00	0.00	0.00	100.00	20	45.00	0.00	733988	659160	0.25	12955.50	0.00	0.00	0	perf_experiment
12:29:55 PM	1006	221634	33.00	65.00	0.00	0.00	98.00	20	8239.00	0.00	734124	659428	0.25	12018.50	32768.00	0.00	2	perf_experiment
12:29:56 PM	1006	221634	33.00	67.00	0.00	0.00	100.00	20	49.00	0.00	734260	659472	0.25	13115.00	0.00	0.00	0	perf_experiment
12:29:57 PM	1006	221634	31.00	69.00	0.00	0.00	100.00	20	48.00	0.00	734388	659624	0.25	12319.00	0.00	0.00	0	perf_experiment
12:29:58 PM	1006	221634	37.00	64.00	0.00	0.00	101.00	20	48.00	0.00	734512	659748	0.25	12770.00	0.00	0.00	0	perf_experiment
12:29:59 PM	1006	221634	32.00	67.00	0.00	0.00	99.00	20	59.00	0.00	734636	659872	0.25	12604.50	0.00	0.00	0	perf_experiment
12:30:00 PM	1006	221634	38.00	62.00	0.00	0.00	100.00	20	47.00	0.00	734772	659872	0.25	12395.50	0.00	0.00	0	perf_experiment
12:30:01 PM	1006	221634	39.00	61.00	0.00	0.00	100.00	20	40.00	0.00	734772	660048	0.25	12859.00	0.00	0.00	0	perf_experiment
12:30:02 PM	1006	221634	35.00	65.00	0.00	0.00	100.00	20	49.00	0.00	734904	660196	0.25	12656.50	0.00	0.00	0	perf_experiment
12:30:03 PM	1006	221634	37.00	61.00	0.00	0.00	98.00	20	8236.00	0.00	735032	660268	0.25	12087.00	32768.00	0.00	2	perf_experiment
12:30:04 PM	1006	221634	39.00	61.00	0.00	0.00	100.00	20	45.00	0.00	735164	660428	0.25	12611.50	0.00	0.00	0	perf_experiment
12:30:05 PM	1006	221634	38.00	62.00	0.00	0.00	100.00	20	44.00	0.00	735292	660528	0.25	12449.50	0.00	0.00	0	perf_experiment
12:30:06 PM	1006	221634	41.00	59.00	0.00	0.00	100.00	20	45.00	0.00	735416	660528	0.25	12740.50	0.00	0.00	0	perf_experiment
12:30:07 PM	1006	221634	35.00	65.00	0.00	0.00	100.00	20	45.00	0.00	735552	660700	0.25	12345.00	0.00	0.00	0	perf_experiment
12:30:08 PM	1006	221634	37.00	63.00	0.00	0.00	100.00	20	45.00	0.00	735544	660780	0.25	12667.50	0.00	0.00	0	perf_experiment
12:30:09 PM	1006	221634	35.00	65.00	0.00	0.00	100.00	20	52.00	0.00	735680	660948	0.25	12908.50	0.00	0.00	0	perf_experiment
12:30:10 PM	1006	221634	35.00	63.00	0.00	0.00	98.00	20	8227.00	0.00	735800	661080	0.25	11643.50	32768.00	0.00	2	perf_experiment
12:30:11 PM	1006	221634	32.00	68.00	0.00	0.00	100.00	20	46.00	0.00	735932	661192	0.25	13160.50	0.00	0.00	0	perf_experiment
12:30:12 PM	1006	221634	37.00	63.00	0.00	0.00	100.00	20	41.00	0.00	736068	661192	0.25	12199.00	0.00	0.00	0	perf_experiment
