Time	UID	PID	%usr	%system	%guest	%wait	%CPU	CPU	minflt/s	majflt/s	VSZ	RSS	%MEM	kB_rd/s	kB_wr/s	kB_ccwr/s	iodelay	Command
11:11:10 PM	1006	218059	81.00	105.00	0.00	0.00	186.00	23	185429.00	0.00	787932	235920	0.09	0.00	505360.00	0.00	0	perf_experiment
11:11:11 PM	1006	218059	97.00	92.00	0.00	0.00	189.00	23	168000.00	0.00	919292	367392	0.14	0.00	532996.00	0.00	0	perf_experiment
11:11:12 PM	1006	218059	87.00	98.00	0.00	0.00	185.00	23	177774.00	0.00	963736	412452	0.16	0.00	414832.00	0.00	0	perf_experiment
11:11:13 PM	1006	218059	100.00	66.00	0.00	0.00	166.00	23	40664.00	0.00	966972	415792	0.16	0.00	143260.00	0.00	0	perf_experiment
11:11:14 PM	1006	218059	104.00	76.00	0.00	0.00	180.00	23	62035.00	0.00	967496	417532	0.16	0.00	243716.00	0.00	0	perf_experiment
11:11:15 PM	1006	218059	94.00	97.00	0.00	0.00	191.00	23	147125.00	0.00	978460	428236	0.16	0.00	351548.00	0.00	0	perf_experiment
11:11:16 PM	1006	218059	108.00	80.00	0.00	0.00	188.00	24	98594.00	0.00	981068	431340	0.16	0.00	344864.00	0.00	0	perf_experiment
11:11:17 PM	1006	218059	104.00	87.00	0.00	0.00	191.00	24	99499.00	0.00	989604	442252	0.17	0.00	315820.00	0.00	0	perf_experiment
11:11:18 PM	1006	218059	96.00	98.00	0.00	0.00	194.00	24	127075.00	0.00	991608	443984	0.17	0.00	274952.00	0.00	0	perf_experiment
11:11:19 PM	1006	218059	97.00	92.00	0.00	0.00	189.00	24	73410.00	0.00	994180	446548	0.17	0.00	251908.00	0.00	0	perf_experiment
11:11:20 PM	1006	218059	102.00	51.00	0.00	0.00	153.00	24	35478.00	0.00	994704	447048	0.17	0.00	78276.00	0.00	0	perf_experiment
11:11:21 PM	1006	218059	100.00	64.00	0.00	0.00	164.00	24	31289.00	0.00	994180	447252	0.17	0.00	119880.00	0.00	0	perf_experiment
11:11:22 PM	1006	218059	97.00	97.00	0.00	0.00	194.00	24	132848.00	0.00	994180	449040	0.17	0.00	261636.00	0.00	0	perf_experiment
11:11:23 PM	1006	218059	93.00	91.00	0.00	0.00	184.00	24	69974.00	0.00	995752	451056	0.17	0.00	275972.00	0.00	0	perf_experiment
11:11:24 PM	1006	218059	98.00	90.00	0.00	0.00	188.00	24	78911.00	0.00	994704	449820	0.17	0.00	253448.00	0.00	0	perf_experiment
11:11:25 PM	1006	218059	97.00	68.00	0.00	0.00	165.00	24	42859.00	0.00	1028576	483768	0.18	0.00	123908.00	0.00	0	perf_experiment
11:11:26 PM	1006	218059	88.00	62.00	0.00	0.00	150.00	25	82701.00	0.00	1032176	487960	0.18	0.00	62468.00	0.00	0	perf_experiment
11:11:27 PM	1006	218059	91.00	64.00	0.00	0.00	155.00	25	21412.00	0.00	1033224	488304	0.19	0.00	84488.00	0.00	0	perf_experiment
11:11:28 PM	1006	218059	89.00	115.00	0.00	0.00	204.00	25	113716.00	0.00	1033224	488356	0.19	0.00	348380.00	0.00	0	perf_experiment
11:11:29 PM	1006	218059	101.00	100.00	0.00	0.00	201.00	25	103299.00	0.00	1033372	488072	0.19	0.00	404812.00	0.00	0	perf_experiment
11:11:30 PM	1006	218059	98.00	101.00	0.00	0.00	199.00	25	94878.00	0.00	1032848	487648	0.18	0.00	373768.00	0.00	0	perf_experiment
11:11:31 PM	1006	218059	95.00	102.00	0.00	0.00	197.00	25	93993.00	0.00	1032848	487532	0.18	0.00	370716.00	0.00	0	perf_experiment
11:11:32 PM	1006	218059	95.00	104.00	0.00	0.00	199.00	26	140419.00	0.00	1034420	489252	0.19	0.00	317960.00	0.00	0	perf_experiment
11:11:33 PM	1006	218059	103.00	91.00	0.00	0.00	194.00	26	86045.00	0.00	1032848	487400	0.18	0.00	318984.00	0.00	0	perf_experiment
11:11:34 PM	1006	218059	89.00	56.00	0.00	0.00	145.00	26	28818.00	0.00	1086244	541320	0.21	0.00	58376.00	0.00	0	perf_experiment
11:11:35 PM	1006	218059	102.97	44.55	0.00	0.00	147.52	26	14474.26	0.00	1086244	541088	0.21	0.00	57287.13	0.00	0	perf_experiment
11:11:36 PM	1006	218059	91.00	66.00	0.00	0.00	157.00	26	36826.00	0.00	1090064	544896	0.21	0.00	81928.00	0.00	0	perf_experiment
11:11:37 PM	1006	218059	99.00	82.00	0.00	0.00	181.00	26	72067.00	0.00	1090064	545036	0.21	0.00	184840.00	0.00	0	perf_experiment
11:11:38 PM	1006	218059	99.00	79.00	0.00	0.00	178.00	26	38925.00	0.00	1087968	542692	0.21	0.00	190984.00	0.00	0	perf_experiment
11:11:39 PM	1006	218059	100.00	78.00	0.00	0.00	178.00	26	38313.00	0.00	1087968	543048	0.21	0.00	202248.00	0.00	0	perf_experiment
11:11:40 PM	1006	218059	95.00	85.00	0.00	0.00	180.00	26	34281.00	0.00	1089016	543728	0.21	0.00	180552.00	0.00	0	perf_experiment
11:11:41 PM	1006	218059	91.00	65.00	0.00	0.00	156.00	26	18357.00	0.00	1088492	543584	0.21	0.00	103620.00	0.00	0	perf_experiment
11:11:42 PM	1006	218059	91.00	56.00	0.00	0.00	147.00	26	7457.00	0.00	1087968	543216	0.21	0.00	49672.00	0.00	0	perf_experiment
11:11:43 PM	1006	218059	93.00	54.00	0.00	0.00	147.00	26	7353.00	0.00	1087968	543152	0.21	0.00	50180.00	0.00	0	perf_experiment
11:11:44 PM	1006	218059	96.00	51.00	0.00	0.00	147.00	26	7374.00	0.00	1088492	544076	0.21	0.00	49028.00	0.00	0	perf_experiment
11:11:45 PM	1006	218059	92.00	54.00	0.00	0.00	146.00	26	6587.00	0.00	1087968	543736	0.21	0.00	45196.00	0.00	0	perf_experiment
11:11:46 PM	1006	218059	91.00	53.00	0.00	0.00	144.00	26	6721.00	0.00	1087968	544184	0.21	0.00	46084.00	0.00	0	perf_experiment
11:11:47 PM	1006	218059	89.00	54.00	0.00	0.00	143.00	26	6497.00	0.00	1087968	544056	0.21	0.00	45064.00	0.00	0	perf_experiment
11:11:48 PM	1006	218059	85.00	61.00	0.00	0.00	146.00	26	6286.00	0.00	1087968	544736	0.21	0.00	44040.00	0.00	0	perf_experiment
11:11:49 PM	1006	218059	84.00	60.00	0.00	0.00	144.00	26	66016.00	0.00	1087968	545020	0.21	0.00	41480.00	0.00	0	perf_experiment
11:11:50 PM	1006	218059	91.00	53.00	0.00	0.00	144.00	26	11748.00	0.00	1087968	545112	0.21	0.00	44040.00	0.00	0	perf_experiment
11:11:51 PM	1006	218059	89.00	58.00	0.00	0.00	147.00	26	6235.00	0.00	1087968	545960	0.21	0.00	44548.00	0.00	0	perf_experiment
11:11:52 PM	1006	218059	94.00	57.00	0.00	0.00	151.00	26	9796.00	0.00	1087968	546148	0.21	0.00	60932.00	0.00	0	perf_experiment
11:11:53 PM	1006	218059	94.00	50.00	0.00	0.00	144.00	26	6468.00	0.00	1087968	546136	0.21	0.00	41988.00	0.00	0	perf_experiment
11:11:54 PM	1006	218059	92.00	55.00	0.00	0.00	147.00	26	6642.00	0.00	1087968	547500	0.21	0.00	41988.00	0.00	0	perf_experiment
11:11:55 PM	1006	218059	85.00	58.00	0.00	0.00	143.00	26	6693.00	0.00	1087968	547748	0.21	0.00	40968.00	0.00	0	perf_experiment
11:11:56 PM	1006	218059	93.00	80.00	0.00	0.00	173.00	26	28359.00	0.00	1089016	549108	0.21	0.00	151044.00	0.00	0	perf_experiment
11:11:57 PM	1006	218059	97.00	80.00	0.00	0.00	177.00	26	33161.00	0.00	1087968	548040	0.21	0.00	172036.00	0.00	0	perf_experiment
11:11:58 PM	1006	218059	94.00	80.00	0.00	0.00	174.00	26	68076.00	0.00	1089016	549332	0.21	0.00	156168.00	0.00	0	perf_experiment
11:11:59 PM	1006	218059	104.00	72.00	0.00	0.00	176.00	26	30587.00	0.00	1088492	548436	0.21	0.00	156168.00	0.00	0	perf_experiment
11:12:00 PM	1006	218059	100.00	77.00	0.00	0.00	177.00	26	32408.00	0.00	1087968	548412	0.21	0.00	167940.00	0.00	0	perf_experiment
11:12:01 PM	1006	218059	90.00	91.00	0.00	0.00	181.00	26	32639.00	0.00	1087968	548276	0.21	0.00	169480.00	0.00	0	perf_experiment
11:12:02 PM	1006	218059	104.00	82.00	0.00	0.00	186.00	26	40089.00	0.00	1089016	549160	0.21	0.00	210952.00	0.00	0	perf_experiment
11:12:03 PM	1006	218059	92.00	104.00	0.00	0.00	196.00	26	49484.00	0.00	1088492	548932	0.21	0.00	257024.00	0.00	0	perf_experiment
11:12:04 PM	1006	218059	96.00	104.00	0.00	0.00	200.00	26	49431.00	0.00	1089016	548904	0.21	0.00	254984.00	0.00	0	perf_experiment
11:12:05 PM	1006	218059	94.00	104.00	0.00	0.00	198.00	26	47783.00	0.00	1089016	549608	0.21	0.00	244740.00	0.00	0	perf_experiment
11:12:06 PM	1006	218059	100.00	97.00	0.00	0.00	197.00	26	45279.00	0.00	1089540	549844	0.21	0.00	235012.00	0.00	0	perf_experiment
11:12:07 PM	1006	218059	99.00	100.00	0.00	0.00	199.00	26	48177.00	0.00	1090360	550184	0.21	0.00	246276.00	0.00	0	perf_experiment
11:12:08 PM	1006	218059	104.00	96.00	0.00	0.00	200.00	26	47618.00	0.00	1089836	549436	0.21	0.00	242692.00	0.00	0	perf_experiment
11:12:09 PM	1006	218059	95.00	101.00	0.00	0.00	196.00	26	44691.00	0.00	1090360	550648	0.21	0.00	224260.00	0.00	0	perf_experiment
11:12:10 PM	1006	218059	112.00	94.00	0.00	0.00	206.00	26	63633.00	0.00	1090884	550940	0.21	0.00	321544.00	0.00	0	perf_experiment
11:12:11 PM	1006	218059	109.00	95.00	0.00	0.00	204.00	26	62198.00	0.00	1090360	550592	0.21	0.00	315948.00	0.00	0	perf_experiment
11:12:12 PM	1006	218059	116.00	93.00	0.00	0.00	209.00	26	64445.00	0.00	1090360	550536	0.21	0.00	326116.00	0.00	0	perf_experiment
11:12:13 PM	1006	218059	110.00	95.00	0.00	0.00	205.00	26	63589.00	0.00	1089836	550292	0.21	0.00	327684.00	0.00	0	perf_experiment
11:12:14 PM	1006	218059	103.00	90.00	0.00	0.00	193.00	0	56407.00	0.00	1089836	550196	0.21	0.00	296964.00	0.00	0	perf_experiment
11:12:15 PM	1006	218059	114.00	81.00	0.00	0.00	195.00	3	54134.00	0.00	1089836	550212	0.21	0.00	281096.00	0.00	0	perf_experiment
11:12:16 PM	1006	218059	103.00	94.00	0.00	0.00	197.00	3	56282.00	0.00	1089836	550204	0.21	0.00	294920.00	0.00	0	perf_experiment
11:12:17 PM	1006	218059	113.00	81.00	0.00	0.00	194.00	3	57067.00	0.00	1089836	550288	0.21	0.00	293384.00	0.00	0	perf_experiment
11:12:18 PM	1006	218059	106.00	77.00	0.00	0.00	183.00	3	42112.00	0.00	1089836	548476	0.21	0.00	220164.00	0.00	0	perf_experiment
11:12:19 PM	1006	218059	97.00	45.00	0.00	0.00	142.00	63	20029.00	0.00	1108544	567572	0.22	0.00	48648.00	0.00	0	perf_experiment
11:12:20 PM	1006	218059	93.00	51.00	0.00	0.00	144.00	63	12800.00	0.00	1110328	569596	0.22	0.00	48648.00	0.00	0	perf_experiment
11:12:21 PM	1006	218059	92.00	51.00	0.00	0.00	143.00	63	12602.00	0.00	1111160	570144	0.22	0.00	49160.00	0.00	0	perf_experiment
11:12:22 PM	1006	218059	100.00	87.00	0.00	0.00	187.00	63	54690.00	0.00	1114012	572372	0.22	0.00	214532.00	0.00	0	perf_experiment
11:12:23 PM	1006	218059	106.00	80.00	0.00	0.00	186.00	63	49447.00	0.00	1114536	573564	0.22	0.00	231188.00	0.00	0	perf_experiment
11:12:24 PM	1006	218059	101.00	89.00	0.00	0.00	190.00	63	45561.00	0.00	1114012	572796	0.22	0.00	239352.00	0.00	0	perf_experiment
11:12:25 PM	1006	218059	105.00	85.00	0.00	0.00	190.00	63	47257.00	0.00	1114012	572860	0.22	0.00	247820.00	0.00	0	perf_experiment
11:12:26 PM	1006	218059	92.00	99.00	0.00	0.00	191.00	63	100415.00	0.00	1114536	573296	0.22	0.00	207876.00	0.00	0	perf_experiment
11:12:27 PM	1006	218059	97.00	92.00	0.00	0.00	189.00	63	42040.00	0.00	1114012	573084	0.22	0.00	227848.00	0.00	0	perf_experiment
11:12:28 PM	1006	218059	98.00	75.00	0.00	0.00	173.00	63	50634.00	0.00	1112964	572384	0.22	0.00	147976.00	0.00	0	perf_experiment
11:12:29 PM	1006	218059	91.00	53.00	0.00	0.00	144.00	63	16812.00	0.00	1112440	571876	0.22	0.00	46088.00	0.00	0	perf_experiment
11:12:30 PM	1006	218059	93.00	51.00	0.00	0.00	144.00	63	3298.00	0.00	1112964	572040	0.22	0.00	47108.00	0.00	0	perf_experiment
11:12:31 PM	1006	218059	94.00	49.00	0.00	0.00	143.00	63	3066.00	0.00	1112964	571908	0.22	0.00	48136.00	0.00	0	perf_experiment
11:12:32 PM	1006	218059	89.00	57.00	0.00	0.00	146.00	63	3336.00	0.00	1112440	571920	0.22	0.00	44548.00	0.00	0	perf_experiment
11:12:33 PM	1006	218059	95.00	48.00	0.00	0.00	143.00	63	2635.00	0.00	1112964	572192	0.22	0.00	43016.00	0.00	0	perf_experiment
11:12:34 PM	1006	218059	89.00	55.00	0.00	0.00	144.00	63	49835.00	0.00	1112964	572468	0.22	0.00	41480.00	0.00	0	perf_experiment
11:12:35 PM	1006	218059	93.00	48.00	0.00	0.00	141.00	63	17307.00	0.00	1112440	571960	0.22	0.00	43016.00	0.00	0	perf_experiment
11:12:36 PM	1006	218059	90.00	54.00	0.00	0.00	144.00	63	5148.00	0.00	1112440	571972	0.22	0.00	40968.00	0.00	0	perf_experiment
11:12:37 PM	1006	218059	93.00	50.00	0.00	0.00	143.00	63	2458.00	0.00	1112964	571988	0.22	0.00	40532.00	0.00	0	perf_experiment
11:12:38 PM	1006	218059	86.00	57.00	0.00	0.00	143.00	63	22978.00	0.00	1111900	571328	0.22	0.00	38844.00	0.00	0	perf_experiment
11:12:39 PM	1006	218059	84.00	59.00	0.00	0.00	143.00	63	29903.00	0.00	1111900	571580	0.22	0.00	38920.00	0.00	0	perf_experiment
11:12:40 PM	1006	218059	94.00	54.00	0.00	0.00	148.00	63	9780.00	0.00	1112424	571556	0.22	0.00	51208.00	0.00	0	perf_experiment
11:12:41 PM	1006	218059	96.00	46.00	0.00	1.00	142.00	63	5885.00	0.00	1112424	571856	0.22	0.00	38408.00	0.00	0	perf_experiment
11:12:42 PM	1006	218059	96.00	46.00	0.00	0.00	142.00	63	5783.00	0.00	1111900	571080	0.22	0.00	37896.00	0.00	0	perf_experiment
11:12:43 PM	1006	218059	93.00	53.00	0.00	0.00	146.00	63	8069.00	0.00	1111900	574164	0.22	0.00	44552.00	0.00	0	perf_experiment
11:12:44 PM	1006	218059	92.00	67.00	0.00	0.00	159.00	63	15639.00	0.00	1112948	575400	0.22	0.00	83976.00	0.00	0	perf_experiment
11:12:45 PM	1006	218059	99.00	79.00	0.00	0.00	178.00	63	29129.00	0.00	1111900	574708	0.22	0.00	152580.00	0.00	0	perf_experiment
11:12:46 PM	1006	218059	97.00	78.00	0.00	0.00	175.00	63	26483.00	0.00	1113472	576044	0.22	0.00	141316.00	0.00	0	perf_experiment
11:12:47 PM	1006	218059	98.00	77.00	0.00	0.00	175.00	16	26990.00	0.00	1111900	574616	0.22	0.00	143880.00	0.00	0	perf_experiment
11:12:48 PM	1006	218059	100.00	73.00	0.00	0.00	173.00	16	25651.00	0.00	1112424	575384	0.22	0.00	138248.00	0.00	0	perf_experiment
11:12:49 PM	1006	218059	101.00	72.00	0.00	0.00	173.00	16	27048.00	0.00	1112424	572136	0.22	0.00	143880.00	0.00	0	perf_experiment
11:12:50 PM	1006	218059	93.00	86.00	0.00	0.00	179.00	16	66340.00	0.00	1113472	573560	0.22	0.00	130568.00	0.00	0	perf_experiment
11:12:51 PM	1006	218059	86.00	113.00	0.00	0.00	199.00	16	104138.00	0.00	1113472	573856	0.22	0.00	199688.00	0.00	0	perf_experiment
11:12:52 PM	1006	218059	104.00	92.00	0.00	0.00	196.00	16	46713.00	0.00	1112948	573384	0.22	0.00	233404.00	0.00	0	perf_experiment
11:12:53 PM	1006	218059	99.00	96.00	0.00	0.00	195.00	16	43754.00	0.00	1113472	573232	0.22	0.00	225872.00	0.00	0	perf_experiment
11:12:54 PM	1006	218059	101.00	92.00	0.00	0.00	193.00	16	41710.00	0.00	1113472	573496	0.22	0.00	213504.00	0.00	0	perf_experiment
11:12:55 PM	1006	218059	91.00	100.00	0.00	0.00	191.00	16	41019.00	0.00	1113472	573576	0.22	0.00	212532.00	0.00	0	perf_experiment
11:12:56 PM	1006	218059	104.00	89.00	0.00	0.00	193.00	16	40519.00	0.00	1112424	572496	0.22	0.00	209508.00	0.00	0	perf_experiment
11:12:57 PM	1006	218059	96.00	88.00	0.00	0.00	184.00	16	36686.00	0.00	1112948	572816	0.22	0.00	178184.00	0.00	0	perf_experiment
11:12:58 PM	1006	218059	114.00	95.00	0.00	0.00	209.00	16	62859.00	0.00	1113472	573688	0.22	0.00	317500.00	0.00	0	perf_experiment
11:12:59 PM	1006	218059	114.00	92.00	0.00	0.00	206.00	16	64603.00	0.00	1112424	573120	0.22	0.00	327496.00	0.00	0	perf_experiment
11:13:00 PM	1006	218059	106.00	100.00	0.00	0.00	206.00	16	59171.00	0.00	1113472	574288	0.22	0.00	299520.00	0.00	0	perf_experiment
11:13:01 PM	1006	218059	106.00	98.00	0.00	0.00	204.00	16	62279.00	0.00	1111900	572852	0.22	0.00	316424.00	0.00	0	perf_experiment
11:13:02 PM	1006	218059	104.00	100.00	0.00	0.00	204.00	16	60853.00	0.00	1113472	574264	0.22	0.00	307720.00	0.00	0	perf_experiment
11:13:03 PM	1006	218059	109.00	97.00	0.00	0.00	206.00	16	61723.00	0.00	1112948	573672	0.22	0.00	315912.00	0.00	0	perf_experiment
11:13:04 PM	1006	218059	106.00	101.00	0.00	0.00	207.00	16	64183.00	0.00	1112948	573644	0.22	0.00	325640.00	0.00	0	perf_experiment
11:13:05 PM	1006	218059	110.00	95.00	0.00	0.00	205.00	16	58350.00	0.00	1112424	573312	0.22	0.00	294924.00	0.00	0	perf_experiment
11:13:06 PM	1006	218059	104.00	91.00	0.00	0.00	195.00	16	44792.00	0.00	1111900	572864	0.22	0.00	229896.00	0.00	0	perf_experiment
11:13:07 PM	1006	218059	96.00	51.00	0.00	0.00	147.00	16	16421.00	0.00	1123384	584148	0.22	0.00	46600.00	0.00	0	perf_experiment
11:13:08 PM	1006	218059	85.00	61.00	0.00	0.00	146.00	16	12509.00	0.00	1125124	585936	0.22	0.00	47624.00	0.00	0	perf_experiment
11:13:09 PM	1006	218059	88.00	59.00	0.00	0.00	147.00	16	12457.00	0.00	1127776	588496	0.22	0.00	46600.00	0.00	0	perf_experiment
11:13:10 PM	1006	218059	94.00	95.00	0.00	0.00	189.00	16	138564.00	0.00	1129756	590552	0.22	0.00	135688.00	0.00	0	perf_experiment
11:13:11 PM	1006	218059	110.00	79.00	0.00	0.00	189.00	16	53618.00	0.00	1127660	588972	0.22	0.00	204296.00	0.00	0	perf_experiment
11:13:12 PM	1006	218059	105.00	88.00	0.00	0.00	193.00	16	41677.00	0.00	1128708	589540	0.22	0.00	213512.00	0.00	0	perf_experiment
11:13:13 PM	1006	218059	108.00	86.00	0.00	0.00	194.00	16	45350.00	0.00	1128708	589508	0.22	0.00	232136.00	0.00	0	perf_experiment
11:13:14 PM	1006	218059	98.00	89.00	0.00	0.00	187.00	17	40737.00	0.00	1129232	589840	0.22	0.00	209212.00	0.00	0	perf_experiment
11:13:15 PM	1006	218059	105.00	89.00	0.00	0.00	194.00	17	45685.00	0.00	1128184	589068	0.22	0.00	231528.00	0.00	0	perf_experiment
11:13:16 PM	1006	218059	102.00	89.00	0.00	0.00	191.00	17	41774.00	0.00	1128184	589192	0.22	0.00	213928.00	0.00	0	perf_experiment
11:13:17 PM	1006	218059	88.00	63.00	0.00	0.00	151.00	17	11838.00	0.00	1127660	588872	0.22	0.00	68616.00	0.00	0	perf_experiment
11:13:18 PM	1006	218059	88.00	58.00	0.00	0.00	146.00	17	6953.00	0.00	1127660	588608	0.22	0.00	45060.00	0.00	0	perf_experiment
11:13:19 PM	1006	218059	94.00	53.00	0.00	0.00	147.00	17	7351.00	0.00	1127660	588788	0.22	0.00	44548.00	0.00	0	perf_experiment
11:13:20 PM	1006	218059	93.00	51.00	0.00	0.00	144.00	17	6945.00	0.00	1128184	589040	0.22	0.00	45352.00	0.00	0	perf_experiment
11:13:21 PM	1006	218059	100.00	44.00	0.00	0.00	144.00	17	6318.00	0.00	1127660	588896	0.22	0.00	40168.00	0.00	0	perf_experiment
11:13:22 PM	1006	218059	92.00	54.00	0.00	0.00	146.00	17	6382.00	0.00	1128184	589468	0.22	0.00	40456.00	0.00	0	perf_experiment
11:13:23 PM	1006	218059	94.00	49.00	0.00	0.00	143.00	17	6329.00	0.00	1128184	589192	0.22	0.00	40968.00	0.00	0	perf_experiment
11:13:24 PM	1006	218059	93.00	48.00	0.00	0.00	141.00	18	6075.00	0.00	1127660	588964	0.22	0.00	41480.00	0.00	0	perf_experiment
11:13:25 PM	1006	218059	97.00	47.00	0.00	0.00	144.00	18	6028.00	0.00	1127660	588704	0.22	0.00	38920.00	0.00	0	perf_experiment
11:13:26 PM	1006	218059	92.08	47.52	0.00	0.00	139.60	18	6010.89	0.00	1127660	588944	0.22	0.00	38027.72	0.00	0	perf_experiment
11:13:27 PM	1006	218059	88.00	56.00	0.00	0.00	144.00	18	5853.00	0.00	1127660	588840	0.22	0.00	37896.00	0.00	0	perf_experiment
11:13:28 PM	1006	218059	93.00	50.00	0.00	0.00	143.00	18	6016.00	0.00	1128184	589276	0.22	0.00	37384.00	0.00	0	perf_experiment
11:13:29 PM	1006	218059	94.00	53.00	0.00	0.00	147.00	18	7568.00	0.00	1127660	588844	0.22	0.00	46088.00	0.00	0	perf_experiment
11:13:30 PM	1006	218059	88.00	57.00	0.00	0.00	145.00	18	5527.00	0.00	1127660	588816	0.22	0.00	35332.00	0.00	0	perf_experiment
11:13:31 PM	1006	218059	88.00	53.00	0.00	0.00	141.00	18	5867.00	0.00	1127660	589680	0.22	0.00	36792.00	0.00	0	perf_experiment
11:13:32 PM	1006	218059	93.00	50.00	0.00	0.00	143.00	18	5666.00	0.00	1127660	589768	0.22	0.00	35928.00	0.00	0	perf_experiment
11:13:33 PM	1006	218059	86.00	68.00	0.00	0.00	154.00	18	11031.00	0.00	1128708	591332	0.22	0.00	61960.00	0.00	0	perf_experiment
11:13:34 PM	1006	218059	96.00	75.00	0.00	0.00	171.00	18	22281.00	0.00	1129232	591404	0.22	0.00	117136.00	0.00	0	perf_experiment
11:13:35 PM	1006	218059	96.00	78.00	0.00	0.00	174.00	18	21931.00	0.00	1127660	590288	0.22	0.00	114300.00	0.00	0	perf_experiment
11:13:36 PM	1006	218059	92.00	83.00	0.00	0.00	175.00	18	22222.00	0.00	1129232	591652	0.22	0.00	116080.00	0.00	0	perf_experiment
11:13:37 PM	1006	218059	93.00	80.00	0.00	0.00	173.00	18	21829.00	0.00	1127660	590108	0.22	0.00	114844.00	0.00	0	perf_experiment
11:13:38 PM	1006	218059	96.00	68.00	0.00	0.00	164.00	0	18657.00	0.00	1128708	591556	0.22	0.00	100640.00	0.00	0	perf_experiment
11:13:39 PM	1006	218059	101.00	65.00	0.00	0.00	166.00	0	19798.00	0.00	1129232	591980	0.22	0.00	105180.00	0.00	0	perf_experiment
11:13:40 PM	1006	218059	101.00	73.00	0.00	0.00	174.00	0	24290.00	0.00	1127660	590600	0.22	0.00	128024.00	0.00	0	perf_experiment
11:13:41 PM	1006	218059	99.00	91.00	0.00	0.00	190.00	0	36197.00	0.00	1130872	590876	0.22	0.00	188936.00	0.00	0	perf_experiment
11:13:42 PM	1006	218059	93.00	90.00	0.00	0.00	183.00	0	32661.00	0.00	1131920	591844	0.22	0.00	169720.00	0.00	0	perf_experiment
11:13:43 PM	1006	218059	110.00	72.00	0.00	0.00	182.00	1	29996.00	0.00	1131396	591452	0.22	0.00	159144.00	0.00	0	perf_experiment
11:13:44 PM	1006	218059	101.00	75.00	0.00	0.00	176.00	1	29814.00	0.00	1131396	591692	0.22	0.00	156004.00	0.00	0	perf_experiment
11:13:45 PM	1006	218059	96.00	91.00	0.00	0.00	187.00	1	46607.00	0.00	1130872	591188	0.22	0.00	173596.00	0.00	0	perf_experiment
11:13:46 PM	1006	218059	96.00	89.00	0.00	0.00	185.00	1	113698.00	0.00	1131396	591864	0.22	0.00	146432.00	0.00	0	perf_experiment
11:13:47 PM	1006	218059	101.00	79.00	0.00	0.00	180.00	1	44778.00	0.00	1131920	592444	0.22	0.00	156676.00	0.00	0	perf_experiment
11:13:48 PM	1006	218059	105.00	64.00	0.00	0.00	169.00	1	27489.00	0.00	1132444	592828	0.22	0.00	128008.00	0.00	0	perf_experiment
11:13:49 PM	1006	218059	109.00	93.00	0.00	0.00	202.00	63	57267.00	0.00	1132444	592828	0.22	0.00	283656.00	0.00	0	perf_experiment
11:13:50 PM	1006	218059	110.00	91.00	0.00	0.00	201.00	63	62002.00	0.00	1131396	591576	0.22	0.00	320492.00	0.00	0	perf_experiment
11:13:51 PM	1006	218059	108.00	97.00	0.00	0.00	205.00	63	58511.00	0.00	1130348	591068	0.22	0.00	294436.00	0.00	0	perf_experiment
11:13:52 PM	1006	218059	108.00	102.00	0.00	0.00	210.00	63	60533.00	0.00	1130872	591184	0.22	0.00	303156.00	0.00	0	perf_experiment
11:13:53 PM	1006	218059	101.00	103.00	0.00	0.00	204.00	0	115039.00	0.00	1130348	590960	0.22	0.00	260048.00	0.00	0	perf_experiment
11:13:54 PM	1006	218059	117.00	90.00	0.00	0.00	207.00	0	56991.00	0.00	1131396	591836	0.22	0.00	281096.00	0.00	0	perf_experiment
11:13:55 PM	1006	218059	115.00	90.00	0.00	0.00	205.00	0	58882.00	0.00	1130872	591536	0.22	0.00	294920.00	0.00	0	perf_experiment
11:13:56 PM	1006	218059	102.00	102.00	0.00	0.00	204.00	1	53510.00	0.00	1131396	592176	0.22	0.00	274440.00	0.00	0	perf_experiment
11:13:57 PM	1006	218059	100.00	97.00	0.00	0.00	197.00	1	75737.00	0.00	1131920	592552	0.22	0.00	230408.00	0.00	0	perf_experiment
11:13:58 PM	1006	218059	88.00	83.00	0.00	0.00	171.00	1	46620.00	0.00	1130348	591392	0.22	0.00	125448.00	0.00	0	perf_experiment
11:13:59 PM	1006	218059	90.00	50.00	0.00	0.00	140.00	1	12919.00	0.00	1135824	596804	0.23	0.00	40968.00	0.00	0	perf_experiment
11:14:00 PM	1006	218059	93.00	50.00	0.00	0.00	143.00	63	11709.00	0.00	1139396	600112	0.23	0.00	42504.00	0.00	0	perf_experiment
11:14:01 PM	1006	218059	95.00	51.00	0.00	0.00	146.00	63	11543.00	0.00	1140564	600940	0.23	0.00	44292.00	0.00	0	perf_experiment
11:14:02 PM	1006	218059	99.00	83.00	0.00	0.00	182.00	63	45566.00	0.00	1145912	606780	0.23	0.00	174860.00	0.00	0	perf_experiment
11:14:03 PM	1006	218059	107.00	76.00	0.00	0.00	183.00	63	50582.00	0.00	1146756	607800	0.23	0.00	200712.00	0.00	0	perf_experiment
11:14:04 PM	1006	218059	111.00	84.00	0.00	0.00	195.00	63	78212.00	0.00	1146756	607812	0.23	0.00	215048.00	0.00	0	perf_experiment
11:14:05 PM	1006	218059	108.00	84.00	0.00	0.00	192.00	63	18787.00	0.00	1145708	606948	0.23	0.00	230408.00	0.00	0	perf_experiment
11:14:06 PM	1006	218059	108.00	84.00	0.00	0.00	192.00	63	22266.00	0.00	1146232	607252	0.23	0.00	233480.00	0.00	0	perf_experiment
11:14:07 PM	1006	218059	116.00	74.00	0.00	0.00	190.00	63	21633.00	0.00	1146232	607368	0.23	0.00	224580.00	0.00	0	perf_experiment
11:14:08 PM	1006	218059	108.00	75.00	0.00	0.00	183.00	63	25596.00	0.00	1148284	607152	0.23	0.00	184008.00	0.00	0	perf_experiment
11:14:09 PM	1006	218059	87.00	58.00	0.00	0.00	145.00	63	58454.00	0.00	1147760	607184	0.23	0.00	39944.00	0.00	0	perf_experiment
11:14:10 PM	1006	218059	90.00	55.00	0.00	0.00	145.00	63	2638.00	0.00	1148284	607156	0.23	0.00	44164.00	0.00	0	perf_experiment
11:14:11 PM	1006	218059	94.00	52.00	0.00	0.00	146.00	16	2771.00	0.00	1147760	607224	0.23	0.00	43404.00	0.00	0	perf_experiment
11:14:12 PM	1006	218059	95.00	48.00	0.00	0.00	143.00	16	3413.00	0.00	1148284	607656	0.23	0.00	43012.00	0.00	0	perf_experiment
11:14:13 PM	1006	218059	99.00	43.00	0.00	0.00	142.00	17	2544.00	0.00	1148284	607512	0.23	0.00	38408.00	0.00	0	perf_experiment
11:14:14 PM	1006	218059	93.00	50.00	0.00	0.00	143.00	17	2428.00	0.00	1148284	607264	0.23	0.00	40968.00	0.00	0	perf_experiment
11:14:15 PM	1006	218059	90.00	51.00	0.00	0.00	141.00	17	2608.00	0.00	1148284	607732	0.23	0.00	40968.00	0.00	0	perf_experiment
11:14:16 PM	1006	218059	97.00	48.00	0.00	1.00	145.00	17	2374.00	0.00	1147760	607288	0.23	0.00	38920.00	0.00	0	perf_experiment
11:14:17 PM	1006	218059	95.00	50.00	0.00	0.00	145.00	17	2742.00	0.00	1147760	607300	0.23	0.00	37572.00	0.00	0	perf_experiment
11:14:18 PM	1006	218059	90.00	53.00	0.00	0.00	143.00	17	2483.00	0.00	1148284	607572	0.23	0.00	36680.00	0.00	0	perf_experiment
11:14:19 PM	1006	218059	92.00	51.00	0.00	0.00	143.00	18	66436.00	0.00	1148284	607844	0.23	0.00	33288.00	0.00	0	perf_experiment
11:14:20 PM	1006	218059	95.00	48.00	0.00	0.00	143.00	18	2760.00	0.00	1148284	607164	0.23	0.00	37896.00	0.00	0	perf_experiment
11:14:21 PM	1006	218059	96.00	52.00	0.00	0.00	148.00	18	4209.00	0.00	1148284	607556	0.23	0.00	46600.00	0.00	0	perf_experiment
11:14:22 PM	1006	218059	79.00	65.00	0.00	0.00	144.00	18	49769.00	0.00	1148284	607856	0.23	0.00	32264.00	0.00	0	perf_experiment
11:14:23 PM	1006	218059	93.00	48.00	0.00	0.00	141.00	18	3957.00	0.00	1147760	607356	0.23	0.00	35336.00	0.00	0	perf_experiment
11:14:24 PM	1006	218059	94.00	51.00	0.00	0.00	145.00	18	2341.00	0.00	1148284	607360	0.23	0.00	36872.00	0.00	0	perf_experiment
11:14:25 PM	1006	218059	89.00	54.00	0.00	0.00	143.00	18	2346.00	0.00	1147760	607288	0.23	0.00	35844.00	0.00	0	perf_experiment
11:14:26 PM	1006	218059	111.00	64.00	0.00	0.00	175.00	18	18605.00	0.00	1149332	609164	0.23	0.00	122376.00	0.00	0	perf_experiment
11:14:27 PM	1006	218059	102.00	70.00	0.00	0.00	172.00	19	15237.00	0.00	1148284	608076	0.23	0.00	116744.00	0.00	0	perf_experiment
11:14:28 PM	1006	218059	104.00	73.00	0.00	0.00	177.00	19	17799.00	0.00	1149332	609076	0.23	0.00	129544.00	0.00	0	perf_experiment
11:14:29 PM	1006	218059	94.00	77.00	0.00	0.00	171.00	20	15114.00	0.00	1148284	608328	0.23	0.00	111624.00	0.00	0	perf_experiment
11:14:30 PM	1006	218059	94.00	86.00	0.00	0.00	180.00	20	17352.00	0.00	1149332	609032	0.23	0.00	126196.00	0.00	0	perf_experiment
11:14:31 PM	1006	218059	95.00	79.00	0.00	0.00	174.00	20	16428.00	0.00	1148284	608264	0.23	0.00	123164.00	0.00	0	perf_experiment
11:14:32 PM	1006	218059	107.00	76.00	0.00	0.00	183.00	20	21098.00	0.00	1150380	610164	0.23	0.00	149116.00	0.00	0	perf_experiment
11:14:33 PM	1006	218059	104.00	97.00	0.00	0.00	201.00	20	30477.00	0.00	1148808	609068	0.23	0.00	207764.00	0.00	0	perf_experiment
11:14:34 PM	1006	218059	106.00	88.00	0.00	0.00	194.00	20	24950.00	0.00	1149332	609692	0.23	0.00	175620.00	0.00	0	perf_experiment
11:14:35 PM	1006	218059	112.00	85.00	0.00	0.00	197.00	20	27704.00	0.00	1148808	608764	0.23	0.00	193564.00	0.00	0	perf_experiment
11:14:36 PM	1006	218059	108.00	84.00	0.00	0.00	192.00	20	24711.00	0.00	1149332	609452	0.23	0.00	175088.00	0.00	0	perf_experiment
11:14:37 PM	1006	218059	107.00	92.00	0.00	0.00	199.00	20	27480.00	0.00	1150380	610764	0.23	0.00	182788.00	0.00	0	perf_experiment
11:14:38 PM	1006	218059	108.00	83.00	0.00	0.00	191.00	20	24320.00	0.00	1149332	609588	0.23	0.00	171524.00	0.00	0	perf_experiment
11:14:39 PM	1006	218059	104.00	82.00	0.00	0.00	186.00	20	21703.00	0.00	1149856	610356	0.23	0.00	144384.00	0.00	0	perf_experiment
11:14:40 PM	1006	218059	123.00	93.00	0.00	0.00	216.00	20	45057.00	0.00	1149856	609988	0.23	0.00	299088.00	0.00	0	perf_experiment
11:14:41 PM	1006	218059	118.00	102.00	0.00	0.00	220.00	20	48013.00	0.00	1148808	609640	0.23	0.00	309384.00	0.00	0	perf_experiment
11:14:42 PM	1006	218059	108.00	107.00	0.00	0.00	215.00	20	46283.00	0.00	1150380	610920	0.23	0.00	298804.00	0.00	0	perf_experiment
11:14:43 PM	1006	218059	112.00	103.00	0.00	0.00	215.00	20	46908.00	0.00	1148284	609060	0.23	0.00	308232.00	0.00	0	perf_experiment
11:14:44 PM	1006	218059	114.00	95.00	0.00	0.00	209.00	20	43873.00	0.00	1148808	609376	0.23	0.00	300548.00	0.00	0	perf_experiment
11:14:45 PM	1006	218059	117.00	100.00	0.00	0.00	217.00	20	49607.00	0.00	1148808	609384	0.23	0.00	321080.00	0.00	0	perf_experiment
11:14:46 PM	1006	218059	104.00	105.00	0.00	0.00	209.00	20	44891.00	0.00	1148284	609368	0.23	0.00	308688.00	0.00	0	perf_experiment
11:14:47 PM	1006	218059	110.00	104.00	0.00	0.00	214.00	20	48812.00	0.00	1149332	610212	0.23	0.00	327072.00	0.00	0	perf_experiment
11:14:48 PM	1006	218059	101.00	84.00	0.00	0.00	185.00	20	27145.00	0.00	1147760	609012	0.23	0.00	196204.00	0.00	0	perf_experiment
11:14:49 PM	1006	218059	82.00	65.00	0.00	0.00	147.00	20	77315.00	0.00	1158004	618956	0.23	0.00	44552.00	0.00	0	perf_experiment
11:14:50 PM	1006	218059	94.00	55.00	0.00	0.00	149.00	20	12983.00	0.00	1158004	618996	0.23	0.00	47624.00	0.00	0	perf_experiment
11:14:51 PM	1006	218059	97.00	50.00	0.00	0.00	147.00	20	12159.00	0.00	1158004	618648	0.23	0.00	48136.00	0.00	0	perf_experiment
11:14:52 PM	1006	218059	104.00	95.00	0.00	0.00	199.00	20	56312.00	0.00	1159052	619760	0.23	0.00	222216.00	0.00	0	perf_experiment
11:14:53 PM	1006	218059	106.00	85.00	0.00	0.00	191.00	20	87017.00	0.00	1159576	620692	0.24	0.00	211464.00	0.00	0	perf_experiment
11:14:54 PM	1006	218059	115.00	85.00	0.00	0.00	200.00	20	81008.00	0.00	1158004	618772	0.23	0.00	233480.00	0.00	0	perf_experiment
11:14:55 PM	1006	218059	111.00	85.00	0.00	0.00	196.00	20	61202.00	0.00	1158004	619032	0.23	0.00	238088.00	0.00	0	perf_experiment
11:14:56 PM	1006	218059	108.00	87.00	0.00	0.00	195.00	20	58349.00	0.00	1160624	621352	0.24	0.00	228832.00	0.00	0	perf_experiment
11:14:57 PM	1006	218059	104.00	86.00	0.00	0.00	190.00	20	53473.00	0.00	1159052	619464	0.23	0.00	209960.00	0.00	0	perf_experiment
11:14:58 PM	1006	218059	94.00	70.00	0.00	0.00	164.00	20	28046.00	0.00	1158004	618944	0.23	0.00	107528.00	0.00	0	perf_experiment
11:14:59 PM	1006	218059	87.00	60.00	0.00	0.00	147.00	20	11573.00	0.00	1158004	618780	0.23	0.00	45572.00	0.00	0	perf_experiment
11:15:00 PM	1006	218059	95.00	52.00	0.00	0.00	147.00	20	11691.00	0.00	1158528	619452	0.23	0.00	45716.00	0.00	0	perf_experiment
11:15:01 PM	1006	218059	99.00	49.00	0.00	0.00	148.00	20	11551.00	0.00	1158004	619168	0.23	0.00	45436.00	0.00	0	perf_experiment
11:15:02 PM	1006	218059	89.00	54.00	0.00	0.00	143.00	20	10311.00	0.00	1158004	619360	0.23	0.00	40968.00	0.00	0	perf_experiment
11:15:03 PM	1006	218059	94.00	52.00	0.00	0.00	146.00	20	10238.00	0.00	1158004	619304	0.23	0.00	40968.00	0.00	0	perf_experiment
11:15:04 PM	1006	218059	94.00	50.00	0.00	0.00	144.00	20	10347.00	0.00	1158004	619012	0.23	0.00	40968.00	0.00	0	perf_experiment
11:15:05 PM	1006	218059	99.00	48.00	0.00	0.00	147.00	20	10354.00	0.00	1158004	618888	0.23	0.00	41480.00	0.00	0	perf_experiment
11:15:06 PM	1006	218059	92.00	52.00	0.00	0.00	144.00	20	9527.00	0.00	1158004	619244	0.23	0.00	37896.00	0.00	0	perf_experiment
11:15:07 PM	1006	218059	98.00	46.00	0.00	0.00	144.00	20	9484.00	0.00	1158004	619244	0.23	0.00	37892.00	0.00	0	perf_experiment
11:15:08 PM	1006	218059	89.00	56.00	0.00	0.00	145.00	20	9294.00	0.00	1158004	618944	0.23	0.00	37384.00	0.00	0	perf_experiment
11:15:09 PM	1006	218059	90.00	54.00	0.00	0.00	144.00	20	9598.00	0.00	1158528	619272	0.23	0.00	38404.00	0.00	0	perf_experiment
11:15:10 PM	1006	218059	94.06	51.49	0.00	0.00	145.54	20	11436.63	0.00	1158004	618752	0.23	0.00	45631.68	0.00	0	perf_experiment
11:15:11 PM	1006	218059	90.00	55.00	0.00	0.00	145.00	21	8703.00	0.00	1158528	619556	0.23	0.00	34312.00	0.00	0	perf_experiment
11:15:12 PM	1006	218059	90.00	52.00	0.00	0.00	142.00	21	9014.00	0.00	1158004	619076	0.23	0.00	35336.00	0.00	0	perf_experiment
11:15:13 PM	1006	218059	90.00	51.00	0.00	0.00	141.00	21	8924.00	0.00	1158528	619620	0.23	0.00	35336.00	0.00	0	perf_experiment
11:15:14 PM	1006	218059	96.00	47.00	0.00	0.00	143.00	21	9027.00	0.00	1158004	619372	0.23	0.00	35848.00	0.00	0	perf_experiment
11:15:15 PM	1006	218059	102.00	73.00	0.00	0.00	175.00	21	30558.00	0.00	1159576	620996	0.24	0.00	119920.00	0.00	0	perf_experiment
11:15:16 PM	1006	218059	99.00	74.00	0.00	0.00	173.00	21	28968.00	0.00	1158004	619476	0.23	0.00	114784.00	0.00	0	perf_experiment
11:15:17 PM	1006	218059	104.00	69.00	0.00	0.00	173.00	21	29142.00	0.00	1159576	621140	0.24	0.00	115220.00	0.00	0	perf_experiment
11:15:18 PM	1006	218059	100.00	73.00	0.00	0.00	173.00	21	28832.00	0.00	1158528	620080	0.24	0.00	113980.00	0.00	0	perf_experiment
11:15:19 PM	1006	218059	97.00	74.00	0.00	0.00	171.00	21	28947.00	0.00	1158528	620480	0.24	0.00	114692.00	0.00	0	perf_experiment
11:15:20 PM	1006	218059	104.00	71.00	0.00	0.00	175.00	21	30570.00	0.00	1158528	620280	0.24	0.00	120840.00	0.00	0	perf_experiment
11:15:21 PM	1006	218059	97.00	81.00	0.00	0.00	178.00	21	28990.00	0.00	1159576	621592	0.24	0.00	114184.00	0.00	0	perf_experiment
11:15:22 PM	1006	218059	112.00	86.00	0.00	0.00	198.00	21	46589.00	0.00	1159576	621536	0.24	0.00	183300.00	0.00	0	perf_experiment
11:15:23 PM	1006	218059	113.00	75.00	0.00	0.00	188.00	21	41813.00	0.00	1159052	621356	0.24	0.00	164872.00	0.00	0	perf_experiment
11:15:24 PM	1006	218059	107.00	84.00	0.00	0.00	191.00	22	44736.00	0.00	1158528	620832	0.24	0.00	177160.00	0.00	0	perf_experiment
11:15:25 PM	1006	218059	101.00	86.00	0.00	0.00	187.00	22	41751.00	0.00	1159576	621840	0.24	0.00	164768.00	0.00	0	perf_experiment
11:15:26 PM	1006	218059	100.00	90.00	0.00	0.00	190.00	22	41582.00	0.00	1160100	622052	0.24	0.00	164456.00	0.00	0	perf_experiment
11:15:27 PM	1006	218059	106.00	83.00	0.00	0.00	189.00	22	44025.00	0.00	1158528	620768	0.24	0.00	173572.00	0.00	0	perf_experiment
11:15:28 PM	1006	218059	100.00	83.00	0.00	0.00	183.00	23	40098.00	0.00	1158004	620464	0.24	0.00	158216.00	0.00	0	perf_experiment
11:15:29 PM	1006	218059	103.00	111.00	0.00	0.00	214.00	23	71097.00	0.00	1159052	621172	0.24	0.00	281608.00	0.00	0	perf_experiment
11:15:30 PM	1006	218059	115.00	95.00	0.00	0.00	210.00	23	71828.00	0.00	1158528	620888	0.24	0.00	284168.00	0.00	0	perf_experiment
11:15:31 PM	1006	218059	101.00	113.00	0.00	0.00	214.00	23	131985.00	0.00	1159576	621728	0.24	0.00	272032.00	0.00	0	perf_experiment
11:15:32 PM	1006	218059	110.00	101.00	0.00	0.00	211.00	23	76685.00	0.00	1158528	621068	0.24	0.00	296804.00	0.00	0	perf_experiment
11:15:33 PM	1006	218059	117.00	97.00	0.00	0.00	214.00	23	74405.00	0.00	1160100	622460	0.24	0.00	293428.00	0.00	0	perf_experiment
11:15:34 PM	1006	218059	108.00	110.00	0.00	0.00	218.00	23	118684.00	0.00	1158528	621056	0.24	0.00	270812.00	0.00	0	perf_experiment
11:15:35 PM	1006	218059	104.00	111.00	0.00	0.00	215.00	23	78099.00	0.00	1159052	621236	0.24	0.00	291172.00	0.00	0	perf_experiment
11:15:36 PM	1006	218059	111.00	106.00	0.00	0.00	217.00	23	78198.00	0.00	1158528	621300	0.24	0.00	306340.00	0.00	0	perf_experiment
11:15:37 PM	1006	218059	108.00	105.00	0.00	0.00	213.00	23	77317.00	0.00	1159052	621552	0.24	0.00	304416.00	0.00	0	perf_experiment
11:15:38 PM	1006	218059	93.00	75.00	0.00	0.00	168.00	23	38011.00	0.00	1158004	620424	0.24	0.00	126700.00	0.00	0	perf_experiment
11:15:39 PM	1006	218059	91.00	56.00	0.00	0.00	147.00	23	14421.00	0.00	1168476	631328	0.24	0.00	46088.00	0.00	0	perf_experiment
11:15:40 PM	1006	218059	93.00	56.00	0.00	0.00	149.00	23	12597.00	0.00	1171292	634028	0.24	0.00	46696.00	0.00	0	perf_experiment
11:15:41 PM	1006	218059	93.00	63.00	0.00	0.00	156.00	23	15186.00	0.00	1171816	635088	0.24	0.00	60328.00	0.00	0	perf_experiment
11:15:42 PM	1006	218059	108.00	89.00	0.00	0.00	197.00	23	54454.00	0.00	1172340	635428	0.24	0.00	215048.00	0.00	0	perf_experiment
11:15:43 PM	1006	218059	109.00	92.00	0.00	0.00	201.00	23	57392.00	0.00	1172340	635484	0.24	0.00	226312.00	0.00	0	perf_experiment
11:15:44 PM	1006	218059	106.00	84.00	0.00	0.00	190.00	23	49978.00	0.00	1172340	635308	0.24	0.00	198152.00	0.00	0	perf_experiment
11:15:45 PM	1006	218059	114.00	84.00	0.00	0.00	198.00	23	56544.00	0.00	1172864	635620	0.24	0.00	223240.00	0.00	0	perf_experiment
11:15:46 PM	1006	218059	107.00	87.00	0.00	0.00	194.00	23	53688.00	0.00	1172864	635960	0.24	0.00	211972.00	0.00	0	perf_experiment
11:15:47 PM	1006	218059	107.00	90.00	0.00	0.00	197.00	24	56935.00	0.00	1171292	634460	0.24	0.00	224776.00	0.00	0	perf_experiment
11:15:48 PM	1006	218059	101.00	66.00	0.00	0.00	167.00	24	31288.00	0.00	1171292	634700	0.24	0.00	123912.00	0.00	0	perf_experiment
11:15:49 PM	1006	218059	96.00	46.00	0.00	0.00	142.00	24	11341.00	0.00	1171816	634800	0.24	0.00	45064.00	0.00	0	perf_experiment
11:15:50 PM	1006	218059	89.00	57.00	0.00	0.00	146.00	24	11198.00	0.00	1171292	634568	0.24	0.00	44040.00	0.00	0	perf_experiment
11:15:51 PM	1006	218059	93.00	53.00	0.00	1.00	146.00	24	11148.00	0.00	1171292	634476	0.24	0.00	44040.00	0.00	0	perf_experiment
11:15:52 PM	1006	218059	90.00	52.00	0.00	0.00	142.00	7	73595.00	0.00	1171292	634676	0.24	0.00	31240.00	0.00	0	perf_experiment
11:15:53 PM	1006	218059	94.00	49.00	0.00	0.00	143.00	63	9761.00	0.00	1171292	634640	0.24	0.00	37896.00	0.00	0	perf_experiment
11:15:54 PM	1006	218059	93.00	52.00	0.00	0.00	145.00	63	10093.00	0.00	1171292	634260	0.24	0.00	39944.00	0.00	0	perf_experiment
11:15:55 PM	1006	218059	96.00	49.00	0.00	0.00	145.00	63	10313.00	0.00	1171292	634900	0.24	0.00	40456.00	0.00	0	perf_experiment
11:15:56 PM	1006	218059	91.00	52.00	0.00	0.00	143.00	63	61506.00	0.00	1171292	634640	0.24	0.00	38916.00	0.00	0	perf_experiment
11:15:57 PM	1006	218059	90.00	55.00	0.00	0.00	145.00	63	11828.00	0.00	1171292	634460	0.24	0.00	37896.00	0.00	0	perf_experiment
11:15:58 PM	1006	218059	98.00	47.00	0.00	0.00	145.00	63	10593.00	0.00	1171292	634600	0.24	0.00	38920.00	0.00	0	perf_experiment
11:15:59 PM	1006	218059	97.00	48.00	0.00	0.00	145.00	63	10362.00	0.00	1170768	634152	0.24	0.00	39432.00	0.00	0	perf_experiment
11:16:00 PM	1006	218059	91.00	54.00	0.00	0.00	145.00	63	10877.00	0.00	1172340	635404	0.24	0.00	41072.00	0.00	0	perf_experiment
11:16:01 PM	1006	218059	90.00	60.00	0.00	0.00	150.00	63	12422.00	0.00	1170768	634348	0.24	0.00	47520.00	0.00	0	perf_experiment
11:16:02 PM	1006	218059	91.00	55.00	0.00	0.00	146.00	63	10366.00	0.00	1171292	634708	0.24	0.00	39432.00	0.00	0	perf_experiment
11:16:03 PM	1006	218059	88.00	56.00	0.00	0.00	144.00	63	9745.00	0.00	1171292	634568	0.24	0.00	37896.00	0.00	0	perf_experiment
11:16:04 PM	1006	218059	95.00	50.00	0.00	0.00	145.00	63	9393.00	0.00	1171816	634992	0.24	0.00	36868.00	0.00	0	perf_experiment
11:16:05 PM	1006	218059	97.00	67.00	0.00	0.00	164.00	63	24081.00	0.00	1171292	634836	0.24	0.00	91144.00	0.00	0	perf_experiment
11:16:06 PM	1006	218059	97.00	81.00	0.00	0.00	178.00	63	93040.00	0.00	1172864	636768	0.24	0.00	106500.00	0.00	0	perf_experiment
11:16:07 PM	1006	218059	94.00	84.00	0.00	0.00	178.00	63	33334.00	0.00	1171816	635836	0.24	0.00	125960.00	0.00	0	perf_experiment
11:16:08 PM	1006	218059	106.00	68.00	0.00	0.00	174.00	63	28678.00	0.00	1172340	636156	0.24	0.00	111392.00	0.00	0	perf_experiment
11:16:09 PM	1006	218059	103.00	74.00	0.00	0.00	177.00	63	32670.00	0.00	1171292	635432	0.24	0.00	128752.00	0.00	0	perf_experiment
11:16:10 PM	1006	218059	98.00	76.00	0.00	0.00	174.00	63	81579.00	0.00	1171292	635456	0.24	0.00	104452.00	0.00	0	perf_experiment
11:16:11 PM	1006	218059	102.00	70.00	0.00	0.00	172.00	63	29358.00	0.00	1171816	635700	0.24	0.00	109064.00	0.00	0	perf_experiment
11:16:12 PM	1006	218059	99.00	88.00	0.00	0.00	187.00	63	42257.00	0.00	1172864	636688	0.24	0.00	160460.00	0.00	0	perf_experiment
11:16:13 PM	1006	218059	109.00	86.00	0.00	0.00	195.00	63	44667.00	0.00	1171816	635948	0.24	0.00	174404.00	0.00	0	perf_experiment
11:16:14 PM	1006	218059	114.00	74.00	0.00	0.00	188.00	63	42862.00	0.00	1172340	636624	0.24	0.00	165380.00	0.00	0	perf_experiment
11:16:15 PM	1006	218059	104.00	86.00	0.00	0.00	190.00	63	41641.00	0.00	1171816	635868	0.24	0.00	161288.00	0.00	0	perf_experiment
11:16:16 PM	1006	218059	98.00	91.00	0.00	0.00	189.00	63	40220.00	0.00	1172340	636904	0.24	0.00	158216.00	0.00	0	perf_experiment
11:16:17 PM	1006	218059	101.00	87.00	0.00	0.00	188.00	63	39146.00	0.00	1172340	636556	0.24	0.00	154412.00	0.00	0	perf_experiment
11:16:18 PM	1006	218059	112.00	83.00	0.00	0.00	195.00	63	44538.00	0.00	1172864	636956	0.24	0.00	175836.00	0.00	0	perf_experiment
11:16:19 PM	1006	218059	113.00	85.00	0.00	0.00	198.00	63	52136.00	0.00	1172340	636792	0.24	0.00	195360.00	0.00	0	perf_experiment
11:16:20 PM	1006	218059	107.00	109.00	0.00	0.00	216.00	63	76976.00	0.00	1172864	637280	0.24	0.00	302312.00	0.00	0	perf_experiment
11:16:21 PM	1006	218059	105.00	111.00	0.00	0.00	216.00	63	77388.00	0.00	1172864	636872	0.24	0.00	303472.00	0.00	0	perf_experiment
11:16:22 PM	1006	218059	111.00	104.00	0.00	0.00	215.00	63	73291.00	0.00	1171816	636480	0.24	0.00	288920.00	0.00	0	perf_experiment
11:16:23 PM	1006	218059	113.00	104.00	0.00	0.00	217.00	63	97707.00	0.00	1174236	638580	0.24	0.00	279560.00	0.00	0	perf_experiment
11:16:24 PM	1006	218059	114.00	101.00	0.00	0.00	215.00	63	102093.00	0.00	1175988	640540	0.24	0.00	254156.00	0.00	0	perf_experiment
11:16:25 PM	1006	218059	109.00	108.00	0.00	0.00	217.00	63	75290.00	0.00	1174940	639696	0.24	0.00	296252.00	0.00	0	perf_experiment
11:16:26 PM	1006	218059	108.00	109.00	0.00	0.00	217.00	63	76743.00	0.00	1174416	639040	0.24	0.00	303108.00	0.00	0	perf_experiment
11:16:27 PM	1006	218059	111.00	105.00	0.00	0.00	216.00	63	77188.00	0.00	1176512	641028	0.24	0.00	303856.00	0.00	0	perf_experiment
11:16:28 PM	1006	218059	114.00	89.00	0.00	0.00	203.00	63	62953.00	0.00	1179268	638460	0.24	0.00	245532.00	0.00	0	perf_experiment
11:16:29 PM	1006	218059	94.00	54.00	0.00	0.00	148.00	63	13310.00	0.00	1179268	638928	0.24	0.00	46596.00	0.00	0	perf_experiment
11:16:30 PM	1006	218059	91.00	58.00	0.00	0.00	149.00	63	12760.00	0.00	1181636	640852	0.24	0.00	47624.00	0.00	0	perf_experiment
11:16:31 PM	1006	218059	92.00	53.00	0.00	0.00	145.00	63	12596.00	0.00	1186716	646228	0.24	0.00	44552.00	0.00	0	perf_experiment
11:16:32 PM	1006	218059	107.00	76.00	0.00	0.00	183.00	63	35781.00	0.00	1191924	651160	0.25	0.00	138568.00	0.00	0	perf_experiment
11:16:33 PM	1006	218059	112.00	84.00	0.00	0.00	196.00	63	49227.00	0.00	1192932	652380	0.25	0.00	192708.00	0.00	0	perf_experiment
11:16:34 PM	1006	218059	109.00	87.00	0.00	0.00	196.00	63	50130.00	0.00	1191360	650704	0.25	0.00	197636.00	0.00	0	perf_experiment
11:16:35 PM	1006	218059	114.00	78.00	0.00	0.00	192.00	63	46898.00	0.00	1191636	651100	0.25	0.00	184840.00	0.00	0	perf_experiment
11:16:36 PM	1006	218059	116.00	82.00	0.00	0.00	198.00	63	51443.00	0.00	1192160	651684	0.25	0.00	203272.00	0.00	0	perf_experiment
11:16:37 PM	1006	218059	106.00	92.00	0.00	0.00	198.00	63	51261.00	0.00	1193732	653380	0.25	0.00	202248.00	0.00	0	perf_experiment
11:16:38 PM	1006	218059	99.00	96.00	0.00	0.00	195.00	63	85308.00	0.00	1193732	653028	0.25	0.00	174440.00	0.00	0	perf_experiment
11:16:39 PM	1006	218059	103.00	78.00	0.00	0.00	181.00	63	54757.00	0.00	1192160	651652	0.25	0.00	140256.00	0.00	0	perf_experiment
11:16:40 PM	1006	218059	84.00	60.00	0.00	0.00	144.00	63	11655.00	0.00	1191636	651196	0.25	0.00	43216.00	0.00	0	perf_experiment
11:16:41 PM	1006	218059	87.00	60.00	0.00	0.00	147.00	63	13582.00	0.00	1191636	651252	0.25	0.00	44040.00	0.00	0	perf_experiment
11:16:42 PM	1006	218059	98.00	48.00	0.00	0.00	146.00	63	11794.00	0.00	1191636	651228	0.25	0.00	44040.00	0.00	0	perf_experiment
11:16:43 PM	1006	218059	84.00	62.00	0.00	0.00	146.00	63	11034.00	0.00	1191636	651448	0.25	0.00	41480.00	0.00	0	perf_experiment
11:16:44 PM	1006	218059	90.00	55.00	0.00	0.00	145.00	63	10181.00	0.00	1191636	651404	0.25	0.00	39432.00	0.00	0	perf_experiment
11:16:45 PM	1006	218059	93.00	51.00	0.00	0.00	144.00	63	10306.00	0.00	1191636	651228	0.25	0.00	40396.00	0.00	0	perf_experiment
11:16:46 PM	1006	218059	91.00	56.00	0.00	0.00	147.00	63	10607.00	0.00	1191636	651512	0.25	0.00	41028.00	0.00	0	perf_experiment
11:16:47 PM	1006	218059	93.00	52.00	0.00	0.00	145.00	63	10714.00	0.00	1191636	651520	0.25	0.00	41992.00	0.00	0	perf_experiment
11:16:48 PM	1006	218059	99.00	49.00	0.00	0.00	148.00	63	9959.00	0.00	1191636	651304	0.25	0.00	39432.00	0.00	0	perf_experiment
11:16:49 PM	1006	218059	96.00	50.00	0.00	0.00	146.00	63	10051.00	0.00	1191636	651156	0.25	0.00	39432.00	0.00	0	perf_experiment
11:16:50 PM	1006	218059	97.00	51.00	0.00	0.00	148.00	63	10001.00	0.00	1191636	651184	0.25	0.00	39432.00	0.00	0	perf_experiment
11:16:51 PM	1006	218059	90.00	61.00	0.00	0.00	151.00	63	13080.00	0.00	1191636	651188	0.25	0.00	51208.00	0.00	0	perf_experiment
11:16:52 PM	1006	218059	93.00	51.00	0.00	0.00	144.00	63	9351.00	0.00	1191636	651068	0.25	0.00	36872.00	0.00	0	perf_experiment
11:16:53 PM	1006	218059	91.00	52.00	0.00	0.00	143.00	63	9365.00	0.00	1191636	651140	0.25	0.00	36872.00	0.00	0	perf_experiment
11:16:54 PM	1006	218059	92.00	55.00	0.00	0.00	147.00	63	9264.00	0.00	1191636	651420	0.25	0.00	36360.00	0.00	0	perf_experiment
11:16:55 PM	1006	218059	93.00	51.00	0.00	0.00	144.00	63	9307.00	0.00	1191636	651756	0.25	0.00	36360.00	0.00	0	perf_experiment
11:16:56 PM	1006	218059	93.00	77.00	0.00	0.00	170.00	63	27302.00	0.00	1191636	651692	0.25	0.00	105992.00	0.00	0	perf_experiment
11:16:57 PM	1006	218059	98.00	74.00	0.00	0.00	172.00	63	32815.00	0.00	1192160	652588	0.25	0.00	127496.00	0.00	0	perf_experiment
11:16:58 PM	1006	218059	98.00	76.00	0.00	0.00	174.00	63	29127.00	0.00	1192684	652888	0.25	0.00	114624.00	0.00	0	perf_experiment
11:16:59 PM	1006	218059	97.00	84.00	0.00	0.00	181.00	63	33566.00	0.00	1191636	651796	0.25	0.00	131664.00	0.00	0	perf_experiment
11:17:00 PM	1006	218059	101.00	72.00	0.00	0.00	173.00	63	28397.00	0.00	1191112	651812	0.25	0.00	111616.00	0.00	0	perf_experiment
11:17:01 PM	1006	218059	106.00	76.00	0.00	0.00	182.00	63	32933.00	0.00	1191636	651864	0.25	0.00	130056.00	0.00	0	perf_experiment
11:17:02 PM	1006	218059	107.00	74.00	0.00	0.00	181.00	63	35557.00	0.00	1193208	653904	0.25	0.00	139268.00	0.00	0	perf_experiment
11:17:03 PM	1006	218059	97.00	96.00	0.00	0.00	193.00	63	45865.00	0.00	1192160	652912	0.25	0.00	180232.00	0.00	0	perf_experiment
11:17:04 PM	1006	218059	99.01	89.11	0.00	0.00	188.12	63	43199.01	0.00	1192684	653176	0.25	0.00	169825.74	0.00	0	perf_experiment
11:17:05 PM	1006	218059	104.00	76.00	0.00	0.00	180.00	62	37024.00	0.00	1192684	653088	0.25	0.00	144904.00	0.00	0	perf_experiment
11:17:06 PM	1006	218059	106.00	86.00	0.00	0.00	192.00	62	41743.00	0.00	1192428	653056	0.25	0.00	163336.00	0.00	0	perf_experiment
11:17:07 PM	1006	218059	107.00	81.00	0.00	0.00	188.00	62	41597.00	0.00	1192952	653884	0.25	0.00	163844.00	0.00	0	perf_experiment
11:17:08 PM	1006	218059	101.00	90.00	0.00	0.00	191.00	62	40892.00	0.00	1192428	653620	0.25	0.00	161288.00	0.00	0	perf_experiment
11:17:09 PM	1006	218059	107.00	82.00	0.00	0.00	189.00	62	38494.00	0.00	1192428	653356	0.25	0.00	152072.00	0.00	0	perf_experiment
11:17:10 PM	1006	218059	112.00	94.00	0.00	0.00	206.00	62	62684.00	0.00	1193476	654572	0.25	0.00	247304.00	0.00	0	perf_experiment
11:17:11 PM	1006	218059	109.00	106.00	0.00	0.00	215.00	62	115722.00	0.00	1195340	656424	0.25	0.00	251912.00	0.00	0	perf_experiment
11:17:12 PM	1006	218059	110.00	104.00	0.00	0.00	214.00	62	82518.00	0.00	1196580	657564	0.25	0.00	271880.00	0.00	0	perf_experiment
11:17:13 PM	1006	218059	110.00	109.00	0.00	0.00	219.00	62	99961.00	0.00	1197640	658824	0.25	0.00	289288.00	0.00	0	perf_experiment
11:17:14 PM	1006	218059	114.00	96.00	0.00	0.00	210.00	62	95751.00	0.00	1199124	659752	0.25	0.00	255488.00	0.00	0	perf_experiment
11:17:15 PM	1006	218059	115.00	98.00	0.00	0.00	213.00	62	72580.00	0.00	1199960	661580	0.25	0.00	280584.00	0.00	0	perf_experiment
11:17:16 PM	1006	218059	113.00	99.00	0.00	0.00	212.00	62	74234.00	0.00	1199960	661468	0.25	0.00	275972.00	0.00	0	perf_experiment
11:17:17 PM	1006	218059	122.00	91.00	0.00	0.00	213.00	62	70387.00	0.00	1201008	662104	0.25	0.00	275456.00	0.00	0	perf_experiment
11:17:18 PM	1006	218059	105.00	108.00	0.00	0.00	213.00	62	72411.00	0.00	1199960	661224	0.25	0.00	283652.00	0.00	0	perf_experiment
11:17:19 PM	1006	218059	117.00	94.00	0.00	0.00	211.00	62	64576.00	0.00	1198912	660316	0.25	0.00	252420.00	0.00	0	perf_experiment
11:17:20 PM	1006	218059	85.00	60.00	0.00	0.00	145.00	62	76858.00	0.00	1198912	660476	0.25	0.00	41992.00	0.00	0	perf_experiment
11:17:21 PM	1006	218059	94.00	53.00	0.00	0.00	147.00	62	17131.00	0.00	1198912	660392	0.25	0.00	43016.00	0.00	0	perf_experiment
11:17:22 PM	1006	218059	95.00	52.00	0.00	0.00	147.00	62	11187.00	0.00	1198912	660324	0.25	0.00	44040.00	0.00	0	perf_experiment
11:17:23 PM	1006	218059	100.00	66.00	0.00	0.00	166.00	62	22061.00	0.00	1198912	660096	0.25	0.00	86612.00	0.00	0	perf_experiment
11:17:24 PM	1006	218059	101.00	98.00	0.00	0.00	199.00	62	50803.00	0.00	1204716	666144	0.25	0.00	197476.00	0.00	0	perf_experiment
11:17:25 PM	1006	218059	103.00	93.00	0.00	0.00	196.00	63	106650.00	0.00	1202096	663924	0.25	0.00	180312.00	0.00	0	perf_experiment
11:17:26 PM	1006	218059	109.00	84.00	0.00	0.00	193.00	63	49766.00	0.00	1204468	665696	0.25	0.00	189952.00	0.00	0	perf_experiment
11:17:27 PM	1006	218059	118.00	77.00	0.00	0.00	195.00	63	38169.00	0.00	1204468	665992	0.25	0.00	195588.00	0.00	0	perf_experiment
11:17:28 PM	1006	218059	116.00	79.00	0.00	0.00	195.00	63	29671.00	0.00	1204468	666008	0.25	0.00	199176.00	0.00	0	perf_experiment
11:17:29 PM	1006	218059	121.00	71.00	0.00	0.00	192.00	63	39198.00	0.00	1214344	671136	0.25	0.00	193540.00	0.00	0	perf_experiment
11:17:30 PM	1006	218059	120.00	77.00	0.00	0.00	197.00	63	53885.00	0.00	1216752	672176	0.25	0.00	206024.00	0.00	0	perf_experiment
11:17:31 PM	1006	218059	93.00	57.00	0.00	0.00	150.00	63	14668.00	0.00	1216228	671684	0.25	0.00	54088.00	0.00	0	perf_experiment
11:17:32 PM	1006	218059	90.00	56.00	0.00	0.00	146.00	63	11005.00	0.00	1215704	671168	0.25	0.00	43016.00	0.00	0	perf_experiment
11:17:33 PM	1006	218059	101.00	44.00	0.00	0.00	145.00	63	10753.00	0.00	1215704	671344	0.25	0.00	41988.00	0.00	0	perf_experiment
11:17:34 PM	1006	218059	90.00	58.00	0.00	0.00	148.00	63	11222.00	0.00	1215704	671444	0.25	0.00	43012.00	0.00	0	perf_experiment
11:17:35 PM	1006	218059	95.00	50.00	0.00	1.00	145.00	63	9693.00	0.00	1215704	671344	0.25	0.00	38408.00	0.00	0	perf_experiment
11:17:36 PM	1006	218059	97.00	48.00	0.00	0.00	145.00	63	9740.00	0.00	1215704	671252	0.25	0.00	38408.00	0.00	0	perf_experiment
11:17:37 PM	1006	218059	94.00	50.00	0.00	0.00	144.00	63	10104.00	0.00	1215704	671224	0.25	0.00	39944.00	0.00	0	perf_experiment
11:17:38 PM	1006	218059	96.00	50.00	0.00	0.00	146.00	63	73503.00	0.00	1215704	671492	0.25	0.00	35336.00	0.00	0	perf_experiment
11:17:39 PM	1006	218059	90.00	54.00	0.00	0.00	144.00	63	10300.00	0.00	1215704	671396	0.25	0.00	37896.00	0.00	0	perf_experiment
11:17:40 PM	1006	218059	92.00	39.00	0.00	0.00	131.00	63	8843.00	0.00	1282780	671140	0.25	0.00	28168.00	0.00	0	perf_experiment
11:17:41 PM	1006	218059	82.00	21.00	0.00	0.00	103.00	63	628.00	0.00	1282780	670836	0.25	0.00	1032.00	0.00	0	perf_experiment
11:17:42 PM	1006	218059	75.00	26.00	0.00	0.00	101.00	63	207.00	0.00	1282780	671080	0.25	0.00	808.00	0.00	0	perf_experiment
11:17:43 PM	1006	218059	77.00	26.00	0.00	0.00	103.00	63	170.00	0.00	1282780	670776	0.25	0.00	744.00	0.00	0	perf_experiment
11:17:44 PM	1006	218059	84.00	18.00	0.00	0.00	102.00	63	192.00	0.00	1282780	670800	0.25	0.00	524.00	0.00	0	perf_experiment
11:17:45 PM	1006	218059	79.00	23.00	0.00	0.00	102.00	63	172.00	0.00	1282780	671096	0.25	0.00	852.00	0.00	0	perf_experiment
11:17:46 PM	1006	218059	74.00	27.00	0.00	0.00	101.00	63	62178.00	0.00	1282780	671260	0.25	0.00	520.00	0.00	0	perf_experiment
11:17:47 PM	1006	218059	84.00	17.00	0.00	0.00	101.00	63	479.00	0.00	1282780	670972	0.25	0.00	692.00	0.00	0	perf_experiment
11:17:48 PM	1006	218059	79.00	23.00	0.00	0.00	102.00	63	180.00	0.00	1282780	670952	0.25	0.00	628.00	0.00	0	perf_experiment
11:17:49 PM	1006	218059	79.00	22.00	0.00	0.00	101.00	63	144.00	0.00	1282780	670780	0.25	0.00	432.00	0.00	0	perf_experiment
11:17:50 PM	1006	218059	80.00	22.00	0.00	0.00	102.00	63	161.00	0.00	1282780	670816	0.25	0.00	568.00	0.00	0	perf_experiment
11:17:51 PM	1006	218059	78.00	24.00	0.00	0.00	102.00	63	144.00	0.00	1282780	670664	0.25	0.00	520.00	0.00	0	perf_experiment
11:17:52 PM	1006	218059	78.00	24.00	0.00	0.00	102.00	63	134.00	0.00	1282780	670672	0.25	0.00	452.00	0.00	0	perf_experiment
11:17:53 PM	1006	218059	82.00	20.00	0.00	0.00	102.00	63	179.00	0.00	1282780	670632	0.25	0.00	520.00	0.00	0	perf_experiment
11:17:54 PM	1006	218059	80.00	21.00	0.00	0.00	101.00	63	2825.00	0.00	1282780	670892	0.25	0.00	520.00	0.00	0	perf_experiment
11:17:55 PM	1006	218059	79.00	22.00	0.00	0.00	101.00	63	1906.00	0.00	1282780	671040	0.25	0.00	300.00	0.00	0	perf_experiment
11:17:56 PM	1006	218059	79.00	23.00	0.00	0.00	102.00	63	137.00	0.00	1282780	670796	0.25	0.00	428.00	0.00	0	perf_experiment
11:17:57 PM	1006	218059	81.00	21.00	0.00	0.00	102.00	63	135.00	0.00	1282780	670692	0.25	0.00	316.00	0.00	0	perf_experiment
11:17:58 PM	1006	218059	85.00	17.00	0.00	0.00	102.00	63	288.00	0.00	1282780	670816	0.25	0.00	520.00	0.00	0	perf_experiment
11:17:59 PM	1006	218059	81.00	22.00	0.00	0.00	103.00	63	102.00	0.00	1282780	670612	0.25	0.00	592.00	0.00	0	perf_experiment
11:18:00 PM	1006	218059	80.00	21.00	0.00	0.00	101.00	63	136.00	0.00	1282780	670528	0.25	0.00	448.00	0.00	0	perf_experiment
11:18:01 PM	1006	218059	88.00	14.00	0.00	0.00	102.00	63	116.00	0.00	1282780	670964	0.25	0.00	320.00	0.00	0	perf_experiment
11:18:02 PM	1006	218059	79.00	22.00	0.00	0.00	101.00	63	167.00	0.00	1282780	670684	0.25	0.00	296.00	0.00	0	perf_experiment
11:18:03 PM	1006	218059	82.00	20.00	0.00	0.00	102.00	63	71.00	0.00	1282780	670452	0.25	0.00	452.00	0.00	0	perf_experiment
11:18:04 PM	1006	218059	88.00	14.00	0.00	0.00	102.00	63	145.00	0.00	1282780	670720	0.25	0.00	500.00	0.00	0	perf_experiment
11:18:05 PM	1006	218059	76.00	26.00	0.00	0.00	102.00	63	93.00	0.00	1282780	670984	0.25	0.00	320.00	0.00	0	perf_experiment
11:18:06 PM	1006	218059	80.00	22.00	0.00	0.00	102.00	63	102.00	0.00	1282780	670676	0.25	0.00	336.00	0.00	0	perf_experiment
11:18:07 PM	1006	218059	80.00	21.00	0.00	0.00	101.00	63	98.00	0.00	1282780	670716	0.25	0.00	388.00	0.00	0	perf_experiment
11:18:08 PM	1006	218059	82.00	22.00	0.00	0.00	104.00	63	1648.00	0.00	1282780	671020	0.25	0.00	3592.00	0.00	0	perf_experiment
11:18:09 PM	1006	218059	81.00	21.00	0.00	0.00	102.00	63	82.00	0.00	1282780	670784	0.25	0.00	564.00	0.00	0	perf_experiment
11:18:10 PM	1006	218059	87.00	15.00	0.00	0.00	102.00	63	120.00	0.00	1282780	670864	0.25	0.00	476.00	0.00	0	perf_experiment
11:18:11 PM	1006	218059	78.00	24.00	0.00	0.00	102.00	63	45.00	0.00	1282780	670864	0.25	0.00	188.00	0.00	0	perf_experiment
11:18:12 PM	1006	218059	77.00	26.00	0.00	0.00	103.00	63	96.00	0.00	1282780	670832	0.25	0.00	340.00	0.00	0	perf_experiment
11:18:13 PM	1006	218059	81.00	19.00	0.00	0.00	100.00	63	43.00	0.00	1282780	670832	0.25	0.00	208.00	0.00	0	perf_experiment
11:18:14 PM	1006	218059	84.00	17.00	0.00	0.00	101.00	63	47.00	0.00	1282780	671080	0.25	0.00	168.00	0.00	0	perf_experiment
11:18:15 PM	1006	218059	78.00	25.00	0.00	0.00	103.00	63	114.00	0.00	1282780	671052	0.25	0.00	340.00	0.00	0	perf_experiment
11:18:16 PM	1006	218059	82.00	19.00	0.00	0.00	101.00	63	52.00	0.00	1282780	670788	0.25	0.00	340.00	0.00	0	perf_experiment
11:18:17 PM	1006	218059	78.00	24.00	0.00	0.00	102.00	63	120.00	0.00	1282780	670660	0.25	0.00	520.00	0.00	0	perf_experiment
11:18:18 PM	1006	218059	83.00	19.00	0.00	0.00	102.00	63	133.00	0.00	1282780	670428	0.25	0.00	520.00	0.00	0	perf_experiment
11:18:19 PM	1006	218059	78.00	24.00	0.00	0.00	102.00	63	75.00	0.00	1282780	670956	0.25	0.00	140.00	0.00	0	perf_experiment
11:18:20 PM	1006	218059	84.00	17.00	0.00	0.00	101.00	63	56.00	0.00	1282780	670448	0.25	0.00	388.00	0.00	0	perf_experiment
11:18:21 PM	1006	218059	80.00	22.00	0.00	0.00	102.00	63	106.00	0.00	1282780	670960	0.25	0.00	208.00	0.00	0	perf_experiment
11:18:22 PM	1006	218059	81.00	21.00	0.00	0.00	102.00	63	134.00	0.00	1282780	670948	0.25	0.00	452.00	0.00	0	perf_experiment
11:18:23 PM	1006	218059	78.00	24.00	0.00	0.00	102.00	63	82.00	0.00	1282780	670700	0.25	0.00	520.00	0.00	0	perf_experiment
11:18:24 PM	1006	218059	84.00	17.00	0.00	0.00	101.00	63	60.00	0.00	1282780	670956	0.25	0.00	192.00	0.00	0	perf_experiment
11:18:25 PM	1006	218059	83.00	20.00	0.00	0.00	103.00	63	126.00	0.00	1282780	670976	0.25	0.00	384.00	0.00	0	perf_experiment
11:18:26 PM	1006	218059	80.00	21.00	0.00	0.00	101.00	63	132.00	0.00	1282780	670840	0.25	0.00	520.00	0.00	0	perf_experiment
11:18:27 PM	1006	218059	73.00	29.00	0.00	0.00	102.00	63	65883.00	0.00	1282780	671020	0.25	0.00	496.00	0.00	0	perf_experiment
11:18:28 PM	1006	218059	78.00	24.00	0.00	0.00	102.00	63	147.00	0.00	1282780	670820	0.25	0.00	564.00	0.00	0	perf_experiment
11:18:29 PM	1006	218059	82.00	20.00	0.00	0.00	102.00	63	116.00	0.00	1282780	670724	0.25	0.00	320.00	0.00	0	perf_experiment
11:18:30 PM	1006	218059	79.00	23.00	0.00	0.00	102.00	63	108.00	0.00	1282780	670512	0.25	0.00	520.00	0.00	0	perf_experiment
11:18:31 PM	1006	218059	78.00	24.00	0.00	0.00	102.00	63	60.00	0.00	1282780	670776	0.25	0.00	188.00	0.00	0	perf_experiment
11:18:32 PM	1006	218059	82.00	20.00	0.00	0.00	102.00	63	97.00	0.00	1282780	670796	0.25	0.00	340.00	0.00	0	perf_experiment
11:18:33 PM	1006	218059	84.00	18.00	0.00	0.00	102.00	63	77.00	0.00	1282780	671048	0.25	0.00	188.00	0.00	0	perf_experiment
11:18:34 PM	1006	218059	77.00	24.00	0.00	0.00	101.00	63	69.00	0.00	1282780	670756	0.25	0.00	360.00	0.00	0	perf_experiment
11:18:35 PM	1006	218059	84.00	18.00	0.00	0.00	102.00	63	85.00	0.00	1282780	671016	0.25	0.00	188.00	0.00	0	perf_experiment
11:18:36 PM	1006	218059	84.00	17.00	0.00	0.00	101.00	63	77.00	0.00	1282780	670780	0.25	0.00	320.00	0.00	0	perf_experiment
11:18:37 PM	1006	218059	84.00	18.00	0.00	0.00	102.00	63	109.00	0.00	1282780	670612	0.25	0.00	520.00	0.00	0	perf_experiment
11:18:38 PM	1006	218059	76.00	25.00	0.00	0.00	101.00	63	135.00	0.00	1282780	670624	0.25	0.00	520.00	0.00	0	perf_experiment
11:18:39 PM	1006	218059	81.00	22.00	0.00	0.00	103.00	63	131.00	0.00	1282780	670644	0.25	0.00	612.00	0.00	0	perf_experiment
11:18:40 PM	1006	218059	82.00	19.00	0.00	0.00	101.00	63	103.00	0.00	1282780	671168	0.25	0.00	232.00	0.00	0	perf_experiment
11:18:41 PM	1006	218059	77.00	25.00	0.00	0.00	102.00	63	105.00	0.00	1282780	671008	0.25	0.00	424.00	0.00	0	perf_experiment
11:18:42 PM	1006	218059	79.00	23.00	0.00	0.00	102.00	63	49.00	0.00	1282780	670732	0.25	0.00	296.00	0.00	0	perf_experiment
11:18:43 PM	1006	218059	76.00	25.00	0.00	0.00	101.00	63	48402.00	0.00	1282780	670732	0.25	0.00	140.00	0.00	0	perf_experiment
11:18:44 PM	1006	218059	86.00	15.00	0.00	0.00	101.00	63	12037.00	0.00	1282780	670680	0.25	0.00	388.00	0.00	0	perf_experiment
11:18:45 PM	1006	218059	81.00	21.00	0.00	0.00	102.00	63	168.00	0.00	1282780	670940	0.25	0.00	256.00	0.00	0	perf_experiment
11:18:46 PM	1006	218059	80.00	21.00	0.00	0.00	101.00	63	163.00	0.00	1282780	670948	0.25	0.00	452.00	0.00	0	perf_experiment
11:18:47 PM	1006	218059	82.00	20.00	0.00	0.00	102.00	63	83.00	0.00	1282780	670676	0.25	0.00	360.00	0.00	0	perf_experiment
11:18:48 PM	1006	218059	79.21	21.78	0.00	0.00	100.99	63	587.13	0.00	1282780	670928	0.25	0.00	209.90	0.00	0	perf_experiment
11:18:49 PM	1006	218059	86.00	17.00	0.00	0.00	103.00	63	106.00	0.00	1282780	670704	0.25	0.00	296.00	0.00	0	perf_experiment
11:18:50 PM	1006	218059	76.00	25.00	0.00	0.00	101.00	63	144.00	0.00	1282780	670748	0.25	0.00	520.00	0.00	0	perf_experiment
11:18:51 PM	1006	218059	79.00	22.00	0.00	0.00	101.00	63	64.00	0.00	1282780	670748	0.25	0.00	232.00	0.00	0	perf_experiment
11:18:52 PM	1006	218059	81.00	20.00	0.00	0.00	101.00	63	95.00	0.00	1282780	670788	0.25	0.00	316.00	0.00	0	perf_experiment
11:18:53 PM	1006	218059	77.00	25.00	0.00	0.00	102.00	63	55.00	0.00	1282780	670788	0.25	0.00	188.00	0.00	0	perf_experiment
11:18:54 PM	1006	218059	80.00	21.00	0.00	0.00	101.00	63	58.00	0.00	1282780	671052	0.25	0.00	192.00	0.00	0	perf_experiment
11:18:55 PM	1006	218059	80.00	21.00	0.00	0.00	101.00	63	121.00	0.00	1282780	670800	0.25	0.00	268.00	0.00	0	perf_experiment
11:18:56 PM	1006	218059	82.00	20.00	0.00	0.00	102.00	63	80.00	0.00	1282780	670544	0.25	0.00	408.00	0.00	0	perf_experiment
11:18:57 PM	1006	218059	74.00	28.00	0.00	0.00	102.00	63	75.00	0.00	1282780	670800	0.25	0.00	188.00	0.00	0	perf_experiment
11:18:58 PM	1006	218059	77.00	24.00	0.00	0.00	101.00	63	91.00	0.00	1282780	670816	0.25	0.00	384.00	0.00	0	perf_experiment
11:18:59 PM	1006	218059	80.00	22.00	0.00	0.00	102.00	63	77.00	0.00	1282780	671076	0.25	0.00	260.00	0.00	0	perf_experiment
11:19:00 PM	1006	218059	87.00	16.00	0.00	0.00	103.00	63	2980.00	0.00	1282780	670932	0.25	0.00	248.00	0.00	0	perf_experiment
11:19:01 PM	1006	218059	82.00	19.00	0.00	0.00	101.00	63	1769.00	0.00	1282780	670820	0.25	0.00	476.00	0.00	0	perf_experiment
11:19:02 PM	1006	218059	76.00	27.00	0.00	1.00	103.00	63	143.00	0.00	1282780	670572	0.25	0.00	520.00	0.00	0	perf_experiment
11:19:03 PM	1006	218059	81.00	20.00	0.00	0.00	101.00	63	43.00	0.00	1282780	670812	0.25	0.00	96.00	0.00	0	perf_experiment
11:19:04 PM	1006	218059	74.00	28.00	0.00	0.00	102.00	63	88.00	0.00	1282780	671052	0.25	0.00	168.00	0.00	0	perf_experiment
11:19:05 PM	1006	218059	78.00	23.00	0.00	0.00	101.00	63	62.00	0.00	1282780	671052	0.25	0.00	188.00	0.00	0	perf_experiment
11:19:06 PM	1006	218059	83.00	18.00	0.00	0.00	101.00	63	79.00	0.00	1282780	670852	0.25	0.00	180.00	0.00	0	perf_experiment
11:19:07 PM	1006	218059	85.00	17.00	0.00	0.00	102.00	63	115.00	0.00	1282780	670880	0.25	0.00	432.00	0.00	0	perf_experiment
11:19:08 PM	1006	218059	76.00	26.00	0.00	0.00	102.00	63	120.00	0.00	1282780	670620	0.25	0.00	520.00	0.00	0	perf_experiment
11:19:09 PM	1006	218059	75.00	26.00	0.00	0.00	101.00	63	105.00	0.00	1282780	671108	0.25	0.00	324.00	0.00	0	perf_experiment
11:19:10 PM	1006	218059	77.00	25.00	0.00	0.00	102.00	63	56.00	0.00	1282780	670864	0.25	0.00	268.00	0.00	0	perf_experiment
11:19:11 PM	1006	218059	83.00	18.00	0.00	0.00	101.00	63	47.00	0.00	1282780	670864	0.25	0.00	168.00	0.00	0	perf_experiment
11:19:12 PM	1006	218059	74.00	28.00	0.00	0.00	102.00	63	116.00	0.00	1282780	670820	0.25	0.00	340.00	0.00	0	perf_experiment
11:19:13 PM	1006	218059	79.00	23.00	0.00	0.00	102.00	63	108.00	0.00	1282780	670824	0.25	0.00	476.00	0.00	0	perf_experiment
11:19:14 PM	1006	218059	80.00	22.00	0.00	0.00	102.00	63	55.00	0.00	1282780	670824	0.25	0.00	140.00	0.00	0	perf_experiment
11:19:15 PM	1006	218059	76.00	25.00	0.00	0.00	101.00	63	120.00	0.00	1282780	670824	0.25	0.00	384.00	0.00	0	perf_experiment
11:19:16 PM	1006	218059	76.00	26.00	0.00	0.00	102.00	63	123.00	0.00	1282780	670840	0.25	0.00	520.00	0.00	0	perf_experiment
11:19:17 PM	1006	218059	82.00	21.00	0.00	0.00	103.00	63	112.00	0.00	1282780	670596	0.25	0.00	520.00	0.00	0	perf_experiment
11:19:18 PM	1006	218059	80.00	20.00	0.00	0.00	100.00	63	96.00	0.00	1282780	671120	0.25	0.00	256.00	0.00	0	perf_experiment
11:19:19 PM	1006	218059	82.00	20.00	0.00	0.00	102.00	63	52.00	0.00	1282780	670624	0.25	0.00	292.00	0.00	0	perf_experiment
11:19:20 PM	1006	218059	80.00	22.00	0.00	0.00	102.00	63	83.00	0.00	1282780	671144	0.25	0.00	168.00	0.00	0	perf_experiment
11:19:21 PM	1006	218059	78.00	24.00	0.00	0.00	102.00	63	55.00	0.00	1282780	670700	0.25	0.00	360.00	0.00	0	perf_experiment
11:19:22 PM	1006	218059	84.00	18.00	0.00	0.00	102.00	63	80.00	0.00	1282780	671220	0.25	0.00	280.00	0.00	0	perf_experiment
11:19:23 PM	1006	218059	77.00	24.00	0.00	0.00	101.00	63	96.00	0.00	1282780	670976	0.25	0.00	292.00	0.00	0	perf_experiment
11:19:24 PM	1006	218059	80.00	23.00	0.00	0.00	103.00	63	114.00	0.00	1282780	670868	0.25	0.00	456.00	0.00	0	perf_experiment
11:19:25 PM	1006	218059	78.00	24.00	0.00	0.00	102.00	63	102.00	0.00	1282780	670852	0.25	0.00	520.00	0.00	0	perf_experiment
11:19:26 PM	1006	218059	83.00	19.00	0.00	0.00	102.00	63	98.00	0.00	1282780	671108	0.25	0.00	276.00	0.00	0	perf_experiment
11:19:27 PM	1006	218059	76.00	24.00	0.00	0.00	100.00	63	122.00	0.00	1282780	671076	0.25	0.00	472.00	0.00	0	perf_experiment
11:19:28 PM	1006	218059	82.00	21.00	0.00	0.00	103.00	63	132.00	0.00	1282780	671072	0.25	0.00	476.00	0.00	0	perf_experiment
11:19:29 PM	1006	218059	73.00	27.00	0.00	0.00	100.00	63	104.00	0.00	1282780	670820	0.25	0.00	428.00	0.00	0	perf_experiment
11:19:30 PM	1006	218059	85.00	17.00	0.00	0.00	102.00	63	132.00	0.00	1282780	670872	0.25	0.00	476.00	0.00	0	perf_experiment
11:19:31 PM	1006	218059	79.00	23.00	0.00	0.00	102.00	63	40.00	0.00	1282780	671136	0.25	0.00	324.00	0.00	0	perf_experiment
11:19:32 PM	1006	218059	82.00	20.00	0.00	0.00	102.00	63	52.00	0.00	1282780	670856	0.25	0.00	204.00	0.00	0	perf_experiment
11:19:33 PM	1006	218059	80.00	21.00	0.00	0.00	101.00	63	132.00	0.00	1282780	670892	0.25	0.00	476.00	0.00	0	perf_experiment
11:19:34 PM	1006	218059	80.00	23.00	0.00	0.00	103.00	63	114.00	0.00	1282780	670664	0.25	0.00	520.00	0.00	0	perf_experiment
11:19:35 PM	1006	218059	78.00	23.00	0.00	0.00	101.00	63	86.00	0.00	1282780	671180	0.25	0.00	140.00	0.00	0	perf_experiment
11:19:36 PM	1006	218059	83.00	18.00	0.00	0.00	101.00	63	118.00	0.00	1282780	670924	0.25	0.00	520.00	0.00	0	perf_experiment
11:19:37 PM	1006	218059	78.00	23.00	0.00	0.00	101.00	63	129.00	0.00	1282780	670932	0.25	0.00	476.00	0.00	0	perf_experiment
11:19:38 PM	1006	218059	81.00	22.00	0.00	0.00	103.00	63	115.00	0.00	1282780	670952	0.25	0.00	476.00	0.00	0	perf_experiment
11:19:39 PM	1006	218059	78.00	23.00	0.00	0.00	101.00	63	90.00	0.00	1282780	670856	0.25	0.00	476.00	0.00	0	perf_experiment
11:19:40 PM	1006	218059	77.00	24.00	0.00	0.00	101.00	63	533.00	0.00	1282780	671104	0.25	0.00	140.00	0.00	0	perf_experiment
11:19:41 PM	1006	218059	77.00	26.00	0.00	0.00	103.00	63	82.00	0.00	1282780	670860	0.25	0.00	476.00	0.00	0	perf_experiment
11:19:42 PM	1006	218059	80.00	21.00	0.00	0.00	101.00	63	133.00	0.00	1282780	670884	0.25	0.00	432.00	0.00	0	perf_experiment
11:19:43 PM	1006	218059	81.00	22.00	0.00	0.00	103.00	63	45.00	0.00	1282780	670884	0.25	0.00	256.00	0.00	0	perf_experiment
11:19:44 PM	1006	218059	85.00	17.00	0.00	0.00	102.00	63	113.00	0.00	1282780	670892	0.25	0.00	360.00	0.00	0	perf_experiment
11:19:45 PM	1006	218059	79.00	22.00	0.00	0.00	101.00	63	117.00	0.00	1282780	670852	0.25	0.00	432.00	0.00	0	perf_experiment
11:19:46 PM	1006	218059	82.00	20.00	0.00	0.00	102.00	63	121.00	0.00	1282780	670864	0.25	0.00	520.00	0.00	0	perf_experiment
11:19:47 PM	1006	218059	79.00	23.00	0.00	0.00	102.00	63	104.00	0.00	1282780	670632	0.25	0.00	520.00	0.00	0	perf_experiment
11:19:48 PM	1006	218059	78.00	23.00	0.00	0.00	101.00	63	44.00	0.00	1282780	670888	0.25	0.00	120.00	0.00	0	perf_experiment
11:19:49 PM	1006	218059	81.00	21.00	0.00	0.00	102.00	63	40.00	0.00	1282780	671148	0.25	0.00	188.00	0.00	0	perf_experiment
11:19:50 PM	1006	218059	76.00	26.00	0.00	0.00	102.00	63	50.00	0.00	1282780	670828	0.25	0.00	228.00	0.00	0	perf_experiment
11:19:51 PM	1006	218059	83.00	18.00	0.00	0.00	101.00	63	99.00	0.00	1282780	671076	0.25	0.00	188.00	0.00	0	perf_experiment
11:19:52 PM	1006	218059	72.00	29.00	0.00	0.00	101.00	63	132.00	0.00	1282780	671076	0.25	0.00	520.00	0.00	0	perf_experiment
11:19:53 PM	1006	218059	85.00	17.00	0.00	0.00	102.00	63	85.00	0.00	1282780	670824	0.25	0.00	340.00	0.00	0	perf_experiment
11:19:54 PM	1006	218059	83.00	19.00	0.00	0.00	102.00	63	116.00	0.00	1282780	670848	0.25	0.00	520.00	0.00	0	perf_experiment
11:19:55 PM	1006	218059	84.00	18.00	0.00	0.00	102.00	63	51.00	0.00	1282780	671112	0.25	0.00	276.00	0.00	0	perf_experiment
11:19:56 PM	1006	218059	79.00	23.00	0.00	0.00	102.00	63	63.00	0.00	1282780	670804	0.25	0.00	252.00	0.00	0	perf_experiment
11:19:57 PM	1006	218059	78.00	23.00	0.00	0.00	101.00	63	58.00	0.00	1282780	671056	0.25	0.00	276.00	0.00	0	perf_experiment
11:19:58 PM	1006	218059	81.00	20.00	0.00	0.00	101.00	63	61.00	0.00	1282780	670828	0.25	0.00	252.00	0.00	0	perf_experiment
11:19:59 PM	1006	218059	83.00	19.00	0.00	0.00	102.00	63	86.00	0.00	1282780	671088	0.25	0.00	300.00	0.00	0	perf_experiment
11:20:00 PM	1006	218059	76.00	26.00	0.00	0.00	102.00	16	65875.00	0.00	1282780	670972	0.25	0.00	228.00	0.00	0	perf_experiment
11:20:01 PM	1006	218059	79.00	23.00	0.00	0.00	102.00	16	129.00	0.00	1282780	670712	0.25	0.00	520.00	0.00	0	perf_experiment
11:20:02 PM	1006	218059	75.00	26.00	0.00	0.00	101.00	16	116.00	0.00	1282780	670768	0.25	0.00	520.00	0.00	0	perf_experiment
11:20:03 PM	1006	218059	81.00	21.00	0.00	0.00	102.00	16	137.00	0.00	1282780	671020	0.25	0.00	276.00	0.00	0	perf_experiment
11:20:04 PM	1006	218059	81.00	20.00	0.00	0.00	101.00	16	58.00	0.00	1282780	670784	0.25	0.00	316.00	0.00	0	perf_experiment
11:20:05 PM	1006	218059	78.00	25.00	0.00	0.00	103.00	16	59422.00	0.00	1282780	671068	0.25	0.00	192.00	0.00	0	perf_experiment
11:20:06 PM	1006	218059	78.00	24.00	0.00	0.00	102.00	16	272.00	0.00	1282780	670756	0.25	0.00	272.00	0.00	0	perf_experiment
11:20:07 PM	1006	218059	79.00	23.00	0.00	0.00	102.00	16	431.00	0.00	1282780	670836	0.25	0.00	520.00	0.00	0	perf_experiment
11:20:08 PM	1006	218059	78.00	23.00	0.00	0.00	101.00	16	156.00	0.00	1282780	670840	0.25	0.00	520.00	0.00	0	perf_experiment
11:20:09 PM	1006	218059	82.00	21.00	0.00	0.00	103.00	16	95.00	0.00	1282780	671096	0.25	0.00	232.00	0.00	0	perf_experiment
11:20:10 PM	1006	218059	76.00	26.00	0.00	0.00	102.00	16	61.00	0.00	1282780	671096	0.25	0.00	168.00	0.00	0	perf_experiment
11:20:11 PM	1006	218059	78.00	23.00	0.00	0.00	101.00	16	63.00	0.00	1282780	670836	0.25	0.00	200.00	0.00	0	perf_experiment
11:20:12 PM	1006	218059	81.00	21.00	0.00	0.00	102.00	16	62.00	0.00	1282780	670836	0.25	0.00	168.00	0.00	0	perf_experiment
11:20:13 PM	1006	218059	73.00	29.00	0.00	0.00	102.00	16	53.00	0.00	1282780	671092	0.25	0.00	168.00	0.00	0	perf_experiment
11:20:14 PM	1006	218059	90.00	11.00	0.00	0.00	101.00	16	60.00	0.00	1280716	668836	0.25	0.00	204.00	0.00	0	perf_experiment
11:20:15 PM	1006	218059	1.00	98.00	0.00	1.00	99.00	16	2848.00	0.00	1261756	660348	0.25	0.00	0.00	0.00	0	perf_experiment
11:20:16 PM	1006	218059	0.00	100.00	0.00	1.00	100.00	16	280.00	0.00	1261744	660924	0.25	0.00	0.00	0.00	0	perf_experiment
