Time	UID	PID	%usr	%system	%guest	%wait	%CPU	CPU	minflt/s	majflt/s	VSZ	RSS	%MEM	kB_rd/s	kB_wr/s	kB_ccwr/s	iodelay	Command
02:41:02 AM	1006	219133	50.00	49.00	0.00	0.00	99.00	52	146437.00	0.00	665832	591084	0.22	0.00	4.00	0.00	0	perf_experiment
02:41:03 AM	1006	219133	66.00	34.00	0.00	0.00	100.00	52	6640.00	0.00	676788	602012	0.23	0.00	0.00	0.00	0	perf_experiment
02:41:04 AM	1006	219133	68.00	32.00	0.00	0.00	100.00	52	13143.00	0.00	687612	612828	0.23	0.00	0.00	0.00	0	perf_experiment
02:41:05 AM	1006	219133	71.00	29.00	0.00	0.00	100.00	52	13450.00	0.00	698304	623592	0.24	0.00	0.00	0.00	0	perf_experiment
02:41:06 AM	1006	219133	83.00	17.00	0.00	0.00	100.00	52	12019.00	0.00	708996	634256	0.24	0.00	0.00	0.00	0	perf_experiment
02:41:07 AM	1006	219133	77.00	23.00	0.00	0.00	100.00	52	14538.00	0.00	719688	644940	0.24	0.00	0.00	0.00	0	perf_experiment
02:41:08 AM	1006	219133	76.00	24.00	0.00	0.00	100.00	52	11596.00	0.00	730116	655404	0.25	0.00	0.00	0.00	0	perf_experiment
02:41:09 AM	1006	219133	81.00	19.00	0.00	0.00	100.00	52	11349.00	0.00	740544	665812	0.25	0.00	0.00	0.00	0	perf_experiment
02:41:10 AM	1006	219133	73.00	27.00	0.00	0.00	100.00	52	15479.00	0.00	750840	676092	0.26	0.00	0.00	0.00	0	perf_experiment
02:41:11 AM	1006	219133	75.00	25.00	0.00	0.00	100.00	52	11099.00	0.00	761004	686272	0.26	0.00	0.00	0.00	0	perf_experiment
02:41:12 AM	1006	219133	71.00	27.00	0.00	0.00	98.00	52	18775.00	0.00	770640	695968	0.26	0.00	32768.00	0.00	2	perf_experiment
02:41:13 AM	1006	219133	66.00	31.00	0.00	0.00	97.00	52	19543.00	0.00	780804	706200	0.27	0.00	32768.00	0.00	2	perf_experiment
02:41:14 AM	1006	219133	65.00	33.00	0.00	0.00	98.00	52	12271.00	0.00	791496	716716	0.27	0.00	32768.00	0.00	2	perf_experiment
02:41:15 AM	1006	219133	71.00	27.00	0.00	0.00	98.00	52	13572.00	0.00	802188	727376	0.28	0.00	32768.00	0.00	3	perf_experiment
02:41:16 AM	1006	219133	73.00	25.00	0.00	0.00	98.00	52	11354.00	0.00	812748	737888	0.28	0.00	32768.00	0.00	2	perf_experiment
02:41:17 AM	1006	219133	68.00	29.00	0.00	0.00	97.00	52	13199.00	0.00	823176	748380	0.28	0.00	32768.00	0.00	2	perf_experiment
02:41:18 AM	1006	219133	78.00	20.00	0.00	0.00	98.00	52	11272.00	0.00	833604	758808	0.29	0.00	32768.00	0.00	3	perf_experiment
02:41:19 AM	1006	219133	74.00	24.00	0.00	0.00	98.00	52	16604.00	0.00	843768	769060	0.29	0.00	32768.00	0.00	2	perf_experiment
02:41:20 AM	1006	219133	68.00	29.00	0.00	0.00	97.00	52	19149.00	0.00	853800	779176	0.30	0.00	32768.00	0.00	2	perf_experiment
02:41:21 AM	1006	219133	68.00	30.00	0.00	0.00	98.00	52	11658.00	0.00	863832	789064	0.30	0.00	32768.00	0.00	3	perf_experiment
02:41:22 AM	1006	219133	77.00	20.00	0.00	0.00	97.00	52	11152.00	0.00	873864	799008	0.30	0.00	32768.00	0.00	2	perf_experiment
02:41:23 AM	1006	219133	73.00	25.00	0.00	0.00	98.00	52	15628.00	0.00	883632	808812	0.31	0.00	32768.00	0.00	2	perf_experiment
02:41:24 AM	1006	219133	65.00	29.00	0.00	0.00	94.00	52	14105.00	0.00	398556	324412	0.12	0.00	32772.00	0.00	3	perf_experiment
