Time	UID	PID	%usr	%system	%guest	%wait	%CPU	CPU	minflt/s	majflt/s	VSZ	RSS	%MEM	kB_rd/s	kB_wr/s	kB_ccwr/s	iodelay	Command
03:28:44 AM	1006	219685	69.00	30.00	0.00	0.00	99.00	55	145294.00	0.00	661252	586364	0.22	0.00	4.00	0.00	0	perf_experiment
03:28:45 AM	1006	219685	80.00	13.00	0.00	0.00	93.00	55	46506.00	0.00	665344	590472	0.22	0.00	98304.00	0.00	6	perf_experiment
03:28:46 AM	1006	219685	77.00	9.00	0.00	0.00	86.00	55	50951.00	0.00	668940	594072	0.23	0.00	196608.00	0.00	14	perf_experiment
03:28:47 AM	1006	219685	74.00	13.00	0.00	0.00	87.00	55	50883.00	0.00	672536	597664	0.23	0.00	196608.00	0.00	14	perf_experiment
03:28:48 AM	1006	219685	75.00	10.00	0.00	0.00	85.00	55	64780.00	0.00	676132	601272	0.23	0.00	229376.00	0.00	14	perf_experiment
03:28:49 AM	1006	219685	74.00	12.00	0.00	0.00	86.00	55	51483.00	0.00	679604	604804	0.23	0.00	196608.00	0.00	14	perf_experiment
03:28:50 AM	1006	219685	69.00	16.00	0.00	0.00	85.00	55	54837.00	0.00	683200	608340	0.23	0.00	196608.00	0.00	15	perf_experiment
03:28:51 AM	1006	219685	78.00	9.00	0.00	0.00	87.00	55	42873.00	0.00	686796	611928	0.23	0.00	196608.00	0.00	13	perf_experiment
03:28:52 AM	1006	219685	73.00	13.00	0.00	0.00	86.00	55	26936.00	0.00	690268	615400	0.23	0.00	196608.00	0.00	15	perf_experiment
03:28:53 AM	1006	219685	77.00	9.00	0.00	0.00	86.00	55	41905.00	0.00	693740	618944	0.23	0.00	196608.00	0.00	14	perf_experiment
03:28:54 AM	1006	219685	74.00	12.00	0.00	0.00	86.00	55	25935.00	0.00	697336	622468	0.24	0.00	196608.00	0.00	14	perf_experiment
03:28:55 AM	1006	219685	74.00	10.00	0.00	0.00	84.00	55	1260.00	0.00	700932	626064	0.24	0.00	196608.00	0.00	15	perf_experiment
03:28:56 AM	1006	219685	74.00	12.00	0.00	0.00	86.00	55	19743.00	0.00	704528	629660	0.24	0.00	196608.00	0.00	14	perf_experiment
03:28:57 AM	1006	219685	75.00	10.00	0.00	0.00	85.00	55	21773.00	0.00	708000	633128	0.24	0.00	196608.00	0.00	15	perf_experiment
03:28:58 AM	1006	219685	74.26	10.89	0.00	0.00	85.15	55	37705.94	0.00	711472	636604	0.24	0.00	194661.39	0.00	15	perf_experiment
03:28:59 AM	1006	219685	74.00	12.00	0.00	0.00	86.00	55	13089.00	0.00	715068	640196	0.24	0.00	196608.00	0.00	14	perf_experiment
03:29:00 AM	1006	219685	72.00	12.00	0.00	0.00	84.00	55	4969.00	0.00	718540	643672	0.24	0.00	196608.00	0.00	15	perf_experiment
03:29:01 AM	1006	219685	76.00	10.00	0.00	0.00	86.00	55	20565.00	0.00	722012	647140	0.25	0.00	196608.00	0.00	14	perf_experiment
03:29:02 AM	1006	219685	73.00	13.00	0.00	0.00	86.00	55	1819.00	0.00	725608	650776	0.25	0.00	196608.00	0.00	15	perf_experiment
03:29:03 AM	1006	219685	73.00	12.00	0.00	0.00	85.00	55	41151.00	0.00	729080	654244	0.25	0.00	196608.00	0.00	14	perf_experiment
03:29:04 AM	1006	219685	76.00	10.00	0.00	0.00	86.00	55	25703.00	0.00	732552	657684	0.25	0.00	196608.00	0.00	14	perf_experiment
03:29:05 AM	1006	219685	76.00	10.00	0.00	0.00	86.00	55	9010.00	0.00	736148	661280	0.25	0.00	196608.00	0.00	12	perf_experiment
03:29:06 AM	1006	219685	76.00	10.00	0.00	0.00	86.00	55	1016.00	0.00	739620	664748	0.25	0.00	196608.00	0.00	15	perf_experiment
03:29:07 AM	1006	219685	76.00	11.00	0.00	0.00	87.00	55	13166.00	0.00	743216	668344	0.25	0.00	196608.00	0.00	14	perf_experiment
03:29:08 AM	1006	219685	76.00	10.00	0.00	0.00	86.00	55	3718.00	0.00	746688	671904	0.25	0.00	196608.00	0.00	15	perf_experiment
03:29:09 AM	1006	219685	73.00	12.00	0.00	0.00	85.00	55	3056.00	0.00	750284	675420	0.26	0.00	163840.00	0.00	14	perf_experiment
03:29:10 AM	1006	219685	77.00	10.00	0.00	0.00	87.00	55	55845.00	0.00	753756	678884	0.26	0.00	196608.00	0.00	13	perf_experiment
03:29:11 AM	1006	219685	73.00	12.00	0.00	0.00	85.00	55	9691.00	0.00	757228	682232	0.26	0.00	196608.00	0.00	15	perf_experiment
03:29:12 AM	1006	219685	73.00	12.00	0.00	0.00	85.00	55	1040.00	0.00	760576	685708	0.26	0.00	196608.00	0.00	16	perf_experiment
03:29:13 AM	1006	219685	78.00	8.00	0.00	0.00	86.00	55	14640.00	0.00	764172	689300	0.26	0.00	196608.00	0.00	14	perf_experiment
03:29:14 AM	1006	219685	74.00	11.00	0.00	0.00	85.00	55	1005.00	0.00	767644	692776	0.26	0.00	196608.00	0.00	14	perf_experiment
03:29:15 AM	1006	219685	73.00	12.00	0.00	0.00	85.00	55	5903.00	0.00	770992	696192	0.26	0.00	196608.00	0.00	15	perf_experiment
03:29:16 AM	1006	219685	74.00	12.00	0.00	0.00	86.00	55	4922.00	0.00	774464	699592	0.27	0.00	196608.00	0.00	15	perf_experiment
03:29:17 AM	1006	219685	72.00	13.00	0.00	0.00	85.00	55	929.00	0.00	778060	703188	0.27	0.00	196608.00	0.00	15	perf_experiment
03:29:18 AM	1006	219685	75.00	11.00	0.00	0.00	86.00	55	4665.00	0.00	781656	706784	0.27	0.00	196608.00	0.00	14	perf_experiment
03:29:19 AM	1006	219685	71.00	14.00	0.00	0.00	85.00	55	50050.00	0.00	785252	710384	0.27	0.00	196608.00	0.00	14	perf_experiment
03:29:20 AM	1006	219685	75.00	10.00	0.00	0.00	85.00	55	13503.00	0.00	788848	713976	0.27	0.00	196608.00	0.00	15	perf_experiment
03:29:21 AM	1006	219685	75.00	11.00	0.00	0.00	86.00	55	896.00	0.00	792444	717576	0.27	0.00	196608.00	0.00	14	perf_experiment
03:29:22 AM	1006	219685	74.00	12.00	0.00	0.00	86.00	55	21722.00	0.00	795916	721044	0.27	0.00	196608.00	0.00	15	perf_experiment
03:29:23 AM	1006	219685	73.00	13.00	0.00	0.00	86.00	55	905.00	0.00	799636	724764	0.27	0.00	196608.00	0.00	13	perf_experiment
03:29:24 AM	1006	219685	75.00	10.00	0.00	0.00	85.00	55	899.00	0.00	803240	728372	0.28	0.00	196608.00	0.00	15	perf_experiment
03:29:25 AM	1006	219685	75.00	11.00	0.00	0.00	86.00	55	891.00	0.00	806712	731844	0.28	0.00	229376.00	0.00	14	perf_experiment
03:29:26 AM	1006	219685	76.00	8.00	0.00	0.00	84.00	55	2292.00	0.00	810308	735440	0.28	0.00	196608.00	0.00	14	perf_experiment
03:29:27 AM	1006	219685	73.00	11.00	0.00	0.00	84.00	55	1011.00	0.00	813780	738912	0.28	0.00	196608.00	0.00	18	perf_experiment
03:29:28 AM	1006	219685	75.00	11.00	0.00	0.00	86.00	55	1121.00	0.00	817376	742508	0.28	0.00	196608.00	0.00	14	perf_experiment
03:29:29 AM	1006	219685	78.00	7.00	0.00	0.00	85.00	55	1031.00	0.00	820972	746100	0.28	0.00	196608.00	0.00	15	perf_experiment
03:29:30 AM	1006	219685	75.00	12.00	0.00	0.00	87.00	55	41253.00	0.00	824444	749604	0.28	0.00	196608.00	0.00	14	perf_experiment
03:29:31 AM	1006	219685	76.00	10.00	0.00	0.00	86.00	55	20179.00	0.00	828040	753172	0.29	0.00	196608.00	0.00	14	perf_experiment
03:29:32 AM	1006	219685	74.00	11.00	0.00	0.00	85.00	55	2263.00	0.00	831636	756764	0.29	0.00	196608.00	0.00	15	perf_experiment
03:29:33 AM	1006	219685	76.00	9.00	0.00	0.00	85.00	55	1118.00	0.00	835108	760240	0.29	0.00	196608.00	0.00	14	perf_experiment
03:29:34 AM	1006	219685	76.00	10.00	0.00	0.00	86.00	55	9128.00	0.00	838704	763828	0.29	0.00	196608.00	0.00	14	perf_experiment
03:29:35 AM	1006	219685	76.00	10.00	0.00	0.00	86.00	55	22799.00	0.00	842300	767428	0.29	0.00	196608.00	0.00	14	perf_experiment
03:29:36 AM	1006	219685	76.00	10.00	0.00	0.00	86.00	55	1111.00	0.00	845896	771028	0.29	0.00	196608.00	0.00	14	perf_experiment
03:29:37 AM	1006	219685	71.00	15.00	0.00	0.00	86.00	55	1077.00	0.00	849368	774376	0.29	0.00	196608.00	0.00	14	perf_experiment
03:29:38 AM	1006	219685	73.00	13.00	0.00	0.00	86.00	55	1010.00	0.00	852964	778092	0.29	0.00	196608.00	0.00	14	perf_experiment
03:29:39 AM	1006	219685	75.00	11.00	0.00	0.00	86.00	55	1010.00	0.00	856560	781692	0.30	0.00	196608.00	0.00	15	perf_experiment
03:29:40 AM	1006	219685	72.00	13.00	0.00	0.00	85.00	55	4378.00	0.00	860032	785156	0.30	0.00	196608.00	0.00	14	perf_experiment
03:29:41 AM	1006	219685	75.00	10.00	0.00	0.00	85.00	55	968.00	0.00	863628	788760	0.30	0.00	196608.00	0.00	15	perf_experiment
03:29:42 AM	1006	219685	74.00	12.00	0.00	0.00	86.00	55	1030.00	0.00	867100	792228	0.30	0.00	196608.00	0.00	14	perf_experiment
03:29:43 AM	1006	219685	76.00	9.00	0.00	0.00	85.00	55	1042.00	0.00	870696	795828	0.30	0.00	196608.00	0.00	15	perf_experiment
03:29:44 AM	1006	219685	77.00	9.00	0.00	0.00	86.00	55	1008.00	0.00	874168	799300	0.30	0.00	196608.00	0.00	14	perf_experiment
03:29:45 AM	1006	219685	72.00	13.00	0.00	0.00	85.00	55	27110.00	0.00	877640	802768	0.30	0.00	196608.00	0.00	15	perf_experiment
03:29:46 AM	1006	219685	72.00	14.00	0.00	0.00	86.00	55	31944.00	0.00	881236	806368	0.31	0.00	196608.00	0.00	14	perf_experiment
03:29:47 AM	1006	219685	77.00	9.00	0.00	0.00	86.00	55	8226.00	0.00	884708	809840	0.31	0.00	196608.00	0.00	14	perf_experiment
03:29:48 AM	1006	219685	77.00	9.00	0.00	0.00	86.00	55	1011.00	0.00	888304	813308	0.31	0.00	196608.00	0.00	15	perf_experiment
03:29:49 AM	1006	219685	72.00	13.00	0.00	0.00	85.00	55	1029.00	0.00	891776	816904	0.31	0.00	196608.00	0.00	14	perf_experiment
