Time	UID	PID	%usr	%system	%guest	%wait	%CPU	CPU	minflt/s	majflt/s	VSZ	RSS	%MEM	kB_rd/s	kB_wr/s	kB_ccwr/s	iodelay	Command
07:02:58 AM	1006	220542	76.00	23.00	0.00	0.00	99.00	45	144737.00	0.00	659100	584192	0.22	0.00	4.00	0.00	0	perf_experiment
07:02:59 AM	1006	220542	88.00	5.00	0.00	0.00	93.00	45	47454.00	0.00	660420	585712	0.22	0.00	98304.00	0.00	7	perf_experiment
07:03:00 AM	1006	220542	82.00	3.00	0.00	0.00	85.00	45	51876.00	0.00	661608	586920	0.22	0.00	196608.00	0.00	14	perf_experiment
07:03:01 AM	1006	220542	82.00	4.00	0.00	0.00	86.00	45	52573.00	0.00	662796	588164	0.22	0.00	196608.00	0.00	14	perf_experiment
07:03:02 AM	1006	220542	83.00	6.00	0.00	0.00	89.00	45	53463.00	0.00	664116	589352	0.22	0.00	163840.00	0.00	12	perf_experiment
07:03:03 AM	1006	220542	81.00	4.00	0.00	0.00	85.00	45	59062.00	0.00	665172	590500	0.22	0.00	196608.00	0.00	14	perf_experiment
07:03:04 AM	1006	220542	85.00	5.00	0.00	0.00	90.00	45	54713.00	0.00	666360	591564	0.22	0.00	163840.00	0.00	11	perf_experiment
07:03:05 AM	1006	220542	92.00	2.00	0.00	0.00	94.00	45	11034.00	0.00	666760	592084	0.22	8033.00	65536.00	0.00	5	perf_experiment
07:03:06 AM	1006	220542	94.00	4.00	0.00	0.00	98.00	45	20726.00	0.00	666892	592260	0.22	8803.50	32768.00	0.00	2	perf_experiment
07:03:07 AM	1006	220542	95.00	3.00	0.00	0.00	98.00	45	16445.00	0.00	667156	592452	0.22	9206.00	32768.00	0.00	2	perf_experiment
07:03:08 AM	1006	220542	94.00	3.00	0.00	0.00	97.00	45	13214.00	0.00	667292	592648	0.22	9445.00	32768.00	0.00	3	perf_experiment
07:03:09 AM	1006	220542	96.00	2.00	0.00	0.00	98.00	45	12316.00	0.00	667560	592904	0.22	8857.00	32768.00	0.00	2	perf_experiment
07:03:10 AM	1006	220542	96.00	3.00	0.00	0.00	99.00	45	11865.00	0.00	667824	593144	0.22	8864.00	32768.00	0.00	2	perf_experiment
07:03:11 AM	1006	220542	95.00	2.00	0.00	0.00	97.00	45	13857.00	0.00	667948	593292	0.22	9664.00	32768.00	0.00	3	perf_experiment
07:03:12 AM	1006	220542	94.06	2.97	0.00	0.00	97.03	45	13927.72	0.00	668212	593480	0.22	8724.26	32443.56	0.00	2	perf_experiment
07:03:13 AM	1006	220542	96.00	2.00	0.00	0.00	98.00	45	11156.00	0.00	668476	593816	0.23	8866.50	32768.00	0.00	2	perf_experiment
07:03:14 AM	1006	220542	94.00	3.00	0.00	0.00	97.00	45	13504.00	0.00	668600	593952	0.23	9763.50	32768.00	0.00	3	perf_experiment
07:03:15 AM	1006	220542	96.00	1.00	0.00	0.00	97.00	45	9963.00	0.00	668840	594124	0.23	9484.00	32768.00	0.00	2	perf_experiment
07:03:16 AM	1006	220542	100.00	0.00	0.00	0.00	100.00	45	27.00	0.00	668840	594124	0.23	10747.00	0.00	0.00	0	perf_experiment
07:03:17 AM	1006	220542	99.00	2.00	0.00	0.00	101.00	45	49.00	0.00	668972	594216	0.23	10778.50	0.00	0.00	0	perf_experiment
07:03:18 AM	1006	220542	96.00	2.00	0.00	0.00	98.00	45	8298.00	0.00	669100	594368	0.23	9497.50	32768.00	0.00	2	perf_experiment
07:03:19 AM	1006	220542	98.00	2.00	0.00	0.00	100.00	45	5571.00	0.00	669100	594460	0.23	10649.50	0.00	0.00	0	perf_experiment
07:03:20 AM	1006	220542	94.00	3.00	0.00	0.00	97.00	45	12316.00	0.00	669224	594536	0.23	10413.50	32768.00	0.00	3	perf_experiment
07:03:21 AM	1006	220542	96.00	4.00	0.00	0.00	100.00	45	6778.00	0.00	669356	594684	0.23	9894.50	0.00	0.00	0	perf_experiment
07:03:22 AM	1006	220542	94.00	3.00	0.00	0.00	97.00	45	10627.00	0.00	669480	594772	0.23	10411.50	32768.00	0.00	2	perf_experiment
07:03:23 AM	1006	220542	99.00	2.00	0.00	0.00	101.00	45	2528.00	0.00	669480	594856	0.23	10771.50	0.00	0.00	0	perf_experiment
07:03:24 AM	1006	220542	94.00	3.00	0.00	0.00	97.00	45	11767.00	0.00	669612	594940	0.23	10148.50	32768.00	0.00	2	perf_experiment
07:03:25 AM	1006	220542	98.00	2.00	0.00	0.00	100.00	45	287.00	0.00	669612	594968	0.23	11384.00	0.00	0.00	0	perf_experiment
07:03:26 AM	1006	220542	98.00	2.00	0.00	0.00	100.00	45	761.00	0.00	669612	594968	0.23	11059.50	0.00	0.00	0	perf_experiment
07:03:27 AM	1006	220542	99.00	1.00	0.00	0.00	100.00	45	335.00	0.00	669612	594968	0.23	11248.00	0.00	0.00	0	perf_experiment
07:03:28 AM	1006	220542	98.00	2.00	0.00	0.00	100.00	45	283.00	0.00	669732	595052	0.23	10984.00	0.00	0.00	0	perf_experiment
07:03:29 AM	1006	220542	99.00	1.00	0.00	0.00	100.00	45	1076.00	0.00	669732	595088	0.23	11289.50	0.00	0.00	0	perf_experiment
07:03:30 AM	1006	220542	97.00	3.00	0.00	0.00	100.00	45	1105.00	0.00	669732	595088	0.23	10955.00	0.00	0.00	0	perf_experiment
07:03:31 AM	1006	220542	97.00	3.00	0.00	0.00	100.00	45	1142.00	0.00	669732	595088	0.23	11284.50	0.00	0.00	0	perf_experiment
07:03:32 AM	1006	220542	98.00	2.00	0.00	0.00	100.00	45	1113.00	0.00	669732	595088	0.23	11079.00	0.00	0.00	0	perf_experiment
07:03:33 AM	1006	220542	97.00	3.00	0.00	0.00	100.00	45	1183.00	0.00	669868	595144	0.23	11245.00	0.00	0.00	0	perf_experiment
07:03:34 AM	1006	220542	96.00	2.00	0.00	0.00	98.00	45	9134.00	0.00	669868	595152	0.23	10681.00	32768.00	0.00	2	perf_experiment
07:03:35 AM	1006	220542	99.00	1.00	0.00	0.00	100.00	45	1432.00	0.00	669868	595176	0.23	11021.00	0.00	0.00	0	perf_experiment
07:03:36 AM	1006	220542	99.00	1.00	0.00	0.00	100.00	45	1069.00	0.00	669868	595212	0.23	11107.00	0.00	0.00	0	perf_experiment
07:03:37 AM	1006	220542	97.00	3.00	0.00	0.00	100.00	45	976.00	0.00	669868	595212	0.23	11116.00	0.00	0.00	0	perf_experiment
07:03:38 AM	1006	220542	98.00	2.00	0.00	0.00	100.00	45	1059.00	0.00	669868	595236	0.23	11065.50	0.00	0.00	0	perf_experiment
07:03:39 AM	1006	220542	99.00	1.00	0.00	0.00	100.00	45	1132.00	0.00	669868	595244	0.23	11147.50	0.00	0.00	0	perf_experiment
07:03:40 AM	1006	220542	98.00	2.00	0.00	0.00	100.00	45	1129.00	0.00	669992	595308	0.23	11078.50	0.00	0.00	0	perf_experiment
07:03:41 AM	1006	220542	98.00	2.00	0.00	0.00	100.00	45	1128.00	0.00	669992	595308	0.23	11288.00	0.00	0.00	0	perf_experiment
07:03:42 AM	1006	220542	99.00	1.00	0.00	0.00	100.00	45	1107.00	0.00	669992	595332	0.23	10731.50	0.00	0.00	0	perf_experiment
07:03:43 AM	1006	220542	96.00	2.00	0.00	0.00	98.00	45	9277.00	0.00	669992	595332	0.23	10892.50	32768.00	0.00	3	perf_experiment
07:03:44 AM	1006	220542	99.00	1.00	0.00	0.00	100.00	45	1158.00	0.00	669992	595372	0.23	11285.50	0.00	0.00	0	perf_experiment
07:03:45 AM	1006	220542	98.00	2.00	0.00	0.00	100.00	45	1111.00	0.00	669992	595372	0.23	11005.50	0.00	0.00	0	perf_experiment
07:03:46 AM	1006	220542	97.00	3.00	0.00	0.00	100.00	45	1167.00	0.00	670128	595452	0.23	11225.00	0.00	0.00	0	perf_experiment
07:03:47 AM	1006	220542	99.00	1.00	0.00	0.00	100.00	45	1635.00	0.00	670128	595460	0.23	10988.00	0.00	0.00	0	perf_experiment
07:03:48 AM	1006	220542	99.00	1.00	0.00	0.00	100.00	45	1002.00	0.00	670128	595480	0.23	11226.00	0.00	0.00	0	perf_experiment
07:03:49 AM	1006	220542	98.00	3.00	0.00	0.00	101.00	45	950.00	0.00	670128	595480	0.23	10837.50	0.00	0.00	0	perf_experiment
07:03:50 AM	1006	220542	97.00	2.00	0.00	0.00	99.00	45	991.00	0.00	670252	595520	0.23	11187.50	0.00	0.00	0	perf_experiment
07:03:51 AM	1006	220542	99.00	2.00	0.00	0.00	101.00	45	972.00	0.00	670252	595552	0.23	10885.00	0.00	0.00	0	perf_experiment
07:03:52 AM	1006	220542	95.00	2.00	0.00	0.00	97.00	45	9335.00	0.00	670252	595568	0.23	11135.00	32768.00	0.00	2	perf_experiment
07:03:53 AM	1006	220542	99.00	1.00	0.00	0.00	100.00	45	1128.00	0.00	670252	595592	0.23	10934.00	0.00	0.00	0	perf_experiment
07:03:54 AM	1006	220542	99.00	1.00	0.00	0.00	100.00	45	1140.00	0.00	670252	595592	0.23	11200.50	0.00	0.00	0	perf_experiment
07:03:55 AM	1006	220542	98.00	2.00	0.00	0.00	100.00	45	1149.00	0.00	670252	595620	0.23	11189.00	0.00	0.00	0	perf_experiment
07:03:56 AM	1006	220542	97.00	2.00	0.00	0.00	99.00	45	1150.00	0.00	670252	595636	0.23	11087.50	0.00	0.00	0	perf_experiment
07:03:57 AM	1006	220542	100.00	1.00	0.00	0.00	101.00	45	1178.00	0.00	670384	595684	0.23	11275.50	0.00	0.00	0	perf_experiment
07:03:58 AM	1006	220542	99.00	1.00	0.00	0.00	100.00	45	1132.00	0.00	670384	595684	0.23	11053.50	0.00	0.00	0	perf_experiment
07:03:59 AM	1006	220542	98.00	2.00	0.00	0.00	100.00	45	1183.00	0.00	670384	595732	0.23	11218.50	0.00	0.00	0	perf_experiment
07:04:00 AM	1006	220542	98.00	2.00	0.00	0.00	100.00	45	1177.00	0.00	670384	595732	0.23	11064.50	0.00	0.00	0	perf_experiment
07:04:01 AM	1006	220542	96.00	2.00	0.00	0.00	98.00	45	9040.00	0.00	670384	595764	0.23	10984.00	32768.00	0.00	2	perf_experiment
07:04:02 AM	1006	220542	98.00	2.00	0.00	0.00	100.00	45	397.00	0.00	670384	595764	0.23	10714.00	0.00	0.00	0	perf_experiment
07:04:03 AM	1006	220542	97.00	2.00	0.00	0.00	99.00	45	269.00	0.00	670512	595812	0.23	11343.00	0.00	0.00	0	perf_experiment
07:04:04 AM	1006	220542	100.00	1.00	0.00	0.00	101.00	45	42.00	0.00	670512	595828	0.23	10808.00	0.00	0.00	0	perf_experiment
07:04:05 AM	1006	220542	98.00	2.00	0.00	0.00	100.00	45	37.00	0.00	670512	595876	0.23	11345.00	0.00	0.00	0	perf_experiment
07:04:06 AM	1006	220542	98.00	1.00	0.00	0.00	99.00	45	12.00	0.00	670512	595876	0.23	11054.00	0.00	0.00	0	perf_experiment
07:04:07 AM	1006	220542	100.00	1.00	0.00	0.00	101.00	45	22.00	0.00	670512	595876	0.23	11339.50	0.00	0.00	0	perf_experiment
07:04:08 AM	1006	220542	99.00	1.00	0.00	0.00	100.00	45	255.00	0.00	670648	595948	0.23	10792.50	0.00	0.00	0	perf_experiment
07:04:09 AM	1006	220542	98.00	1.00	0.00	0.00	99.00	45	873.00	0.00	670648	595964	0.23	11288.50	0.00	0.00	0	perf_experiment
07:04:10 AM	1006	220542	97.00	3.00	0.00	0.00	100.00	45	9032.00	0.00	670648	596004	0.23	10812.50	32768.00	0.00	0	perf_experiment
07:04:11 AM	1006	220542	96.00	2.00	0.00	0.00	98.00	45	852.00	0.00	670648	596004	0.23	11073.00	0.00	0.00	3	perf_experiment
07:04:12 AM	1006	220542	99.00	1.00	0.00	0.00	100.00	45	860.00	0.00	670648	596020	0.23	11165.50	0.00	0.00	0	perf_experiment
07:04:13 AM	1006	220542	99.00	1.00	0.00	0.00	100.00	45	841.00	0.00	670648	596020	0.23	10938.50	0.00	0.00	0	perf_experiment
07:04:14 AM	1006	220542	98.00	2.00	0.00	0.00	100.00	45	964.00	0.00	670776	596044	0.23	11288.50	0.00	0.00	0	perf_experiment
07:04:15 AM	1006	220542	98.00	2.00	0.00	0.00	100.00	45	990.00	0.00	670776	596116	0.23	10991.00	0.00	0.00	0	perf_experiment
07:04:16 AM	1006	220542	98.00	2.00	0.00	0.00	100.00	45	972.00	0.00	670776	596124	0.23	10968.00	0.00	0.00	0	perf_experiment
07:04:17 AM	1006	220542	98.00	2.00	0.00	0.00	100.00	45	999.00	0.00	670776	596124	0.23	11211.00	0.00	0.00	0	perf_experiment
07:04:18 AM	1006	220542	99.00	1.00	0.00	0.00	100.00	45	996.00	0.00	670776	596148	0.23	11117.00	0.00	0.00	0	perf_experiment
07:04:19 AM	1006	220542	99.00	1.00	0.00	0.00	100.00	45	861.00	0.00	670912	596188	0.23	11011.00	0.00	0.00	0	perf_experiment
07:04:20 AM	1006	220542	95.00	3.00	0.00	0.00	98.00	45	8209.00	0.00	670912	596188	0.23	10940.00	32768.00	0.00	2	perf_experiment
07:04:21 AM	1006	220542	98.00	2.00	0.00	0.00	100.00	45	19.00	0.00	670912	596212	0.23	11137.50	0.00	0.00	0	perf_experiment
07:04:22 AM	1006	220542	95.00	5.00	0.00	0.00	100.00	45	671.00	0.00	670912	596252	0.23	11027.50	0.00	0.00	0	perf_experiment
07:04:23 AM	1006	220542	99.00	1.00	0.00	0.00	100.00	45	1154.00	0.00	670912	596260	0.23	11136.00	0.00	0.00	0	perf_experiment
07:04:24 AM	1006	220542	99.00	1.00	0.00	0.00	100.00	45	679.00	0.00	670912	596280	0.23	11128.00	0.00	0.00	0	perf_experiment
07:04:25 AM	1006	220542	98.00	2.00	0.00	0.00	100.00	45	87.00	0.00	670912	596292	0.23	11056.00	0.00	0.00	0	perf_experiment
07:04:26 AM	1006	220542	99.00	1.00	0.00	0.00	100.00	45	43.00	0.00	671048	596320	0.23	11352.00	0.00	0.00	0	perf_experiment
07:04:27 AM	1006	220542	97.00	3.00	0.00	0.00	100.00	45	10.00	0.00	671048	596320	0.23	10928.00	0.00	0.00	0	perf_experiment
07:04:28 AM	1006	220542	99.00	1.00	0.00	0.00	100.00	45	16.00	0.00	671048	596320	0.23	11275.00	0.00	0.00	0	perf_experiment
07:04:29 AM	1006	220542	94.00	3.00	0.00	0.00	97.00	45	8682.00	0.00	671048	596420	0.23	10503.50	32768.00	0.00	2	perf_experiment
07:04:30 AM	1006	220542	97.00	4.00	0.00	0.00	101.00	45	1008.00	0.00	671048	596420	0.23	11210.50	0.00	0.00	0	perf_experiment
07:04:31 AM	1006	220542	98.00	2.00	0.00	0.00	100.00	45	992.00	0.00	671184	596484	0.23	10992.00	0.00	0.00	0	perf_experiment
07:04:32 AM	1006	220542	98.00	1.00	0.00	0.00	99.00	45	953.00	0.00	671184	596484	0.23	11305.50	0.00	0.00	0	perf_experiment
07:04:33 AM	1006	220542	98.00	2.00	0.00	0.00	100.00	45	863.00	0.00	671184	596508	0.23	11120.00	0.00	0.00	0	perf_experiment
07:04:34 AM	1006	220542	100.00	1.00	0.00	0.00	101.00	45	873.00	0.00	671184	596532	0.23	11183.50	0.00	0.00	0	perf_experiment
07:04:35 AM	1006	220542	96.00	3.00	0.00	0.00	99.00	45	852.00	0.00	671184	596532	0.23	11082.00	0.00	0.00	0	perf_experiment
07:04:36 AM	1006	220542	100.00	1.00	0.00	0.00	101.00	45	866.00	0.00	671184	596548	0.23	11171.50	0.00	0.00	0	perf_experiment
07:04:37 AM	1006	220542	98.00	2.00	0.00	0.00	100.00	45	885.00	0.00	671320	596604	0.23	11263.00	0.00	0.00	0	perf_experiment
07:04:38 AM	1006	220542	95.00	2.00	0.00	0.00	97.00	45	8798.00	0.00	671320	596604	0.23	10731.50	32768.00	0.00	2	perf_experiment
07:04:39 AM	1006	220542	98.00	2.00	0.00	0.00	100.00	45	30.00	0.00	671320	596616	0.23	11209.00	0.00	0.00	0	perf_experiment
07:04:40 AM	1006	220542	98.00	3.00	0.00	0.00	101.00	45	14.00	0.00	671320	596616	0.23	11088.50	0.00	0.00	0	perf_experiment
07:04:41 AM	1006	220542	98.00	2.00	0.00	0.00	100.00	45	11.00	0.00	671320	596616	0.23	10963.50	0.00	0.00	0	perf_experiment
07:04:42 AM	1006	220542	98.00	1.00	0.00	0.00	99.00	45	24.00	0.00	671456	596716	0.23	11260.00	0.00	0.00	0	perf_experiment
07:04:43 AM	1006	220542	99.00	2.00	0.00	0.00	101.00	45	13.00	0.00	671448	596716	0.23	11173.00	0.00	0.00	0	perf_experiment
07:04:44 AM	1006	220542	97.00	3.00	0.00	0.00	100.00	45	22.00	0.00	671448	596716	0.23	10820.50	0.00	0.00	0	perf_experiment
07:04:45 AM	1006	220542	98.00	1.00	0.00	0.00	99.00	45	11.00	0.00	671448	596716	0.23	11185.00	0.00	0.00	0	perf_experiment
07:04:46 AM	1006	220542	99.00	2.00	0.00	0.00	101.00	45	18.00	0.00	671448	596716	0.23	11007.50	0.00	0.00	0	perf_experiment
07:04:47 AM	1006	220542	95.00	2.00	0.00	0.00	97.00	45	8209.00	0.00	671448	596792	0.23	10899.00	32768.00	0.00	2	perf_experiment
07:04:48 AM	1006	220542	98.00	3.00	0.00	0.00	101.00	45	665.00	0.00	671448	596832	0.23	11040.50	0.00	0.00	0	perf_experiment
07:04:49 AM	1006	220542	98.00	1.00	0.00	0.00	99.00	45	1258.00	0.00	671580	596856	0.23	11350.00	0.00	0.00	0	perf_experiment
07:04:50 AM	1006	220542	97.00	3.00	0.00	0.00	100.00	45	1003.00	0.00	671580	596904	0.23	10996.50	0.00	0.00	0	perf_experiment
07:04:51 AM	1006	220542	98.00	2.00	0.00	0.00	100.00	45	1013.00	0.00	671580	596928	0.23	11128.50	0.00	0.00	0	perf_experiment
07:04:52 AM	1006	220542	98.00	2.00	0.00	0.00	100.00	45	931.00	0.00	671580	596928	0.23	11234.00	0.00	0.00	0	perf_experiment
07:04:53 AM	1006	220542	98.00	2.00	0.00	0.00	100.00	45	856.00	0.00	671580	596928	0.23	11109.00	0.00	0.00	0	perf_experiment
07:04:54 AM	1006	220542	98.00	2.00	0.00	0.00	100.00	45	878.00	0.00	671580	596960	0.23	11262.00	0.00	0.00	0	perf_experiment
07:04:55 AM	1006	220542	99.00	1.00	0.00	0.00	100.00	45	988.00	0.00	671708	597000	0.23	11055.50	0.00	0.00	0	perf_experiment
07:04:56 AM	1006	220542	100.00	0.00	0.00	0.00	100.00	45	1001.00	0.00	671708	597024	0.23	11238.50	0.00	0.00	0	perf_experiment
07:04:57 AM	1006	220542	95.00	3.00	0.00	0.00	98.00	45	8295.00	0.00	671708	597048	0.23	10631.50	32768.00	0.00	2	perf_experiment
07:04:58 AM	1006	220542	98.00	2.00	0.00	0.00	100.00	45	62.00	0.00	671708	597080	0.23	11127.50	0.00	0.00	0	perf_experiment
07:04:59 AM	1006	220542	100.00	0.00	0.00	0.00	100.00	45	944.00	0.00	671708	597080	0.23	11084.00	0.00	0.00	0	perf_experiment
07:05:00 AM	1006	220542	99.00	1.00	0.00	0.00	100.00	45	875.00	0.00	671836	597136	0.23	11180.00	0.00	0.00	0	perf_experiment
07:05:01 AM	1006	220542	99.00	1.00	0.00	0.00	100.00	45	845.00	0.00	671836	597136	0.23	11011.00	0.00	0.00	0	perf_experiment
07:05:02 AM	1006	220542	98.00	2.00	0.00	0.00	100.00	45	879.00	0.00	671836	597176	0.23	11259.50	0.00	0.00	0	perf_experiment
07:05:03 AM	1006	220542	98.00	2.00	0.00	0.00	100.00	45	836.00	0.00	671836	597176	0.23	10877.50	0.00	0.00	0	perf_experiment
07:05:04 AM	1006	220542	98.00	2.00	0.00	0.00	100.00	45	890.00	0.00	671836	597200	0.23	11447.50	0.00	0.00	0	perf_experiment
07:05:05 AM	1006	220542	97.00	3.00	0.00	0.00	100.00	45	826.00	0.00	671836	597200	0.23	10750.50	0.00	0.00	0	perf_experiment
07:05:06 AM	1006	220542	95.00	3.00	0.00	0.00	98.00	45	9034.00	0.00	671964	597232	0.23	10782.50	32768.00	0.00	3	perf_experiment
07:05:07 AM	1006	220542	98.00	2.00	0.00	0.00	100.00	45	880.00	0.00	671964	597272	0.23	11369.50	0.00	0.00	0	perf_experiment
07:05:08 AM	1006	220542	98.00	2.00	0.00	0.00	100.00	45	896.00	0.00	671964	597304	0.23	10990.00	0.00	0.00	0	perf_experiment
07:05:09 AM	1006	220542	97.00	3.00	0.00	0.00	100.00	45	997.00	0.00	671964	597304	0.23	11109.00	0.00	0.00	0	perf_experiment
07:05:10 AM	1006	220542	99.00	1.00	0.00	0.00	100.00	45	991.00	0.00	671964	597336	0.23	11062.00	0.00	0.00	0	perf_experiment
07:05:11 AM	1006	220542	98.00	2.00	0.00	0.00	100.00	45	977.00	0.00	671964	597336	0.23	11000.50	0.00	0.00	0	perf_experiment
07:05:12 AM	1006	220542	99.00	1.00	0.00	0.00	100.00	45	1011.00	0.00	672100	597392	0.23	11214.50	0.00	0.00	0	perf_experiment
07:05:13 AM	1006	220542	96.00	4.00	0.00	0.00	100.00	45	894.00	0.00	672100	597424	0.23	11043.50	0.00	0.00	0	perf_experiment
07:05:14 AM	1006	220542	97.03	1.98	0.00	0.00	99.01	45	857.43	0.00	672100	597424	0.23	11063.86	0.00	0.00	0	perf_experiment
07:05:15 AM	1006	220542	94.00	4.00	0.00	0.00	98.00	45	8590.00	0.00	672100	597440	0.23	10737.00	32768.00	0.00	2	perf_experiment
07:05:16 AM	1006	220542	97.00	2.00	0.00	0.00	99.00	45	15.00	0.00	672212	597440	0.23	11080.00	0.00	0.00	0	perf_experiment
07:05:17 AM	1006	220542	100.00	1.00	0.00	0.00	101.00	45	13.00	0.00	672212	597440	0.23	11192.50	0.00	0.00	0	perf_experiment
07:05:18 AM	1006	220542	99.00	0.00	0.00	0.00	99.00	45	20.00	0.00	672212	597440	0.23	11082.50	0.00	0.00	0	perf_experiment
07:05:19 AM	1006	220542	97.00	3.00	0.00	0.00	100.00	45	17.00	0.00	672212	597524	0.23	11074.50	0.00	0.00	0	perf_experiment
07:05:20 AM	1006	220542	100.00	1.00	0.00	0.00	101.00	45	15.00	0.00	672212	597524	0.23	11283.50	0.00	0.00	0	perf_experiment
07:05:21 AM	1006	220542	98.00	1.00	0.00	0.00	99.00	45	13.00	0.00	672212	597524	0.23	11095.50	0.00	0.00	0	perf_experiment
07:05:22 AM	1006	220542	99.00	1.00	0.00	0.00	100.00	45	742.00	0.00	672212	597596	0.23	10932.50	0.00	0.00	0	perf_experiment
07:05:23 AM	1006	220542	97.00	4.00	0.00	0.00	101.00	45	436.00	0.00	672344	597628	0.23	11357.00	0.00	0.00	0	perf_experiment
07:05:24 AM	1006	220542	96.00	2.00	0.00	0.00	98.00	45	8412.00	0.00	672344	597644	0.23	10552.00	32768.00	0.00	2	perf_experiment
07:05:25 AM	1006	220542	98.00	2.00	0.00	0.00	100.00	45	190.00	0.00	672344	597676	0.23	11127.50	0.00	0.00	0	perf_experiment
07:05:26 AM	1006	220542	99.00	1.00	0.00	0.00	100.00	45	38.00	0.00	672344	597676	0.23	10912.00	0.00	0.00	0	perf_experiment
07:05:27 AM	1006	220542	97.00	3.00	0.00	0.00	100.00	45	20.00	0.00	672344	597676	0.23	11063.00	0.00	0.00	0	perf_experiment
07:05:28 AM	1006	220542	99.00	1.00	0.00	0.00	100.00	45	25.00	0.00	672480	597740	0.23	11352.50	0.00	0.00	0	perf_experiment
07:05:29 AM	1006	220542	97.00	3.00	0.00	0.00	100.00	45	22.00	0.00	672480	597740	0.23	10851.50	0.00	0.00	0	perf_experiment
07:05:30 AM	1006	220542	99.00	0.00	0.00	0.00	99.00	45	9.00	0.00	672480	597740	0.23	11428.50	0.00	0.00	0	perf_experiment
07:05:31 AM	1006	220542	99.00	2.00	0.00	0.00	101.00	45	13.00	0.00	672480	597740	0.23	10876.50	0.00	0.00	0	perf_experiment
07:05:32 AM	1006	220542	98.00	2.00	0.00	0.00	100.00	45	13.00	0.00	672480	597740	0.23	11400.50	0.00	0.00	0	perf_experiment
07:05:33 AM	1006	220542	97.00	3.00	0.00	0.00	100.00	45	10.00	0.00	672480	597836	0.23	10676.50	0.00	0.00	0	perf_experiment
07:05:34 AM	1006	220542	96.00	2.00	0.00	0.00	98.00	45	8214.00	0.00	672480	597836	0.23	11168.50	32768.00	0.00	2	perf_experiment
07:05:35 AM	1006	220542	98.00	1.00	0.00	0.00	99.00	45	164.00	0.00	672616	597884	0.23	10910.50	0.00	0.00	0	perf_experiment
07:05:36 AM	1006	220542	98.00	2.00	0.00	0.00	100.00	45	998.00	0.00	672616	597940	0.23	11072.50	0.00	0.00	0	perf_experiment
07:05:37 AM	1006	220542	97.00	3.00	0.00	0.00	100.00	45	979.00	0.00	672616	597956	0.23	11038.50	0.00	0.00	0	perf_experiment
07:05:38 AM	1006	220542	98.00	3.00	0.00	0.00	101.00	45	1000.00	0.00	672616	597956	0.23	11355.50	0.00	0.00	0	perf_experiment
07:05:39 AM	1006	220542	99.00	1.00	0.00	0.00	100.00	45	969.00	0.00	672728	598012	0.23	10803.50	0.00	0.00	0	perf_experiment
07:05:40 AM	1006	220542	96.00	4.00	0.00	0.00	100.00	45	1014.00	0.00	672728	598036	0.23	11386.50	0.00	0.00	0	perf_experiment
07:05:41 AM	1006	220542	98.00	2.00	0.00	0.00	100.00	45	953.00	0.00	672728	598052	0.23	10710.00	0.00	0.00	0	perf_experiment
07:05:42 AM	1006	220542	95.00	2.00	0.00	0.00	97.00	45	9162.00	0.00	672728	598076	0.23	10870.00	32768.00	0.00	3	perf_experiment
07:05:43 AM	1006	220542	99.00	1.00	0.00	0.00	100.00	45	969.00	0.00	672728	598076	0.23	10964.50	0.00	0.00	0	perf_experiment
07:05:44 AM	1006	220542	98.00	2.00	0.00	0.00	100.00	45	1012.00	0.00	672864	598132	0.23	11236.00	0.00	0.00	0	perf_experiment
07:05:45 AM	1006	220542	99.00	1.00	0.00	0.00	100.00	45	987.00	0.00	672864	598164	0.23	11053.50	0.00	0.00	0	perf_experiment
07:05:46 AM	1006	220542	99.00	1.00	0.00	0.00	100.00	45	993.00	0.00	672864	598204	0.23	11116.00	0.00	0.00	0	perf_experiment
07:05:47 AM	1006	220542	98.00	2.00	0.00	0.00	100.00	45	978.00	0.00	672864	598204	0.23	11044.00	0.00	0.00	0	perf_experiment
07:05:48 AM	1006	220542	99.00	0.00	0.00	0.00	99.00	45	1003.00	0.00	672864	598204	0.23	11260.00	0.00	0.00	0	perf_experiment
07:05:49 AM	1006	220542	99.00	2.00	0.00	0.00	101.00	45	1005.00	0.00	672864	598236	0.23	11095.00	0.00	0.00	0	perf_experiment
07:05:50 AM	1006	220542	99.00	0.00	0.00	0.00	99.00	45	987.00	0.00	673000	598284	0.23	11028.00	0.00	0.00	0	perf_experiment
07:05:51 AM	1006	220542	96.00	3.00	0.00	0.00	99.00	45	8487.00	0.00	673000	598284	0.23	10770.50	32768.00	0.00	2	perf_experiment
07:05:52 AM	1006	220542	99.00	1.00	0.00	0.00	100.00	45	33.00	0.00	673000	598284	0.23	11155.00	0.00	0.00	0	perf_experiment
07:05:53 AM	1006	220542	98.00	2.00	0.00	0.00	100.00	45	16.00	0.00	673000	598284	0.23	11091.00	0.00	0.00	0	perf_experiment
07:05:54 AM	1006	220542	98.00	2.00	0.00	0.00	100.00	45	10.00	0.00	673000	598348	0.23	11050.50	0.00	0.00	0	perf_experiment
07:05:55 AM	1006	220542	98.00	2.00	0.00	0.00	100.00	45	20.00	0.00	673000	598348	0.23	11251.50	0.00	0.00	0	perf_experiment
07:05:56 AM	1006	220542	98.00	1.00	0.00	0.00	99.00	45	30.00	0.00	673128	598396	0.23	10975.50	0.00	0.00	0	perf_experiment
07:05:57 AM	1006	220542	98.00	2.00	0.00	0.00	100.00	45	19.00	0.00	673128	598396	0.23	11232.50	0.00	0.00	0	perf_experiment
07:05:58 AM	1006	220542	96.00	4.00	0.00	0.00	100.00	45	20.00	0.00	673128	598396	0.23	11381.50	0.00	0.00	0	perf_experiment
07:05:59 AM	1006	220542	96.00	2.00	0.00	0.00	98.00	45	8203.00	0.00	673128	598480	0.23	10512.00	32768.00	0.00	2	perf_experiment
07:06:00 AM	1006	220542	99.00	1.00	0.00	0.00	100.00	45	24.00	0.00	673260	598480	0.23	11504.50	0.00	0.00	0	perf_experiment
07:06:01 AM	1006	220542	98.00	2.00	0.00	0.00	100.00	45	16.00	0.00	673252	598536	0.23	11052.50	0.00	0.00	0	perf_experiment
07:06:02 AM	1006	220542	99.00	1.00	0.00	0.00	100.00	45	23.00	0.00	673252	598536	0.23	11219.00	0.00	0.00	0	perf_experiment
07:06:03 AM	1006	220542	99.00	1.00	0.00	0.00	100.00	45	19.00	0.00	673252	598536	0.23	11191.50	0.00	0.00	0	perf_experiment
07:06:04 AM	1006	220542	99.00	1.00	0.00	0.00	100.00	45	14.00	0.00	673252	598600	0.23	11098.50	0.00	0.00	0	perf_experiment
07:06:05 AM	1006	220542	98.00	2.00	0.00	0.00	100.00	45	22.00	0.00	673380	598648	0.23	11283.00	0.00	0.00	0	perf_experiment
07:06:06 AM	1006	220542	99.00	1.00	0.00	1.00	100.00	45	891.00	0.00	673380	598704	0.23	11106.50	0.00	0.00	0	perf_experiment
07:06:07 AM	1006	220542	99.00	1.00	0.00	0.00	100.00	45	566.00	0.00	673380	598712	0.23	11378.50	0.00	0.00	0	perf_experiment
07:06:08 AM	1006	220542	96.00	2.00	0.00	0.00	98.00	45	9467.00	0.00	673380	598752	0.23	10941.00	32768.00	0.00	3	perf_experiment
07:06:09 AM	1006	220542	98.00	2.00	0.00	0.00	100.00	45	1242.00	0.00	673380	598752	0.23	11296.50	0.00	0.00	0	perf_experiment
07:06:10 AM	1006	220542	97.00	3.00	0.00	0.00	100.00	45	1004.00	0.00	673508	598776	0.23	11230.50	0.00	0.00	0	perf_experiment
07:06:11 AM	1006	220542	98.00	2.00	0.00	0.00	100.00	45	1063.00	0.00	673508	598800	0.23	11854.50	0.00	0.00	0	perf_experiment
07:06:12 AM	1006	220542	99.00	2.00	0.00	0.00	101.00	45	989.00	0.00	673508	598800	0.23	11156.50	0.00	0.00	0	perf_experiment
07:06:13 AM	1006	220542	98.00	1.00	0.00	0.00	99.00	45	1018.00	0.00	673508	598840	0.23	11376.50	0.00	0.00	0	perf_experiment
07:06:14 AM	1006	220542	98.00	2.00	0.00	0.00	100.00	45	1032.00	0.00	673508	598872	0.23	11541.00	0.00	0.00	0	perf_experiment
07:06:15 AM	1006	220542	98.00	2.00	0.00	0.00	100.00	45	1035.00	0.00	673508	598896	0.23	11557.50	0.00	0.00	0	perf_experiment
07:06:16 AM	1006	220542	97.00	1.00	0.00	0.00	98.00	45	8506.00	0.00	673644	598896	0.23	10804.50	32768.00	0.00	2	perf_experiment
07:06:17 AM	1006	220542	96.00	4.00	0.00	0.00	100.00	45	21.00	0.00	673644	598896	0.23	12132.00	0.00	0.00	0	perf_experiment
07:06:18 AM	1006	220542	99.00	1.00	0.00	0.00	100.00	45	19.00	0.00	673644	598976	0.23	11348.00	0.00	0.00	0	perf_experiment
07:06:19 AM	1006	220542	98.00	2.00	0.00	0.00	100.00	45	11.00	0.00	673644	598976	0.23	11509.00	0.00	0.00	0	perf_experiment
07:06:20 AM	1006	220542	97.00	3.00	0.00	0.00	100.00	45	15.00	0.00	673644	598976	0.23	11515.50	0.00	0.00	0	perf_experiment
07:06:21 AM	1006	220542	100.00	0.00	0.00	0.00	100.00	45	20.00	0.00	673776	598976	0.23	11198.00	0.00	0.00	0	perf_experiment
07:06:22 AM	1006	220542	98.00	2.00	0.00	0.00	100.00	45	22.00	0.00	673776	599068	0.23	11744.00	0.00	0.00	0	perf_experiment
07:06:23 AM	1006	220542	98.00	2.00	0.00	0.00	100.00	45	34.00	0.00	673776	599068	0.23	11515.00	0.00	0.00	0	perf_experiment
07:06:24 AM	1006	220542	94.00	4.00	0.00	0.00	98.00	45	8205.00	0.00	673776	599124	0.23	10922.00	32768.00	0.00	2	perf_experiment
07:06:25 AM	1006	220542	98.00	2.00	0.00	0.00	100.00	45	25.00	0.00	673776	599124	0.23	11534.50	0.00	0.00	0	perf_experiment
07:06:26 AM	1006	220542	97.00	3.00	0.00	0.00	100.00	45	24.00	0.00	673912	599124	0.23	11683.50	0.00	0.00	0	perf_experiment
07:06:27 AM	1006	220542	97.00	3.00	0.00	0.00	100.00	45	15.00	0.00	673912	599212	0.23	10986.50	0.00	0.00	0	perf_experiment
07:06:28 AM	1006	220542	99.00	0.00	0.00	0.00	99.00	45	25.00	0.00	673912	599212	0.23	11442.00	0.00	0.00	0	perf_experiment
07:06:29 AM	1006	220542	99.00	2.00	0.00	0.00	101.00	45	18.00	0.00	673912	599212	0.23	11652.00	0.00	0.00	0	perf_experiment
07:06:30 AM	1006	220542	98.00	1.00	0.00	0.00	99.00	45	18.00	0.00	673912	599212	0.23	11219.50	0.00	0.00	0	perf_experiment
07:06:31 AM	1006	220542	98.00	3.00	0.00	0.00	101.00	45	18.00	0.00	673912	599284	0.23	11026.50	0.00	0.00	0	perf_experiment
07:06:32 AM	1006	220542	96.00	1.00	0.00	0.00	97.00	45	8214.00	0.00	674048	599332	0.23	10786.50	32768.00	0.00	3	perf_experiment
07:06:33 AM	1006	220542	98.00	2.00	0.00	0.00	100.00	45	21.00	0.00	674048	599332	0.23	11395.50	0.00	0.00	0	perf_experiment
07:06:34 AM	1006	220542	96.00	4.00	0.00	0.00	100.00	45	10.00	0.00	674048	599396	0.23	11021.00	0.00	0.00	0	perf_experiment
07:06:35 AM	1006	220542	98.00	2.00	0.00	0.00	100.00	45	13.00	0.00	674048	599396	0.23	11198.00	0.00	0.00	0	perf_experiment
07:06:36 AM	1006	220542	99.00	1.00	0.00	0.00	100.00	45	22.00	0.00	674048	599396	0.23	11177.00	0.00	0.00	0	perf_experiment
07:06:37 AM	1006	220542	97.00	3.00	0.00	0.00	100.00	45	15.00	0.00	674048	599396	0.23	11300.50	0.00	0.00	0	perf_experiment
07:06:38 AM	1006	220542	96.00	4.00	0.00	0.00	100.00	45	28.00	0.00	674184	599464	0.23	11091.50	0.00	0.00	0	perf_experiment
07:06:39 AM	1006	220542	98.00	2.00	0.00	0.00	100.00	45	11.00	0.00	674184	599464	0.23	11184.00	0.00	0.00	0	perf_experiment
07:06:40 AM	1006	220542	99.00	1.00	0.00	0.00	100.00	45	31.00	0.00	674304	599464	0.23	10934.50	0.00	0.00	0	perf_experiment
07:06:41 AM	1006	220542	95.00	3.00	0.00	0.00	98.00	45	8228.00	0.00	674304	599588	0.23	10655.50	32768.00	0.00	2	perf_experiment
07:06:42 AM	1006	220542	99.00	1.00	0.00	0.00	100.00	45	8.00	0.00	674304	599588	0.23	11102.50	0.00	0.00	0	perf_experiment
07:06:43 AM	1006	220542	98.00	2.00	0.00	0.00	100.00	45	10.00	0.00	674304	599588	0.23	11143.00	0.00	0.00	0	perf_experiment
07:06:44 AM	1006	220542	98.00	2.00	0.00	0.00	100.00	45	18.00	0.00	674304	599628	0.23	11098.50	0.00	0.00	0	perf_experiment
07:06:45 AM	1006	220542	96.00	4.00	0.00	0.00	100.00	45	14.00	0.00	674304	599628	0.23	11050.00	0.00	0.00	0	perf_experiment
07:06:46 AM	1006	220542	99.00	1.00	0.00	0.00	100.00	45	18.00	0.00	674304	599628	0.23	11096.00	0.00	0.00	0	perf_experiment
07:06:47 AM	1006	220542	98.00	2.00	0.00	0.00	100.00	45	18.00	0.00	674440	599628	0.23	10966.00	0.00	0.00	0	perf_experiment
07:06:48 AM	1006	220542	99.00	1.00	0.00	0.00	100.00	45	24.00	0.00	674440	599716	0.23	11277.50	0.00	0.00	0	perf_experiment
07:06:49 AM	1006	220542	95.00	2.00	0.00	0.00	97.00	45	8212.00	0.00	674440	599772	0.23	10388.00	32768.00	0.00	2	perf_experiment
07:06:50 AM	1006	220542	98.00	2.00	0.00	0.00	100.00	45	21.00	0.00	674440	599812	0.23	11265.00	0.00	0.00	0	perf_experiment
07:06:51 AM	1006	220542	98.00	2.00	0.00	0.00	100.00	45	10.00	0.00	674440	599812	0.23	11048.50	0.00	0.00	0	perf_experiment
07:06:52 AM	1006	220542	97.00	3.00	0.00	0.00	100.00	45	13.00	0.00	674440	599812	0.23	11183.00	0.00	0.00	0	perf_experiment
07:06:53 AM	1006	220542	98.00	3.00	0.00	0.00	101.00	45	20.00	0.00	674576	599812	0.23	10952.50	0.00	0.00	0	perf_experiment
07:06:54 AM	1006	220542	98.00	2.00	0.00	0.00	100.00	45	18.00	0.00	674576	599812	0.23	11083.00	0.00	0.00	0	perf_experiment
07:06:55 AM	1006	220542	97.00	2.00	0.00	0.00	99.00	45	20.00	0.00	674576	599892	0.23	11038.50	0.00	0.00	0	perf_experiment
07:06:56 AM	1006	220542	97.00	3.00	0.00	0.00	100.00	45	13.00	0.00	674576	599892	0.23	10904.00	0.00	0.00	0	perf_experiment
07:06:57 AM	1006	220542	99.00	1.00	0.00	0.00	100.00	45	25.00	0.00	674680	599968	0.23	11379.00	0.00	0.00	0	perf_experiment
07:06:58 AM	1006	220542	96.00	2.00	0.00	0.00	98.00	45	8215.00	0.00	674680	599984	0.23	10626.50	32768.00	0.00	3	perf_experiment
07:06:59 AM	1006	220542	99.00	0.00	0.00	0.00	99.00	45	16.00	0.00	674680	599984	0.23	11078.50	0.00	0.00	0	perf_experiment
07:07:00 AM	1006	220542	97.00	4.00	0.00	0.00	101.00	45	10.00	0.00	674680	599984	0.23	11070.50	0.00	0.00	0	perf_experiment
07:07:01 AM	1006	220542	98.00	2.00	0.00	0.00	100.00	45	1452.00	0.00	674812	600072	0.23	11109.50	0.00	0.00	0	perf_experiment
07:07:02 AM	1006	220542	98.00	2.00	0.00	0.00	100.00	45	572.00	0.00	674788	600120	0.23	10958.50	0.00	0.00	0	perf_experiment
07:07:03 AM	1006	220542	98.00	2.00	0.00	0.00	100.00	45	520.00	0.00	674788	600168	0.23	11240.50	0.00	0.00	0	perf_experiment
07:07:04 AM	1006	220542	99.00	1.00	0.00	0.00	100.00	45	194.00	0.00	674788	600168	0.23	11210.00	0.00	0.00	0	perf_experiment
07:07:05 AM	1006	220542	99.00	1.00	0.00	0.00	100.00	45	30.00	0.00	674788	600168	0.23	10781.50	0.00	0.00	0	perf_experiment
07:07:06 AM	1006	220542	96.00	2.00	0.00	0.00	98.00	45	8210.00	0.00	674916	600184	0.23	10905.50	32768.00	0.00	2	perf_experiment
07:07:07 AM	1006	220542	98.00	1.00	0.00	0.00	99.00	45	21.00	0.00	674916	600184	0.23	11256.00	0.00	0.00	0	perf_experiment
07:07:08 AM	1006	220542	97.00	4.00	0.00	0.00	101.00	45	19.00	0.00	674916	600184	0.23	10802.00	0.00	0.00	0	perf_experiment
07:07:09 AM	1006	220542	98.00	2.00	0.00	0.00	100.00	45	13.00	0.00	674916	600184	0.23	11360.50	0.00	0.00	0	perf_experiment
07:07:10 AM	1006	220542	99.00	1.00	0.00	0.00	100.00	45	16.00	0.00	674916	600256	0.23	11153.50	0.00	0.00	0	perf_experiment
07:07:11 AM	1006	220542	96.00	4.00	0.00	0.00	100.00	45	17.00	0.00	674916	600256	0.23	10871.00	0.00	0.00	0	perf_experiment
07:07:12 AM	1006	220542	98.00	2.00	0.00	0.00	100.00	45	27.00	0.00	675052	600256	0.23	11276.50	0.00	0.00	0	perf_experiment
07:07:13 AM	1006	220542	98.00	2.00	0.00	0.00	100.00	45	23.00	0.00	675052	600376	0.23	11151.50	0.00	0.00	0	perf_experiment
07:07:14 AM	1006	220542	93.07	2.97	0.00	0.00	96.04	45	8118.81	0.00	675052	600384	0.23	10471.78	32443.56	0.00	3	perf_experiment
07:07:15 AM	1006	220542	98.00	2.00	0.00	0.00	100.00	45	14.00	0.00	675052	600384	0.23	11050.50	0.00	0.00	0	perf_experiment
07:07:16 AM	1006	220542	99.00	1.00	0.00	0.00	100.00	45	21.00	0.00	675052	600384	0.23	11103.50	0.00	0.00	0	perf_experiment
07:07:17 AM	1006	220542	99.00	1.00	0.00	0.00	100.00	45	13.00	0.00	675052	600436	0.23	10987.00	0.00	0.00	0	perf_experiment
07:07:18 AM	1006	220542	98.00	2.00	0.00	0.00	100.00	45	22.00	0.00	675188	600436	0.23	11262.00	0.00	0.00	0	perf_experiment
07:07:19 AM	1006	220542	97.00	3.00	0.00	0.00	100.00	45	18.00	0.00	675188	600436	0.23	11048.50	0.00	0.00	0	perf_experiment
07:07:20 AM	1006	220542	97.00	3.00	0.00	0.00	100.00	45	15.00	0.00	675188	600436	0.23	10859.00	0.00	0.00	0	perf_experiment
07:07:21 AM	1006	220542	97.00	3.00	0.00	0.00	100.00	45	769.00	0.00	675188	600556	0.23	11339.00	0.00	0.00	0	perf_experiment
07:07:22 AM	1006	220542	98.00	2.00	0.00	0.00	100.00	45	942.00	0.00	675188	600556	0.23	10650.00	0.00	0.00	0	perf_experiment
07:07:23 AM	1006	220542	96.00	2.00	0.00	0.00	98.00	45	9183.00	0.00	675320	600604	0.23	11024.50	32768.00	0.00	2	perf_experiment
07:07:24 AM	1006	220542	99.00	0.00	0.00	0.00	99.00	45	975.00	0.00	675320	600628	0.23	10921.00	0.00	0.00	0	perf_experiment
07:07:25 AM	1006	220542	97.00	4.00	0.00	0.00	101.00	45	997.00	0.00	675320	600660	0.23	11137.00	0.00	0.00	0	perf_experiment
07:07:26 AM	1006	220542	99.00	1.00	0.00	0.00	100.00	45	989.00	0.00	675320	600684	0.23	11052.00	0.00	0.00	0	perf_experiment
07:07:27 AM	1006	220542	97.00	2.00	0.00	0.00	99.00	45	1020.00	0.00	675320	600684	0.23	11482.50	0.00	0.00	0	perf_experiment
07:07:28 AM	1006	220542	99.00	2.00	0.00	0.00	101.00	45	960.00	0.00	675448	600716	0.23	10702.00	0.00	0.00	0	perf_experiment
07:07:29 AM	1006	220542	97.00	2.00	0.00	0.00	99.00	45	1015.00	0.00	675448	600764	0.23	11318.50	0.00	0.00	0	perf_experiment
07:07:30 AM	1006	220542	100.00	1.00	0.00	0.00	101.00	45	1010.00	0.00	675448	600804	0.23	11295.00	0.00	0.00	0	perf_experiment
07:07:31 AM	1006	220542	94.00	4.00	0.00	0.00	98.00	45	9043.00	0.00	675448	600820	0.23	10708.00	32768.00	0.00	2	perf_experiment
07:07:32 AM	1006	220542	98.00	2.00	0.00	0.00	100.00	45	17.00	0.00	675448	600820	0.23	10830.00	0.00	0.00	0	perf_experiment
07:07:33 AM	1006	220542	99.00	0.00	0.00	0.00	99.00	45	13.00	0.00	675448	600820	0.23	11180.50	0.00	0.00	0	perf_experiment
07:07:34 AM	1006	220542	99.00	1.00	0.00	0.00	100.00	45	22.00	0.00	675576	600844	0.23	11065.50	0.00	0.00	0	perf_experiment
07:07:35 AM	1006	220542	96.00	5.00	0.00	0.00	101.00	45	23.00	0.00	675576	600844	0.23	11162.00	0.00	0.00	0	perf_experiment
07:07:36 AM	1006	220542	98.00	2.00	0.00	0.00	100.00	45	21.00	0.00	675576	600844	0.23	10972.50	0.00	0.00	0	perf_experiment
07:07:37 AM	1006	220542	97.00	2.00	0.00	0.00	99.00	45	20.00	0.00	675700	600968	0.23	11218.00	0.00	0.00	0	perf_experiment
07:07:38 AM	1006	220542	98.00	2.00	0.00	0.00	100.00	45	14.00	0.00	675700	600968	0.23	11388.50	0.00	0.00	0	perf_experiment
07:07:39 AM	1006	220542	98.00	2.00	0.00	0.00	100.00	45	10.00	0.00	675700	600968	0.23	10834.50	0.00	0.00	0	perf_experiment
07:07:40 AM	1006	220542	96.00	2.00	0.00	0.00	98.00	45	8206.00	0.00	675700	601000	0.23	10895.00	32768.00	0.00	2	perf_experiment
07:07:41 AM	1006	220542	99.00	2.00	0.00	0.00	101.00	45	35.00	0.00	675700	601040	0.23	11117.50	0.00	0.00	0	perf_experiment
07:07:42 AM	1006	220542	98.00	1.00	0.00	0.00	99.00	45	24.00	0.00	675700	601040	0.23	11218.50	0.00	0.00	0	perf_experiment
07:07:43 AM	1006	220542	98.00	2.00	0.00	0.00	100.00	45	25.00	0.00	675836	601092	0.23	11417.50	0.00	0.00	0	perf_experiment
07:07:44 AM	1006	220542	96.00	4.00	0.00	0.00	100.00	45	18.00	0.00	675836	601092	0.23	10965.50	0.00	0.00	0	perf_experiment
07:07:45 AM	1006	220542	98.00	2.00	0.00	0.00	100.00	45	10.00	0.00	675836	601092	0.23	11269.50	0.00	0.00	0	perf_experiment
07:07:46 AM	1006	220542	98.00	2.00	0.00	0.00	100.00	45	20.00	0.00	675836	601092	0.23	11494.00	0.00	0.00	0	perf_experiment
07:07:47 AM	1006	220542	98.00	3.00	0.00	0.00	101.00	45	23.00	0.00	675836	601200	0.23	10948.00	0.00	0.00	0	perf_experiment
07:07:48 AM	1006	220542	93.00	4.00	0.00	0.00	97.00	45	8217.00	0.00	675964	601232	0.23	11294.50	32768.00	0.00	3	perf_experiment
07:07:49 AM	1006	220542	98.00	2.00	0.00	0.00	100.00	45	15.00	0.00	675964	601232	0.23	10863.00	0.00	0.00	0	perf_experiment
07:07:50 AM	1006	220542	98.00	2.00	0.00	0.00	100.00	45	23.00	0.00	675964	601232	0.23	11696.00	0.00	0.00	0	perf_experiment
07:07:51 AM	1006	220542	96.00	4.00	0.00	0.00	100.00	45	15.00	0.00	675964	601232	0.23	11106.50	0.00	0.00	0	perf_experiment
07:07:52 AM	1006	220542	98.00	2.00	0.00	0.00	100.00	45	15.00	0.00	675964	601308	0.23	11562.00	0.00	0.00	0	perf_experiment
07:07:53 AM	1006	220542	98.00	2.00	0.00	0.00	100.00	45	13.00	0.00	675964	601308	0.23	11061.50	0.00	0.00	0	perf_experiment
07:07:54 AM	1006	220542	99.00	1.00	0.00	0.00	100.00	45	25.00	0.00	676096	601308	0.23	11378.00	0.00	0.00	0	perf_experiment
07:07:55 AM	1006	220542	97.00	3.00	0.00	0.00	100.00	45	16.00	0.00	676096	601308	0.23	11351.00	0.00	0.00	0	perf_experiment
07:07:56 AM	1006	220542	95.00	3.00	0.00	0.00	98.00	45	8213.00	0.00	676096	601440	0.23	11265.00	32768.00	0.00	2	perf_experiment
07:07:57 AM	1006	220542	98.00	1.00	0.00	0.00	99.00	45	13.00	0.00	676096	601440	0.23	11062.00	0.00	0.00	0	perf_experiment
07:07:58 AM	1006	220542	98.00	2.00	0.00	0.00	100.00	45	11.00	0.00	676096	601440	0.23	11291.50	0.00	0.00	0	perf_experiment
07:07:59 AM	1006	220542	98.00	2.00	0.00	0.00	100.00	45	21.00	0.00	676220	601488	0.23	11352.00	0.00	0.00	0	perf_experiment
07:08:00 AM	1006	220542	97.00	4.00	0.00	0.00	101.00	45	28.00	0.00	676220	601488	0.23	11199.00	0.00	0.00	0	perf_experiment
07:08:01 AM	1006	220542	97.00	2.00	0.00	0.00	99.00	45	2010.00	0.00	676220	601564	0.23	11101.00	0.00	0.00	0	perf_experiment
07:08:02 AM	1006	220542	97.00	3.00	0.00	0.00	100.00	45	1905.00	0.00	676220	601564	0.23	11131.00	0.00	0.00	0	perf_experiment
07:08:03 AM	1006	220542	98.00	2.00	0.00	0.00	100.00	45	1736.00	0.00	676220	601604	0.23	11332.00	0.00	0.00	0	perf_experiment
07:08:04 AM	1006	220542	98.00	2.00	0.00	0.00	100.00	45	1315.00	0.00	676220	601604	0.23	10869.00	0.00	0.00	0	perf_experiment
07:08:05 AM	1006	220542	96.00	2.00	0.00	0.00	98.00	45	8542.00	0.00	676352	601636	0.23	11014.00	32768.00	0.00	3	perf_experiment
07:08:06 AM	1006	220542	99.00	1.00	0.00	0.00	100.00	45	20.00	0.00	676352	601636	0.23	11079.50	0.00	0.00	0	perf_experiment
07:08:07 AM	1006	220542	99.00	1.00	0.00	0.00	100.00	45	18.00	0.00	676352	601692	0.23	11132.00	0.00	0.00	0	perf_experiment
07:08:08 AM	1006	220542	99.00	1.00	0.00	0.00	100.00	45	13.00	0.00	676352	601692	0.23	11362.00	0.00	0.00	0	perf_experiment
07:08:09 AM	1006	220542	98.00	2.00	0.00	0.00	100.00	45	27.00	0.00	676480	601748	0.23	11101.50	0.00	0.00	0	perf_experiment
07:08:10 AM	1006	220542	100.00	0.00	0.00	0.00	100.00	45	22.00	0.00	676480	601748	0.23	10905.50	0.00	0.00	0	perf_experiment
07:08:11 AM	1006	220542	97.00	3.00	0.00	0.00	100.00	45	19.00	0.00	676480	601748	0.23	11256.00	0.00	0.00	0	perf_experiment
07:08:12 AM	1006	220542	99.00	1.00	0.00	0.00	100.00	45	19.00	0.00	676480	601832	0.23	10948.00	0.00	0.00	0	perf_experiment
07:08:13 AM	1006	220542	94.00	4.00	0.00	0.00	98.00	45	8201.00	0.00	676480	601836	0.23	10605.00	32768.00	0.00	2	perf_experiment
07:08:14 AM	1006	220542	95.00	4.00	0.00	0.00	99.00	45	24.00	0.00	676616	601836	0.23	11043.50	0.00	0.00	0	perf_experiment
07:08:15 AM	1006	220542	99.00	2.00	0.00	0.00	101.00	45	15.00	0.00	676616	601836	0.23	11270.50	0.00	0.00	0	perf_experiment
07:08:16 AM	1006	220542	98.00	2.00	0.00	0.00	100.00	45	20.00	0.00	676616	601900	0.23	10951.00	0.00	0.00	0	perf_experiment
07:08:17 AM	1006	220542	98.00	2.00	0.00	0.00	100.00	45	20.00	0.00	676616	601900	0.23	11154.50	0.00	0.00	0	perf_experiment
07:08:18 AM	1006	220542	99.00	1.00	0.00	0.00	100.00	45	10.00	0.00	676616	601900	0.23	10803.50	0.00	0.00	0	perf_experiment
07:08:19 AM	1006	220542	99.00	1.00	0.00	0.00	100.00	45	23.00	0.00	676748	601984	0.23	11425.50	0.00	0.00	0	perf_experiment
07:08:20 AM	1006	220542	97.00	2.00	0.00	0.00	99.00	45	17.00	0.00	676740	602008	0.23	10843.50	0.00	0.00	0	perf_experiment
07:08:21 AM	1006	220542	98.00	2.00	0.00	0.00	100.00	45	574.00	0.00	676740	602048	0.23	11514.00	0.00	0.00	0	perf_experiment
07:08:22 AM	1006	220542	96.00	3.00	0.00	0.00	99.00	45	9097.00	0.00	676740	602080	0.23	10079.50	32768.00	0.00	2	perf_experiment
07:08:23 AM	1006	220542	98.00	2.00	0.00	0.00	100.00	45	1020.00	0.00	676740	602128	0.23	11430.00	0.00	0.00	0	perf_experiment
07:08:24 AM	1006	220542	98.00	1.00	0.00	0.00	99.00	45	958.00	0.00	676740	602128	0.23	10785.50	0.00	0.00	0	perf_experiment
07:08:25 AM	1006	220542	96.00	4.00	0.00	0.00	100.00	45	1003.00	0.00	676876	602144	0.23	11226.50	0.00	0.00	0	perf_experiment
07:08:26 AM	1006	220542	97.00	4.00	0.00	0.00	101.00	45	981.00	0.00	676876	602208	0.23	10908.50	0.00	0.00	0	perf_experiment
07:08:27 AM	1006	220542	97.00	3.00	0.00	0.00	100.00	45	998.00	0.00	676876	602208	0.23	11292.00	0.00	0.00	0	perf_experiment
07:08:28 AM	1006	220542	97.00	3.00	0.00	0.00	100.00	45	982.00	0.00	676876	602248	0.23	10946.50	0.00	0.00	0	perf_experiment
07:08:29 AM	1006	220542	97.00	2.00	0.00	0.00	99.00	45	985.00	0.00	676876	602248	0.23	11040.00	0.00	0.00	0	perf_experiment
07:08:30 AM	1006	220542	94.00	4.00	0.00	0.00	98.00	45	8880.00	0.00	676876	602264	0.23	10575.50	32768.00	0.00	2	perf_experiment
07:08:31 AM	1006	220542	99.00	1.00	0.00	0.00	100.00	45	26.00	0.00	677012	602264	0.23	11327.00	0.00	0.00	0	perf_experiment
07:08:32 AM	1006	220542	98.00	2.00	0.00	0.00	100.00	45	22.00	0.00	677012	602352	0.23	10936.50	0.00	0.00	0	perf_experiment
07:08:33 AM	1006	220542	99.00	1.00	0.00	0.00	100.00	45	12.00	0.00	677012	602352	0.23	11102.00	0.00	0.00	0	perf_experiment
07:08:34 AM	1006	220542	98.00	2.00	0.00	0.00	100.00	45	11.00	0.00	677012	602352	0.23	11001.50	0.00	0.00	0	perf_experiment
07:08:35 AM	1006	220542	98.00	2.00	0.00	0.00	100.00	45	19.00	0.00	677012	602352	0.23	11254.50	0.00	0.00	0	perf_experiment
07:08:36 AM	1006	220542	99.00	1.00	0.00	0.00	100.00	45	26.00	0.00	677148	602432	0.23	10799.50	0.00	0.00	0	perf_experiment
07:08:37 AM	1006	220542	99.00	1.00	0.00	0.00	100.00	45	23.00	0.00	677148	602432	0.23	11380.50	0.00	0.00	0	perf_experiment
07:08:38 AM	1006	220542	97.00	3.00	0.00	0.00	100.00	45	12.00	0.00	677148	602432	0.23	10969.50	0.00	0.00	0	perf_experiment
07:08:39 AM	1006	220542	95.00	3.00	0.00	0.00	98.00	45	8216.00	0.00	677148	602504	0.23	10882.50	32768.00	0.00	3	perf_experiment
07:08:40 AM	1006	220542	97.00	3.00	0.00	0.00	100.00	45	14.00	0.00	677148	602504	0.23	11128.50	0.00	0.00	0	perf_experiment
07:08:41 AM	1006	220542	98.00	2.00	0.00	0.00	100.00	45	32.00	0.00	677148	602504	0.23	11111.50	0.00	0.00	0	perf_experiment
07:08:42 AM	1006	220542	99.00	1.00	0.00	0.00	100.00	45	21.00	0.00	677280	602564	0.23	11112.50	0.00	0.00	0	perf_experiment
07:08:43 AM	1006	220542	98.00	2.00	0.00	0.00	100.00	45	24.00	0.00	677280	602564	0.23	11359.50	0.00	0.00	0	perf_experiment
07:08:44 AM	1006	220542	97.00	3.00	0.00	0.00	100.00	45	14.00	0.00	677280	602564	0.23	10985.00	0.00	0.00	0	perf_experiment
07:08:45 AM	1006	220542	96.00	4.00	0.00	0.00	100.00	45	15.00	0.00	677280	602564	0.23	11156.00	0.00	0.00	0	perf_experiment
07:08:46 AM	1006	220542	97.00	3.00	0.00	0.00	100.00	45	19.00	0.00	677392	602676	0.23	11517.50	0.00	0.00	0	perf_experiment
07:08:47 AM	1006	220542	97.00	1.00	0.00	0.00	98.00	45	8204.00	0.00	677392	602684	0.23	10796.00	32768.00	0.00	2	perf_experiment
07:08:48 AM	1006	220542	99.00	1.00	0.00	0.00	100.00	45	22.00	0.00	677392	602684	0.23	11114.50	0.00	0.00	0	perf_experiment
07:08:49 AM	1006	220542	98.00	2.00	0.00	0.00	100.00	45	15.00	0.00	677392	602728	0.23	11704.00	0.00	0.00	0	perf_experiment
07:08:50 AM	1006	220542	99.00	1.00	0.00	0.00	100.00	45	23.00	0.00	677504	602788	0.23	11325.00	0.00	0.00	0	perf_experiment
07:08:51 AM	1006	220542	95.00	5.00	0.00	0.00	100.00	45	16.00	0.00	677504	602788	0.23	11056.50	0.00	0.00	0	perf_experiment
07:08:52 AM	1006	220542	99.00	0.00	0.00	0.00	99.00	45	21.00	0.00	677504	602788	0.23	11627.50	0.00	0.00	0	perf_experiment
07:08:53 AM	1006	220542	99.00	2.00	0.00	0.00	101.00	45	11.00	0.00	677504	602788	0.23	10682.00	0.00	0.00	0	perf_experiment
07:08:54 AM	1006	220542	97.00	2.00	0.00	0.00	99.00	45	19.00	0.00	677504	602860	0.23	11566.50	0.00	0.00	0	perf_experiment
07:08:55 AM	1006	220542	95.00	3.00	0.00	0.00	98.00	45	8211.00	0.00	677504	602884	0.23	10838.00	32768.00	0.00	3	perf_experiment
07:08:56 AM	1006	220542	97.00	3.00	0.00	0.00	100.00	45	26.00	0.00	677640	602884	0.23	11294.00	0.00	0.00	0	perf_experiment
07:08:57 AM	1006	220542	99.00	1.00	0.00	0.00	100.00	45	19.00	0.00	677640	602948	0.23	11316.00	0.00	0.00	0	perf_experiment
07:08:58 AM	1006	220542	99.00	1.00	0.00	0.00	100.00	45	15.00	0.00	677640	602948	0.23	11143.00	0.00	0.00	0	perf_experiment
07:08:59 AM	1006	220542	99.00	1.00	0.00	0.00	100.00	45	20.00	0.00	677640	602948	0.23	11028.50	0.00	0.00	0	perf_experiment
07:09:00 AM	1006	220542	97.00	3.00	0.00	0.00	100.00	45	23.00	0.00	677768	603036	0.23	11606.50	0.00	0.00	0	perf_experiment
07:09:01 AM	1006	220542	99.00	1.00	0.00	1.00	100.00	45	1295.00	0.00	677768	603068	0.23	11000.50	0.00	0.00	0	perf_experiment
07:09:02 AM	1006	220542	97.00	3.00	0.00	0.00	100.00	45	1278.00	0.00	677768	603084	0.23	10875.00	0.00	0.00	0	perf_experiment
07:09:03 AM	1006	220542	98.00	2.00	0.00	0.00	100.00	45	930.00	0.00	677768	603108	0.23	11568.00	0.00	0.00	0	perf_experiment
07:09:04 AM	1006	220542	94.00	4.00	0.00	0.00	98.00	45	9539.00	0.00	677768	603108	0.23	10574.00	32768.00	0.00	2	perf_experiment
07:09:05 AM	1006	220542	98.00	2.00	0.00	0.00	100.00	45	1058.00	0.00	677768	603156	0.23	11270.50	0.00	0.00	0	perf_experiment
07:09:06 AM	1006	220542	98.00	2.00	0.00	0.00	100.00	45	716.00	0.00	677904	603176	0.23	11126.50	0.00	0.00	0	perf_experiment
07:09:07 AM	1006	220542	99.00	1.00	0.00	0.00	100.00	45	15.00	0.00	677904	603176	0.23	11155.50	0.00	0.00	0	perf_experiment
07:09:08 AM	1006	220542	98.00	2.00	0.00	0.00	100.00	45	31.00	0.00	677904	603248	0.23	11281.50	0.00	0.00	0	perf_experiment
07:09:09 AM	1006	220542	99.00	1.00	0.00	0.00	100.00	45	10.00	0.00	677904	603248	0.23	11171.00	0.00	0.00	0	perf_experiment
07:09:10 AM	1006	220542	98.00	2.00	0.00	0.00	100.00	45	9.00	0.00	677904	603248	0.23	10942.50	0.00	0.00	0	perf_experiment
07:09:11 AM	1006	220542	98.00	2.00	0.00	0.00	100.00	45	25.00	0.00	678036	603248	0.23	11306.00	0.00	0.00	0	perf_experiment
07:09:12 AM	1006	220542	97.00	0.00	0.00	0.00	97.00	45	8219.00	0.00	678036	603344	0.23	10597.50	32768.00	0.00	2	perf_experiment
07:09:13 AM	1006	220542	96.00	4.00	0.00	0.00	100.00	45	17.00	0.00	678036	603344	0.23	11257.50	0.00	0.00	0	perf_experiment
07:09:14 AM	1006	220542	99.00	2.00	0.00	0.00	101.00	45	11.00	0.00	678036	603344	0.23	10867.00	0.00	0.00	0	perf_experiment
07:09:15 AM	1006	220542	98.00	2.00	0.00	0.00	100.00	45	13.00	0.00	678036	603404	0.23	11122.00	0.00	0.00	0	perf_experiment
07:09:16 AM	1006	220542	98.00	2.00	0.00	0.00	100.00	45	10.00	0.00	678036	603404	0.23	10831.00	0.00	0.00	0	perf_experiment
07:09:17 AM	1006	220542	98.00	2.00	0.00	0.00	100.00	45	16.00	0.00	678172	603404	0.23	11511.50	0.00	0.00	0	perf_experiment
07:09:18 AM	1006	220542	98.00	2.00	0.00	0.00	100.00	45	20.00	0.00	678172	603404	0.23	10732.00	0.00	0.00	0	perf_experiment
07:09:19 AM	1006	220542	99.00	0.00	0.00	0.00	99.00	45	18.00	0.00	678172	603524	0.23	10969.50	0.00	0.00	0	perf_experiment
07:09:20 AM	1006	220542	95.05	4.95	0.00	0.00	100.00	45	12.87	0.00	678172	603524	0.23	10982.67	0.00	0.00	0	perf_experiment
07:09:21 AM	1006	220542	95.00	2.00	0.00	0.00	97.00	45	8213.00	0.00	678172	603544	0.23	10967.00	32768.00	0.00	2	perf_experiment
07:09:22 AM	1006	220542	98.00	3.00	0.00	0.00	101.00	45	14.00	0.00	678172	603544	0.23	10775.00	0.00	0.00	0	perf_experiment
07:09:23 AM	1006	220542	98.00	1.00	0.00	0.00	99.00	45	20.00	0.00	678308	603580	0.23	11396.50	0.00	0.00	0	perf_experiment
07:09:24 AM	1006	220542	99.00	1.00	0.00	0.00	100.00	45	19.00	0.00	678308	603580	0.23	10726.50	0.00	0.00	0	perf_experiment
07:09:25 AM	1006	220542	97.00	3.00	0.00	0.00	100.00	45	13.00	0.00	678308	603580	0.23	11319.00	0.00	0.00	0	perf_experiment
07:09:26 AM	1006	220542	99.00	1.00	0.00	0.00	100.00	45	15.00	0.00	678308	603580	0.23	10974.50	0.00	0.00	0	perf_experiment
07:09:27 AM	1006	220542	98.00	2.00	0.00	0.00	100.00	45	19.00	0.00	678308	603668	0.23	11212.50	0.00	0.00	0	perf_experiment
07:09:28 AM	1006	220542	99.00	2.00	0.00	0.00	101.00	45	16.00	0.00	678444	603668	0.23	11206.50	0.00	0.00	0	perf_experiment
07:09:29 AM	1006	220542	95.00	2.00	0.00	0.00	97.00	45	8206.00	0.00	678444	603744	0.23	10798.50	32768.00	0.00	3	perf_experiment
07:09:30 AM	1006	220542	98.00	2.00	0.00	0.00	100.00	45	16.00	0.00	678444	603744	0.23	10949.50	0.00	0.00	0	perf_experiment
07:09:31 AM	1006	220542	97.00	4.00	0.00	0.00	101.00	45	15.00	0.00	678444	603780	0.23	11234.00	0.00	0.00	0	perf_experiment
07:09:32 AM	1006	220542	98.00	1.00	0.00	0.00	99.00	45	7.00	0.00	678444	603780	0.23	11291.50	0.00	0.00	0	perf_experiment
07:09:33 AM	1006	220542	98.00	2.00	0.00	0.00	100.00	45	13.00	0.00	678444	603780	0.23	10866.50	0.00	0.00	0	perf_experiment
07:09:34 AM	1006	220542	97.00	3.00	0.00	0.00	100.00	45	17.00	0.00	678576	603780	0.23	11425.00	0.00	0.00	0	perf_experiment
07:09:35 AM	1006	220542	98.00	2.00	0.00	0.00	100.00	45	16.00	0.00	678576	603868	0.23	10883.50	0.00	0.00	0	perf_experiment
07:09:36 AM	1006	220542	97.00	3.00	0.00	0.00	100.00	45	24.00	0.00	678576	603868	0.23	11143.50	0.00	0.00	0	perf_experiment
07:09:37 AM	1006	220542	99.00	1.00	0.00	0.00	100.00	45	23.00	0.00	678576	603868	0.23	11419.50	0.00	0.00	0	perf_experiment
07:09:38 AM	1006	220542	98.00	2.00	0.00	0.00	100.00	45	17.00	0.00	678576	603868	0.23	10690.00	0.00	0.00	0	perf_experiment
07:09:39 AM	1006	220542	93.00	4.00	0.00	0.00	97.00	45	8211.00	0.00	678576	603932	0.23	10861.00	32768.00	0.00	2	perf_experiment
07:09:40 AM	1006	220542	97.00	4.00	0.00	0.00	101.00	45	32.00	0.00	678712	603932	0.23	11294.00	0.00	0.00	0	perf_experiment
07:09:41 AM	1006	220542	97.00	2.00	0.00	0.00	99.00	45	24.00	0.00	678712	604028	0.23	10811.00	0.00	0.00	0	perf_experiment
07:09:42 AM	1006	220542	99.00	1.00	0.00	0.00	100.00	45	17.00	0.00	678712	604028	0.23	11401.00	0.00	0.00	0	perf_experiment
07:09:43 AM	1006	220542	99.00	1.00	0.00	0.00	100.00	45	10.00	0.00	678712	604028	0.23	10826.00	0.00	0.00	0	perf_experiment
07:09:44 AM	1006	220542	97.00	4.00	0.00	0.00	101.00	45	16.00	0.00	678712	604028	0.23	11373.00	0.00	0.00	0	perf_experiment
07:09:45 AM	1006	220542	99.00	1.00	0.00	0.00	100.00	45	18.00	0.00	678712	604080	0.23	10942.50	0.00	0.00	0	perf_experiment
07:09:46 AM	1006	220542	98.00	2.00	0.00	0.00	100.00	45	25.00	0.00	678840	604108	0.23	11228.50	0.00	0.00	0	perf_experiment
07:09:47 AM	1006	220542	97.00	3.00	0.00	0.00	100.00	45	13.00	0.00	678840	604108	0.23	11020.00	0.00	0.00	0	perf_experiment
07:09:48 AM	1006	220542	95.00	2.00	0.00	0.00	97.00	45	8211.00	0.00	678840	604140	0.23	10617.00	32768.00	0.00	3	perf_experiment
07:09:49 AM	1006	220542	98.00	2.00	0.00	0.00	100.00	45	15.00	0.00	678840	604140	0.23	11215.50	0.00	0.00	0	perf_experiment
07:09:50 AM	1006	220542	99.00	1.00	0.00	0.00	100.00	45	21.00	0.00	678840	604180	0.23	11036.50	0.00	0.00	0	perf_experiment
07:09:51 AM	1006	220542	97.00	3.00	0.00	0.00	100.00	45	12.00	0.00	678840	604180	0.23	11084.00	0.00	0.00	0	perf_experiment
07:09:52 AM	1006	220542	98.00	2.00	0.00	0.00	100.00	45	33.00	0.00	678976	604180	0.23	11093.50	0.00	0.00	0	perf_experiment
07:09:53 AM	1006	220542	96.00	4.00	0.00	0.00	100.00	45	9.00	0.00	678976	604300	0.23	11068.00	0.00	0.00	0	perf_experiment
07:09:54 AM	1006	220542	97.00	3.00	0.00	0.00	100.00	45	18.00	0.00	678976	604300	0.23	11312.00	0.00	0.00	0	perf_experiment
07:09:55 AM	1006	220542	95.00	5.00	0.00	0.00	100.00	45	13.00	0.00	678976	604300	0.23	10803.50	0.00	0.00	0	perf_experiment
07:09:56 AM	1006	220542	98.00	2.00	0.00	0.00	100.00	45	10.00	0.00	678976	604300	0.23	11462.50	0.00	0.00	0	perf_experiment
07:09:57 AM	1006	220542	96.00	2.00	0.00	0.00	98.00	45	8206.00	0.00	678976	604360	0.23	10694.50	32768.00	0.00	2	perf_experiment
07:09:58 AM	1006	220542	98.00	2.00	0.00	0.00	100.00	45	27.00	0.00	679108	604360	0.23	10792.50	0.00	0.00	0	perf_experiment
07:09:59 AM	1006	220542	98.00	2.00	0.00	0.00	100.00	45	8.00	0.00	679108	604360	0.23	11387.00	0.00	0.00	0	perf_experiment
07:10:00 AM	1006	220542	98.00	2.00	0.00	0.00	100.00	45	7.00	0.00	679108	604360	0.23	10905.50	0.00	0.00	0	perf_experiment
07:10:01 AM	1006	220542	97.00	3.00	0.00	0.00	100.00	45	880.00	0.00	679108	604456	0.23	11441.50	0.00	0.00	0	perf_experiment
07:10:02 AM	1006	220542	98.00	1.00	0.00	0.00	99.00	45	1657.00	0.00	679108	604456	0.23	10887.00	0.00	0.00	0	perf_experiment
07:10:03 AM	1006	220542	99.00	2.00	0.00	0.00	101.00	45	677.00	0.00	679108	604488	0.23	11272.50	0.00	0.00	0	perf_experiment
07:10:04 AM	1006	220542	98.00	1.00	0.00	0.00	99.00	45	791.00	0.00	679244	604528	0.23	10911.50	0.00	0.00	0	perf_experiment
07:10:05 AM	1006	220542	100.00	1.00	0.00	0.00	101.00	45	696.00	0.00	679244	604576	0.23	11199.00	0.00	0.00	0	perf_experiment
07:10:06 AM	1006	220542	96.00	2.00	0.00	0.00	98.00	45	8328.00	0.00	679244	604584	0.23	10705.00	32768.00	0.00	2	perf_experiment
07:10:07 AM	1006	220542	99.00	1.00	0.00	0.00	100.00	45	9.00	0.00	679244	604584	0.23	11099.00	0.00	0.00	0	perf_experiment
07:10:08 AM	1006	220542	98.00	1.00	0.00	0.00	99.00	45	15.00	0.00	679244	604584	0.23	11018.50	0.00	0.00	0	perf_experiment
07:10:09 AM	1006	220542	98.00	2.00	0.00	0.00	100.00	45	12.00	0.00	679244	604584	0.23	11218.00	0.00	0.00	0	perf_experiment
07:10:10 AM	1006	220542	99.00	1.00	0.00	0.00	100.00	45	22.00	0.00	679380	604680	0.23	11133.50	0.00	0.00	0	perf_experiment
07:10:11 AM	1006	220542	98.00	2.00	0.00	0.00	100.00	45	17.00	0.00	679380	604680	0.23	11009.50	0.00	0.00	0	perf_experiment
07:10:12 AM	1006	220542	99.00	1.00	0.00	0.00	100.00	45	9.00	0.00	679380	604680	0.23	11223.50	0.00	0.00	0	perf_experiment
07:10:13 AM	1006	220542	96.00	4.00	0.00	0.00	100.00	45	8.00	0.00	679380	604680	0.23	10994.50	0.00	0.00	0	perf_experiment
07:10:14 AM	1006	220542	98.00	2.00	0.00	0.00	100.00	45	14.00	0.00	679380	604680	0.23	11406.50	0.00	0.00	0	perf_experiment
07:10:15 AM	1006	220542	98.00	3.00	0.00	0.00	101.00	45	13.00	0.00	679380	604680	0.23	10862.00	0.00	0.00	0	perf_experiment
07:10:16 AM	1006	220542	95.00	2.00	0.00	0.00	97.00	45	8206.00	0.00	679516	604784	0.23	10672.00	32768.00	0.00	3	perf_experiment
07:10:17 AM	1006	220542	99.00	1.00	0.00	0.00	100.00	45	23.00	0.00	679516	604784	0.23	11226.50	0.00	0.00	0	perf_experiment
07:10:18 AM	1006	220542	98.00	2.00	0.00	0.00	100.00	45	17.00	0.00	679516	604784	0.23	10764.50	0.00	0.00	0	perf_experiment
07:10:19 AM	1006	220542	98.00	2.00	0.00	0.00	100.00	45	21.00	0.00	679516	604864	0.23	11463.00	0.00	0.00	0	perf_experiment
07:10:20 AM	1006	220542	98.00	2.00	0.00	0.00	100.00	45	14.00	0.00	679516	604864	0.23	11067.00	0.00	0.00	0	perf_experiment
07:10:21 AM	1006	220542	98.00	2.00	0.00	0.00	100.00	45	177.00	0.00	679644	604944	0.23	10669.50	0.00	0.00	0	perf_experiment
07:10:22 AM	1006	220542	96.00	4.00	0.00	0.00	100.00	45	901.00	0.00	679644	605000	0.23	11533.50	0.00	0.00	0	perf_experiment
07:10:23 AM	1006	220542	98.00	2.00	0.00	0.00	100.00	45	824.00	0.00	679644	605000	0.23	10728.50	0.00	0.00	0	perf_experiment
07:10:24 AM	1006	220542	100.00	1.00	0.00	0.00	101.00	45	896.00	0.00	679644	605000	0.23	11637.00	0.00	0.00	0	perf_experiment
07:10:25 AM	1006	220542	94.00	3.00	0.00	0.00	97.00	45	9005.00	0.00	679644	605000	0.23	10564.50	32768.00	0.00	2	perf_experiment
07:10:26 AM	1006	220542	98.00	2.00	0.00	0.00	100.00	45	843.00	0.00	679776	605044	0.23	10818.50	0.00	0.00	0	perf_experiment
07:10:27 AM	1006	220542	98.00	2.00	0.00	0.00	100.00	45	865.00	0.00	679764	605044	0.23	11224.00	0.00	0.00	0	perf_experiment
07:10:28 AM	1006	220542	97.00	3.00	0.00	0.00	100.00	45	854.00	0.00	679764	605060	0.23	11030.50	0.00	0.00	0	perf_experiment
07:10:29 AM	1006	220542	97.00	3.00	0.00	0.00	100.00	45	882.00	0.00	679764	605100	0.23	11309.50	0.00	0.00	0	perf_experiment
07:10:30 AM	1006	220542	100.00	0.00	0.00	0.00	100.00	45	913.00	0.00	679764	605100	0.23	10760.50	0.00	0.00	0	perf_experiment
07:10:31 AM	1006	220542	99.00	1.00	0.00	0.00	100.00	45	1011.00	0.00	679764	605132	0.23	11314.00	0.00	0.00	0	perf_experiment
07:10:32 AM	1006	220542	99.00	1.00	0.00	0.00	100.00	45	991.00	0.00	679896	605180	0.23	11021.50	0.00	0.00	0	perf_experiment
07:10:33 AM	1006	220542	96.00	4.00	0.00	0.00	100.00	45	983.00	0.00	679896	605180	0.23	11042.50	0.00	0.00	0	perf_experiment
07:10:34 AM	1006	220542	96.00	2.00	0.00	0.00	98.00	45	8755.00	0.00	679896	605204	0.23	10632.50	32768.00	0.00	2	perf_experiment
07:10:35 AM	1006	220542	97.00	2.00	0.00	0.00	99.00	45	22.00	0.00	679896	605216	0.23	11265.00	0.00	0.00	0	perf_experiment
07:10:36 AM	1006	220542	98.00	3.00	0.00	0.00	101.00	45	11.00	0.00	679896	605216	0.23	10995.50	0.00	0.00	0	perf_experiment
07:10:37 AM	1006	220542	98.00	2.00	0.00	0.00	100.00	45	12.00	0.00	679896	605216	0.23	11223.00	0.00	0.00	0	perf_experiment
07:10:38 AM	1006	220542	98.00	1.00	0.00	0.00	99.00	45	20.00	0.00	680024	605292	0.23	11003.00	0.00	0.00	0	perf_experiment
07:10:39 AM	1006	220542	98.00	2.00	0.00	0.00	100.00	45	6.00	0.00	680024	605292	0.23	11331.50	0.00	0.00	0	perf_experiment
07:10:40 AM	1006	220542	98.00	2.00	0.00	0.00	100.00	45	23.00	0.00	680024	605292	0.23	11054.50	0.00	0.00	0	perf_experiment
07:10:41 AM	1006	220542	98.00	2.00	0.00	0.00	100.00	45	23.00	0.00	680024	605292	0.23	11139.00	0.00	0.00	0	perf_experiment
07:10:42 AM	1006	220542	98.00	2.00	0.00	0.00	100.00	45	9.00	0.00	680024	605380	0.23	11112.00	0.00	0.00	0	perf_experiment
07:10:43 AM	1006	220542	97.00	3.00	0.00	0.00	100.00	45	17.00	0.00	680024	605380	0.23	11264.00	0.00	0.00	0	perf_experiment
07:10:44 AM	1006	220542	96.00	3.00	0.00	0.00	99.00	45	8224.00	0.00	680152	605420	0.23	10587.50	32768.00	0.00	2	perf_experiment
07:10:45 AM	1006	220542	98.00	2.00	0.00	0.00	100.00	45	19.00	0.00	680152	605420	0.23	11129.50	0.00	0.00	0	perf_experiment
07:10:46 AM	1006	220542	98.00	2.00	0.00	0.00	100.00	45	14.00	0.00	680152	605420	0.23	10891.00	0.00	0.00	0	perf_experiment
07:10:47 AM	1006	220542	99.00	1.00	0.00	0.00	100.00	45	12.00	0.00	680152	605420	0.23	11118.50	0.00	0.00	0	perf_experiment
07:10:48 AM	1006	220542	99.00	1.00	0.00	0.00	100.00	45	16.00	0.00	680152	605496	0.23	11055.50	0.00	0.00	0	perf_experiment
07:10:49 AM	1006	220542	98.00	2.00	0.00	0.00	100.00	45	16.00	0.00	680280	605548	0.23	11030.00	0.00	0.00	0	perf_experiment
07:10:50 AM	1006	220542	98.00	1.00	0.00	0.00	99.00	45	30.00	0.00	680280	605548	0.23	11329.50	0.00	0.00	0	perf_experiment
07:10:51 AM	1006	220542	100.00	1.00	0.00	0.00	101.00	45	8.00	0.00	680280	605548	0.23	11008.50	0.00	0.00	0	perf_experiment
07:10:52 AM	1006	220542	98.00	2.00	0.00	0.00	100.00	45	10.00	0.00	680280	605548	0.23	11245.50	0.00	0.00	0	perf_experiment
07:10:53 AM	1006	220542	95.00	2.00	0.00	0.00	97.00	45	8210.00	0.00	680280	605648	0.23	10563.00	32768.00	0.00	3	perf_experiment
07:10:54 AM	1006	220542	99.00	1.00	0.00	0.00	100.00	45	17.00	0.00	680416	605648	0.23	11281.00	0.00	0.00	0	perf_experiment
07:10:55 AM	1006	220542	98.00	2.00	0.00	0.00	100.00	45	19.00	0.00	680416	605648	0.23	10997.50	0.00	0.00	0	perf_experiment
07:10:56 AM	1006	220542	98.00	2.00	0.00	0.00	100.00	45	9.00	0.00	680416	605648	0.23	11079.50	0.00	0.00	0	perf_experiment
07:10:57 AM	1006	220542	98.00	2.00	0.00	0.00	100.00	45	22.00	0.00	680416	605732	0.23	11140.50	0.00	0.00	0	perf_experiment
07:10:58 AM	1006	220542	97.00	3.00	0.00	0.00	100.00	45	17.00	0.00	680416	605732	0.23	11128.00	0.00	0.00	0	perf_experiment
07:10:59 AM	1006	220542	97.00	3.00	0.00	0.00	100.00	45	14.00	0.00	680416	605732	0.23	10927.00	0.00	0.00	0	perf_experiment
07:11:00 AM	1006	220542	99.00	1.00	0.00	0.00	100.00	45	19.00	0.00	680416	605732	0.23	10967.00	0.00	0.00	0	perf_experiment
07:11:01 AM	1006	220542	99.00	1.00	0.00	0.00	100.00	45	577.00	0.00	680548	605848	0.23	11132.50	0.00	0.00	0	perf_experiment
07:11:02 AM	1006	220542	96.00	2.00	0.00	0.00	98.00	45	10626.00	0.00	680548	605856	0.23	10841.00	32768.00	0.00	2	perf_experiment
07:11:03 AM	1006	220542	98.00	1.00	0.00	0.00	99.00	45	1726.00	0.00	680548	605856	0.23	11066.50	0.00	0.00	0	perf_experiment
07:11:04 AM	1006	220542	99.00	1.00	0.00	0.00	100.00	45	1581.00	0.00	680548	605888	0.23	11191.50	0.00	0.00	0	perf_experiment
07:11:05 AM	1006	220542	100.00	1.00	0.00	0.00	101.00	45	1541.00	0.00	680548	605888	0.23	11263.50	0.00	0.00	0	perf_experiment
07:11:06 AM	1006	220542	99.00	1.00	0.00	0.00	100.00	45	1026.00	0.00	680548	605904	0.23	11040.50	0.00	0.00	0	perf_experiment
07:11:07 AM	1006	220542	98.00	2.00	0.00	0.00	100.00	45	814.00	0.00	680548	605928	0.23	11329.00	0.00	0.00	0	perf_experiment
07:11:08 AM	1006	220542	98.00	2.00	0.00	0.00	100.00	45	732.00	0.00	680684	605968	0.23	11141.00	0.00	0.00	0	perf_experiment
07:11:09 AM	1006	220542	97.00	3.00	0.00	0.00	100.00	45	724.00	0.00	680684	605984	0.23	11309.00	0.00	0.00	0	perf_experiment
07:11:10 AM	1006	220542	98.00	1.00	0.00	0.00	99.00	45	718.00	0.00	680684	606032	0.23	11033.50	0.00	0.00	0	perf_experiment
07:11:11 AM	1006	220542	98.00	3.00	0.00	0.00	101.00	45	727.00	0.00	680684	606032	0.23	11357.00	0.00	0.00	0	perf_experiment
07:11:12 AM	1006	220542	97.00	2.00	0.00	0.00	99.00	45	764.00	0.00	680684	606032	0.23	11189.50	0.00	0.00	0	perf_experiment
07:11:13 AM	1006	220542	95.00	4.00	0.00	0.00	99.00	45	8824.00	0.00	680684	606040	0.23	10800.00	32768.00	0.00	2	perf_experiment
07:11:14 AM	1006	220542	98.00	1.00	0.00	0.00	99.00	45	18.00	0.00	680684	606040	0.23	11083.50	0.00	0.00	0	perf_experiment
07:11:15 AM	1006	220542	99.00	1.00	0.00	0.00	100.00	45	27.00	0.00	680820	606040	0.23	11079.00	0.00	0.00	0	perf_experiment
07:11:16 AM	1006	220542	99.00	2.00	0.00	0.00	101.00	45	14.00	0.00	680820	606144	0.23	10983.50	0.00	0.00	0	perf_experiment
07:11:17 AM	1006	220542	98.00	2.00	0.00	0.00	100.00	45	12.00	0.00	680820	606144	0.23	11303.00	0.00	0.00	0	perf_experiment
07:11:18 AM	1006	220542	98.00	2.00	0.00	0.00	100.00	45	7.00	0.00	680820	606144	0.23	11003.50	0.00	0.00	0	perf_experiment
07:11:19 AM	1006	220542	98.00	2.00	0.00	0.00	100.00	45	5.00	0.00	680820	606144	0.23	11368.50	0.00	0.00	0	perf_experiment
07:11:20 AM	1006	220542	99.00	0.00	0.00	0.00	99.00	45	8.00	0.00	680820	606144	0.23	11155.50	0.00	0.00	0	perf_experiment
07:11:21 AM	1006	220542	97.00	3.00	0.00	0.00	100.00	45	22.00	0.00	680956	606144	0.23	11303.50	0.00	0.00	0	perf_experiment
07:11:22 AM	1006	220542	98.00	3.00	0.00	0.00	101.00	45	11.00	0.00	680956	606232	0.23	11230.00	0.00	0.00	0	perf_experiment
07:11:23 AM	1006	220542	96.00	1.00	0.00	0.00	97.00	45	8294.00	0.00	680956	606272	0.23	10626.00	32768.00	0.00	3	perf_experiment
07:11:24 AM	1006	220542	99.00	1.00	0.00	0.00	100.00	45	736.00	0.00	680956	606304	0.23	11445.00	0.00	0.00	0	perf_experiment
07:11:25 AM	1006	220542	99.00	1.00	0.00	0.00	100.00	45	724.00	0.00	680956	606312	0.23	11281.00	0.00	0.00	0	perf_experiment
07:11:26 AM	1006	220542	98.00	2.00	0.00	0.00	100.00	45	704.00	0.00	680956	606312	0.23	11032.00	0.00	0.00	0	perf_experiment
07:11:27 AM	1006	220542	96.00	4.00	0.00	0.00	100.00	45	729.00	0.00	680956	606312	0.23	11359.50	0.00	0.00	0	perf_experiment
07:11:28 AM	1006	220542	98.02	0.99	0.00	0.00	99.01	45	938.61	0.00	681092	606360	0.23	10883.66	0.00	0.00	0	perf_experiment
07:11:29 AM	1006	220542	99.00	1.00	0.00	0.00	100.00	45	1001.00	0.00	681092	606396	0.23	11148.00	0.00	0.00	0	perf_experiment
07:11:30 AM	1006	220542	98.00	2.00	0.00	0.00	100.00	45	989.00	0.00	681092	606420	0.23	11076.00	0.00	0.00	0	perf_experiment
07:11:31 AM	1006	220542	99.00	1.00	0.00	0.00	100.00	45	985.00	0.00	681092	606444	0.23	11040.00	0.00	0.00	0	perf_experiment
07:11:32 AM	1006	220542	98.00	2.00	0.00	0.00	100.00	45	888.00	0.00	681092	606444	0.23	11121.00	0.00	0.00	0	perf_experiment
07:11:33 AM	1006	220542	96.00	2.00	0.00	0.00	98.00	45	8730.00	0.00	681224	606444	0.23	10775.00	32768.00	0.00	2	perf_experiment
07:11:34 AM	1006	220542	98.00	2.00	0.00	0.00	100.00	45	7.00	0.00	681216	606484	0.23	11281.50	0.00	0.00	0	perf_experiment
07:11:35 AM	1006	220542	100.00	0.00	0.00	0.00	100.00	45	13.00	0.00	681216	606484	0.23	11143.00	0.00	0.00	0	perf_experiment
07:11:36 AM	1006	220542	97.00	3.00	0.00	0.00	100.00	45	6.00	0.00	681216	606484	0.23	11167.50	0.00	0.00	0	perf_experiment
07:11:37 AM	1006	220542	98.00	2.00	0.00	0.00	100.00	45	16.00	0.00	681216	606484	0.23	11286.00	0.00	0.00	0	perf_experiment
07:11:38 AM	1006	220542	97.00	3.00	0.00	0.00	100.00	45	11.00	0.00	681216	606484	0.23	11074.00	0.00	0.00	0	perf_experiment
07:11:39 AM	1006	220542	99.00	1.00	0.00	0.00	100.00	45	7.00	0.00	681216	606484	0.23	11366.00	0.00	0.00	0	perf_experiment
07:11:40 AM	1006	220542	99.00	1.00	0.00	0.00	100.00	45	19.00	0.00	681352	606576	0.23	11041.00	0.00	0.00	0	perf_experiment
07:11:41 AM	1006	220542	98.00	2.00	0.00	0.00	100.00	45	12.00	0.00	681352	606576	0.23	11327.00	0.00	0.00	0	perf_experiment
07:11:42 AM	1006	220542	99.00	1.00	0.00	0.00	100.00	45	20.00	0.00	681352	606576	0.23	11090.00	0.00	0.00	0	perf_experiment
07:11:43 AM	1006	220542	97.00	3.00	0.00	0.00	100.00	45	23.00	0.00	681352	606684	0.23	11298.00	0.00	0.00	0	perf_experiment
07:11:44 AM	1006	220542	94.00	4.00	0.00	0.00	98.00	45	8208.00	0.00	681352	606684	0.23	10652.00	32768.00	0.00	2	perf_experiment
