Time	UID	PID	%usr	%system	%guest	%wait	%CPU	CPU	minflt/s	majflt/s	VSZ	RSS	%MEM	kB_rd/s	kB_wr/s	kB_ccwr/s	iodelay	Command
12:14:12 AM	1006	218202	81.00	18.00	0.00	0.00	99.00	29	144434.00	0.00	590180	582636	0.22	0.00	4.00	0.00	0	perf_experiment
12:14:13 AM	1006	218202	76.00	2.00	0.00	0.00	78.00	29	3.00	0.00	590180	582636	0.22	0.00	294912.00	0.00	22	perf_experiment
12:14:14 AM	1006	218202	75.00	1.00	0.00	0.00	76.00	29	1.00	0.00	590180	582636	0.22	0.00	294912.00	0.00	20	perf_experiment
12:14:15 AM	1006	218202	79.00	1.00	0.00	0.00	80.00	29	1.00	0.00	590180	582636	0.22	0.00	262144.00	0.00	23	perf_experiment
12:14:16 AM	1006	218202	75.00	3.00	0.00	0.00	78.00	29	3.00	0.00	590180	583012	0.22	0.00	294912.00	0.00	23	perf_experiment
12:14:17 AM	1006	218202	76.00	1.00	0.00	0.00	77.00	29	0.00	0.00	590180	583012	0.22	0.00	294912.00	0.00	22	perf_experiment
12:14:18 AM	1006	218202	78.00	3.00	0.00	0.00	81.00	29	1.00	0.00	590180	583012	0.22	0.00	294912.00	0.00	19	perf_experiment
12:14:19 AM	1006	218202	78.00	0.00	0.00	0.00	78.00	29	0.00	0.00	590180	583012	0.22	0.00	262144.00	0.00	22	perf_experiment
12:14:20 AM	1006	218202	77.00	1.00	0.00	0.00	78.00	29	3.00	0.00	590316	583012	0.22	0.00	294912.00	0.00	23	perf_experiment
12:14:21 AM	1006	218202	77.00	2.00	0.00	0.00	79.00	29	0.00	0.00	590316	583012	0.22	0.00	262144.00	0.00	20	perf_experiment
12:14:22 AM	1006	218202	75.00	2.00	0.00	0.00	77.00	29	1.00	0.00	590316	583012	0.22	0.00	294912.00	0.00	23	perf_experiment
12:14:23 AM	1006	218202	77.00	1.00	0.00	0.00	78.00	29	0.00	0.00	590316	583012	0.22	0.00	294912.00	0.00	20	perf_experiment
12:14:24 AM	1006	218202	77.00	3.00	0.00	0.00	80.00	29	2.00	0.00	590316	583012	0.22	0.00	262144.00	0.00	23	perf_experiment
12:14:25 AM	1006	218202	77.00	1.00	0.00	0.00	78.00	29	0.00	0.00	590316	583012	0.22	0.00	294912.00	0.00	22	perf_experiment
12:14:26 AM	1006	218202	77.00	1.00	0.00	0.00	78.00	29	1.00	0.00	590316	583012	0.22	0.00	294912.00	0.00	19	perf_experiment
12:14:27 AM	1006	218202	79.00	2.00	0.00	0.00	81.00	29	0.00	0.00	590316	583012	0.22	0.00	262144.00	0.00	22	perf_experiment
12:14:28 AM	1006	218202	76.00	2.00	0.00	0.00	78.00	29	2.00	0.00	590316	583012	0.22	0.00	294912.00	0.00	22	perf_experiment
12:14:29 AM	1006	218202	78.00	1.00	0.00	0.00	79.00	29	0.00	0.00	590316	583012	0.22	0.00	294912.00	0.00	19	perf_experiment
12:14:30 AM	1006	218202	78.00	2.00	0.00	0.00	80.00	29	1.00	0.00	590316	583012	0.22	0.00	262144.00	0.00	22	perf_experiment
12:14:31 AM	1006	218202	75.00	2.00	0.00	0.00	77.00	29	0.00	0.00	590316	583012	0.22	0.00	294912.00	0.00	22	perf_experiment
12:14:32 AM	1006	218202	77.00	3.00	0.00	0.00	80.00	29	2.00	0.00	590316	583012	0.22	0.00	262144.00	0.00	20	perf_experiment
12:14:33 AM	1006	218202	76.00	2.00	0.00	0.00	78.00	29	0.00	0.00	590316	583012	0.22	0.00	294912.00	0.00	22	perf_experiment
12:14:34 AM	1006	218202	78.00	2.00	0.00	0.00	80.00	29	0.00	0.00	590316	583012	0.22	0.00	262144.00	0.00	20	perf_experiment
12:14:35 AM	1006	218202	76.00	2.00	0.00	0.00	78.00	29	3.00	0.00	590316	583012	0.22	0.00	294912.00	0.00	23	perf_experiment
12:14:36 AM	1006	218202	80.00	0.00	0.00	0.00	80.00	29	0.00	0.00	590316	583012	0.22	0.00	262659.50	0.00	19	perf_experiment
12:14:37 AM	1006	218202	77.00	1.00	0.00	0.00	78.00	29	0.00	0.00	590316	583012	0.22	0.00	294396.50	0.00	23	perf_experiment
12:14:38 AM	1006	218202	78.00	3.00	0.00	0.00	81.00	29	0.00	0.00	590316	583012	0.22	0.00	294912.00	0.00	19	perf_experiment
12:14:39 AM	1006	218202	78.00	1.00	0.00	0.00	79.00	29	0.00	0.00	590316	583012	0.22	0.00	262144.00	0.00	21	perf_experiment
12:14:40 AM	1006	218202	78.00	2.00	0.00	0.00	80.00	29	0.00	0.00	590316	583012	0.22	0.00	294912.00	0.00	19	perf_experiment
12:14:41 AM	1006	218202	76.00	3.00	0.00	0.00	79.00	29	0.00	0.00	590316	583012	0.22	0.00	262144.00	0.00	22	perf_experiment
12:14:42 AM	1006	218202	77.00	2.00	0.00	0.00	79.00	29	0.00	0.00	590316	583012	0.22	0.00	262144.00	0.00	20	perf_experiment
12:14:43 AM	1006	218202	75.00	3.00	0.00	0.00	78.00	29	3.00	0.00	590316	583012	0.22	0.00	294912.00	0.00	23	perf_experiment
12:14:44 AM	1006	218202	79.00	1.00	0.00	0.00	80.00	29	0.00	0.00	590316	583012	0.22	0.00	262144.00	0.00	20	perf_experiment
12:14:45 AM	1006	218202	78.00	1.00	0.00	0.00	79.00	29	0.00	0.00	590316	583012	0.22	0.00	294912.00	0.00	19	perf_experiment
12:14:46 AM	1006	218202	77.00	1.00	0.00	0.00	78.00	29	0.00	0.00	590316	583012	0.22	0.00	262144.00	0.00	23	perf_experiment
12:14:47 AM	1006	218202	79.00	2.00	0.00	0.00	81.00	29	2.00	0.00	590316	583012	0.22	0.00	262144.00	0.00	19	perf_experiment
12:14:48 AM	1006	218202	78.00	2.00	0.00	0.00	80.00	29	0.00	0.00	590316	583012	0.22	0.00	294912.00	0.00	19	perf_experiment
12:14:49 AM	1006	218202	78.00	1.00	0.00	0.00	79.00	29	0.00	0.00	590316	583012	0.22	0.00	262144.00	0.00	22	perf_experiment
12:14:50 AM	1006	218202	79.00	2.00	0.00	0.00	81.00	29	0.00	0.00	590316	583012	0.22	0.00	262144.00	0.00	20	perf_experiment
12:14:51 AM	1006	218202	77.00	2.00	0.00	0.00	79.00	29	2.00	0.00	590316	583012	0.22	0.00	262144.00	0.00	20	perf_experiment
12:14:52 AM	1006	218202	78.00	2.00	0.00	0.00	80.00	29	1.00	0.00	590316	583012	0.22	0.00	262144.00	0.00	20	perf_experiment
12:14:53 AM	1006	218202	77.00	2.00	0.00	0.00	79.00	29	0.00	0.00	590316	583012	0.22	0.00	294912.00	0.00	20	perf_experiment
12:14:54 AM	1006	218202	78.00	1.00	0.00	0.00	79.00	29	0.00	0.00	590316	583012	0.22	0.00	262144.00	0.00	23	perf_experiment
12:14:55 AM	1006	218202	79.00	2.00	0.00	0.00	81.00	29	2.00	0.00	590316	583012	0.22	0.00	262144.00	0.00	19	perf_experiment
12:14:56 AM	1006	218202	78.00	2.00	0.00	0.00	80.00	29	0.00	0.00	590316	583012	0.22	0.00	262144.00	0.00	20	perf_experiment
12:14:57 AM	1006	218202	77.00	2.00	0.00	0.00	79.00	29	0.00	0.00	590316	583012	0.22	0.00	262144.00	0.00	20	perf_experiment
12:14:58 AM	1006	218202	82.00	2.00	0.00	0.00	84.00	29	40.00	0.00	658052	583012	0.22	3540.00	229376.00	0.00	17	perf_experiment
12:14:59 AM	1006	218202	98.00	1.00	0.00	0.00	99.00	61	0.00	0.00	658052	583012	0.22	19226.00	0.00	0.00	0	perf_experiment
12:15:00 AM	1006	218202	97.00	3.00	0.00	0.00	100.00	61	0.00	0.00	658052	583012	0.22	19239.50	0.00	0.00	0	perf_experiment
12:15:01 AM	1006	218202	98.00	2.00	0.00	0.00	100.00	61	8.00	0.00	658052	583304	0.22	19182.50	0.00	0.00	0	perf_experiment
12:15:02 AM	1006	218202	99.00	2.00	0.00	0.00	101.00	61	4398.00	0.00	658180	583396	0.22	19159.50	0.00	0.00	0	perf_experiment
12:15:03 AM	1006	218202	97.00	3.00	0.00	0.00	100.00	61	4317.00	0.00	658180	583436	0.22	19171.00	0.00	0.00	0	perf_experiment
12:15:04 AM	1006	218202	95.00	4.00	0.00	0.00	99.00	61	709.00	0.00	658312	583480	0.22	19232.50	0.00	0.00	0	perf_experiment
12:15:05 AM	1006	218202	99.00	2.00	0.00	0.00	101.00	61	255.00	0.00	658304	583576	0.22	19201.00	0.00	0.00	0	perf_experiment
12:15:06 AM	1006	218202	97.00	3.00	0.00	0.00	100.00	61	185.00	0.00	658304	583608	0.22	19150.50	0.00	0.00	0	perf_experiment
12:15:07 AM	1006	218202	97.00	3.00	0.00	0.00	100.00	61	167.00	0.00	658440	583660	0.22	19205.00	0.00	0.00	0	perf_experiment
12:15:08 AM	1006	218202	97.00	3.00	0.00	0.00	100.00	61	120.00	0.00	658440	583736	0.22	19224.50	0.00	0.00	0	perf_experiment
12:15:09 AM	1006	218202	98.00	2.00	0.00	0.00	100.00	61	115.00	0.00	658568	583768	0.22	19362.00	0.00	0.00	0	perf_experiment
12:15:10 AM	1006	218202	98.02	0.00	0.00	0.00	98.02	61	105.94	0.00	658568	583812	0.22	19214.85	0.00	0.00	0	perf_experiment
12:15:11 AM	1006	218202	99.00	1.00	0.00	0.00	100.00	61	62.00	0.00	658680	583896	0.22	19408.00	0.00	0.00	0	perf_experiment
12:15:12 AM	1006	218202	97.00	3.00	0.00	0.00	100.00	61	94.00	0.00	658680	583928	0.22	19446.50	0.00	0.00	0	perf_experiment
12:15:13 AM	1006	218202	98.00	3.00	0.00	0.00	101.00	61	97.00	0.00	658808	584024	0.22	19447.00	0.00	0.00	0	perf_experiment
12:15:14 AM	1006	218202	97.00	2.00	0.00	0.00	99.00	61	106.00	0.00	658808	584080	0.22	19341.50	0.00	0.00	0	perf_experiment
12:15:15 AM	1006	218202	97.00	3.00	0.00	0.00	100.00	61	167.00	0.00	658928	584144	0.22	19453.00	0.00	0.00	0	perf_experiment
12:15:16 AM	1006	218202	99.00	1.00	0.00	0.00	100.00	61	187.00	0.00	658928	584192	0.22	19447.00	0.00	0.00	0	perf_experiment
12:15:17 AM	1006	218202	98.00	3.00	0.00	0.00	101.00	61	167.00	0.00	659064	584248	0.22	19436.00	0.00	0.00	0	perf_experiment
12:15:18 AM	1006	218202	97.00	2.00	0.00	0.00	99.00	61	160.00	0.00	659064	584320	0.22	19443.50	0.00	0.00	0	perf_experiment
12:15:19 AM	1006	218202	98.00	2.00	0.00	0.00	100.00	61	189.00	0.00	659064	584372	0.22	19403.50	0.00	0.00	0	perf_experiment
12:15:20 AM	1006	218202	99.00	2.00	0.00	0.00	101.00	61	172.00	0.00	659188	584432	0.22	19403.50	0.00	0.00	0	perf_experiment
12:15:21 AM	1006	218202	97.00	3.00	0.00	0.00	100.00	61	169.00	0.00	659188	584472	0.22	19432.00	0.00	0.00	0	perf_experiment
12:15:22 AM	1006	218202	98.00	1.00	0.00	0.00	99.00	61	156.00	0.00	659320	584560	0.22	19472.00	0.00	0.00	0	perf_experiment
12:15:23 AM	1006	218202	98.00	3.00	0.00	0.00	101.00	61	177.00	0.00	659320	584584	0.22	19419.00	0.00	0.00	0	perf_experiment
12:15:24 AM	1006	218202	99.00	1.00	0.00	0.00	100.00	61	168.00	0.00	659456	584664	0.22	19419.00	0.00	0.00	0	perf_experiment
12:15:25 AM	1006	218202	97.00	2.00	0.00	0.00	99.00	61	173.00	0.00	659456	584720	0.22	19422.50	0.00	0.00	0	perf_experiment
12:15:26 AM	1006	218202	100.00	1.00	0.00	0.00	101.00	61	205.00	0.00	659580	584792	0.22	19472.00	0.00	0.00	0	perf_experiment
12:15:27 AM	1006	218202	98.00	2.00	0.00	0.00	100.00	61	173.00	0.00	659580	584820	0.22	19437.00	0.00	0.00	0	perf_experiment
12:15:28 AM	1006	218202	98.00	2.00	0.00	0.00	100.00	61	169.00	0.00	659580	584876	0.22	19464.00	0.00	0.00	0	perf_experiment
12:15:29 AM	1006	218202	97.00	3.00	0.00	0.00	100.00	61	174.00	0.00	659716	584932	0.22	19431.00	0.00	0.00	0	perf_experiment
12:15:30 AM	1006	218202	98.00	2.00	0.00	0.00	100.00	61	132.00	0.00	659716	585000	0.22	19437.00	0.00	0.00	0	perf_experiment
12:15:31 AM	1006	218202	98.00	2.00	0.00	0.00	100.00	61	160.00	0.00	659832	585064	0.22	19412.50	0.00	0.00	0	perf_experiment
12:15:32 AM	1006	218202	97.00	3.00	0.00	0.00	100.00	61	167.00	0.00	659832	585144	0.22	19506.50	0.00	0.00	0	perf_experiment
12:15:33 AM	1006	218202	96.00	3.00	0.00	0.00	99.00	61	169.00	0.00	659960	585200	0.22	19362.00	0.00	0.00	0	perf_experiment
12:15:34 AM	1006	218202	97.00	4.00	0.00	0.00	101.00	61	152.00	0.00	659960	585224	0.22	19419.00	0.00	0.00	0	perf_experiment
12:15:35 AM	1006	218202	98.00	2.00	0.00	0.00	100.00	61	211.00	0.00	660088	585308	0.22	19406.00	0.00	0.00	0	perf_experiment
12:15:36 AM	1006	218202	98.00	2.00	0.00	0.00	100.00	61	160.00	0.00	660088	585352	0.22	19445.50	0.00	0.00	0	perf_experiment
12:15:37 AM	1006	218202	98.00	2.00	0.00	0.00	100.00	61	183.00	0.00	660220	585420	0.22	19435.50	0.00	0.00	0	perf_experiment
12:15:38 AM	1006	218202	99.00	1.00	0.00	0.00	100.00	61	128.00	0.00	660220	585460	0.22	19452.00	0.00	0.00	0	perf_experiment
12:15:39 AM	1006	218202	97.00	2.00	0.00	0.00	99.00	61	152.00	0.00	660340	585548	0.22	19366.50	0.00	0.00	0	perf_experiment
12:15:40 AM	1006	218202	97.00	3.00	0.00	0.00	100.00	61	160.00	0.00	660340	585572	0.22	19505.50	0.00	0.00	0	perf_experiment
12:15:41 AM	1006	218202	99.00	1.00	0.00	0.00	100.00	61	153.00	0.00	660476	585636	0.22	19387.50	0.00	0.00	0	perf_experiment
12:15:42 AM	1006	218202	98.00	3.00	0.00	0.00	101.00	61	7733.00	0.00	660452	585740	0.22	19267.00	0.00	0.00	0	perf_experiment
12:15:43 AM	1006	218202	97.00	3.00	0.00	0.00	100.00	61	1570.00	0.00	660452	585768	0.22	19382.50	0.00	0.00	0	perf_experiment
12:15:44 AM	1006	218202	99.00	0.00	0.00	0.00	99.00	61	532.00	0.00	660572	585828	0.22	19389.50	0.00	0.00	0	perf_experiment
12:15:45 AM	1006	218202	96.00	4.00	0.00	0.00	100.00	61	300.00	0.00	660684	585916	0.22	19401.50	0.00	0.00	0	perf_experiment
12:15:46 AM	1006	218202	98.00	3.00	0.00	0.00	101.00	61	290.00	0.00	660684	585964	0.22	19400.50	0.00	0.00	0	perf_experiment
12:15:47 AM	1006	218202	98.00	2.00	0.00	0.00	100.00	61	237.00	0.00	660804	586012	0.22	19475.50	0.00	0.00	0	perf_experiment
12:15:48 AM	1006	218202	96.00	3.00	0.00	0.00	99.00	61	235.00	0.00	660804	586084	0.22	19463.00	0.00	0.00	0	perf_experiment
12:15:49 AM	1006	218202	98.00	2.00	0.00	0.00	100.00	61	194.00	0.00	660928	586136	0.22	19408.50	0.00	0.00	0	perf_experiment
12:15:50 AM	1006	218202	99.00	2.00	0.00	0.00	101.00	61	155.00	0.00	660928	586184	0.22	19370.00	0.00	0.00	0	perf_experiment
12:15:51 AM	1006	218202	98.00	2.00	0.00	0.00	100.00	61	163.00	0.00	660928	586224	0.22	19442.50	0.00	0.00	0	perf_experiment
12:15:52 AM	1006	218202	97.00	2.00	0.00	0.00	99.00	61	221.00	0.00	661060	586272	0.22	19387.00	0.00	0.00	0	perf_experiment
12:15:53 AM	1006	218202	98.00	3.00	0.00	0.00	101.00	61	171.00	0.00	661060	586364	0.22	19360.00	0.00	0.00	0	perf_experiment
12:15:54 AM	1006	218202	98.00	1.00	0.00	0.00	99.00	61	196.00	0.00	661156	586420	0.22	19403.00	0.00	0.00	0	perf_experiment
12:15:55 AM	1006	218202	98.00	3.00	0.00	0.00	101.00	61	182.00	0.00	661288	586472	0.22	19400.00	0.00	0.00	0	perf_experiment
12:15:56 AM	1006	218202	98.00	1.00	0.00	0.00	99.00	61	189.00	0.00	661272	586532	0.22	19389.00	0.00	0.00	0	perf_experiment
12:15:57 AM	1006	218202	98.00	2.00	0.00	0.00	100.00	61	182.00	0.00	661272	586576	0.22	19405.00	0.00	0.00	0	perf_experiment
12:15:58 AM	1006	218202	98.00	2.00	0.00	0.00	100.00	61	171.00	0.00	661400	586656	0.22	19394.00	0.00	0.00	0	perf_experiment
12:15:59 AM	1006	218202	99.00	2.00	0.00	0.00	101.00	61	183.00	0.00	661400	586696	0.22	19455.00	0.00	0.00	0	perf_experiment
12:16:00 AM	1006	218202	98.00	2.00	0.00	0.00	100.00	61	194.00	0.00	661536	586768	0.22	19482.00	0.00	0.00	0	perf_experiment
12:16:01 AM	1006	218202	98.00	2.00	0.00	0.00	100.00	61	154.00	0.00	661536	586816	0.22	19385.00	0.00	0.00	0	perf_experiment
12:16:02 AM	1006	218202	97.00	2.00	0.00	0.00	99.00	61	151.00	0.00	661652	586876	0.22	19475.00	0.00	0.00	0	perf_experiment
12:16:03 AM	1006	218202	98.00	3.00	0.00	0.00	101.00	61	161.00	0.00	661652	586944	0.22	19477.50	0.00	0.00	0	perf_experiment
12:16:04 AM	1006	218202	98.00	2.00	0.00	0.00	100.00	61	156.00	0.00	661768	586996	0.22	19425.00	0.00	0.00	0	perf_experiment
12:16:05 AM	1006	218202	98.00	2.00	0.00	0.00	100.00	61	172.00	0.00	661768	587032	0.22	19438.50	0.00	0.00	0	perf_experiment
12:16:06 AM	1006	218202	98.00	1.00	0.00	0.00	99.00	61	157.00	0.00	661900	587100	0.22	19356.00	0.00	0.00	0	perf_experiment
12:16:07 AM	1006	218202	98.00	3.00	0.00	0.00	101.00	61	183.00	0.00	661900	587180	0.22	19408.50	0.00	0.00	0	perf_experiment
12:16:08 AM	1006	218202	98.00	2.00	0.00	0.00	100.00	61	148.00	0.00	662036	587236	0.22	19458.50	0.00	0.00	0	perf_experiment
12:16:09 AM	1006	218202	98.00	1.00	0.00	0.00	99.00	61	192.00	0.00	662036	587280	0.22	19444.00	0.00	0.00	0	perf_experiment
12:16:10 AM	1006	218202	97.00	3.00	0.00	0.00	100.00	61	189.00	0.00	662168	587372	0.22	19416.00	0.00	0.00	0	perf_experiment
12:16:11 AM	1006	218202	99.00	2.00	0.00	0.00	101.00	61	164.00	0.00	662168	587384	0.22	19484.50	0.00	0.00	0	perf_experiment
12:16:12 AM	1006	218202	97.00	2.00	0.00	0.00	99.00	61	169.00	0.00	662168	587464	0.22	19386.50	0.00	0.00	0	perf_experiment
12:16:13 AM	1006	218202	99.00	1.00	0.00	0.00	100.00	61	186.00	0.00	662304	587532	0.22	19404.00	0.00	0.00	0	perf_experiment
12:16:14 AM	1006	218202	99.00	2.00	0.00	0.00	101.00	61	181.00	0.00	662304	587572	0.22	19402.00	0.00	0.00	0	perf_experiment
12:16:15 AM	1006	218202	98.00	1.00	0.00	0.00	99.00	61	186.00	0.00	662432	587632	0.22	19469.00	0.00	0.00	0	perf_experiment
12:16:16 AM	1006	218202	98.00	2.00	0.00	0.00	100.00	61	132.00	0.00	662432	587688	0.22	19470.00	0.00	0.00	0	perf_experiment
12:16:17 AM	1006	218202	98.00	3.00	0.00	0.00	101.00	61	178.00	0.00	662560	587768	0.22	19424.50	0.00	0.00	0	perf_experiment
12:16:18 AM	1006	218202	98.00	1.00	0.00	0.00	99.00	61	163.00	0.00	662560	587840	0.22	19417.00	0.00	0.00	0	perf_experiment
12:16:19 AM	1006	218202	99.00	2.00	0.00	0.00	101.00	61	158.00	0.00	662560	587880	0.22	19424.50	0.00	0.00	0	perf_experiment
12:16:20 AM	1006	218202	99.00	1.00	0.00	0.00	100.00	61	192.00	0.00	662688	587936	0.22	19418.50	0.00	0.00	0	perf_experiment
12:16:21 AM	1006	218202	96.00	4.00	0.00	0.00	100.00	61	158.00	0.00	662796	588012	0.22	19452.50	0.00	0.00	0	perf_experiment
12:16:22 AM	1006	218202	99.00	0.00	0.00	0.00	99.00	61	132.00	0.00	662796	588052	0.22	19387.00	0.00	0.00	0	perf_experiment
12:16:23 AM	1006	218202	97.00	4.00	0.00	0.00	101.00	61	188.00	0.00	662920	588120	0.22	19384.50	0.00	0.00	0	perf_experiment
12:16:24 AM	1006	218202	98.00	2.00	0.00	0.00	100.00	61	162.00	0.00	662920	588168	0.22	19440.50	0.00	0.00	0	perf_experiment
12:16:25 AM	1006	218202	98.00	2.00	0.00	0.00	100.00	61	158.00	0.00	662920	588232	0.22	19377.00	0.00	0.00	0	perf_experiment
12:16:26 AM	1006	218202	97.00	3.00	0.00	0.00	100.00	61	156.00	0.00	663048	588308	0.22	19441.00	0.00	0.00	0	perf_experiment
12:16:27 AM	1006	218202	97.00	3.00	0.00	0.00	100.00	61	156.00	0.00	663048	588332	0.22	19427.50	0.00	0.00	0	perf_experiment
12:16:28 AM	1006	218202	96.00	3.00	0.00	0.00	99.00	61	169.00	0.00	663180	588396	0.22	19485.00	0.00	0.00	0	perf_experiment
12:16:29 AM	1006	218202	98.00	3.00	0.00	0.00	101.00	61	148.00	0.00	663180	588460	0.22	19345.00	0.00	0.00	0	perf_experiment
12:16:30 AM	1006	218202	96.00	4.00	0.00	0.00	100.00	61	171.00	0.00	663308	588508	0.22	19468.00	0.00	0.00	0	perf_experiment
12:16:31 AM	1006	218202	96.00	3.00	0.00	0.00	99.00	61	144.00	0.00	663308	588540	0.22	19425.00	0.00	0.00	0	perf_experiment
12:16:32 AM	1006	218202	99.00	1.00	0.00	0.00	100.00	61	142.00	0.00	663440	588604	0.22	19476.50	0.00	0.00	0	perf_experiment
12:16:33 AM	1006	218202	98.00	3.00	0.00	0.00	101.00	61	6503.00	0.00	663440	588680	0.22	19332.50	0.00	0.00	0	perf_experiment
12:16:34 AM	1006	218202	98.00	2.00	0.00	0.00	100.00	61	2749.00	0.00	663568	588768	0.22	19324.50	0.00	0.00	0	perf_experiment
12:16:35 AM	1006	218202	97.00	3.00	0.00	0.00	100.00	61	551.00	0.00	663568	588800	0.22	19477.00	0.00	0.00	0	perf_experiment
12:16:36 AM	1006	218202	97.00	2.00	0.00	0.00	99.00	61	353.00	0.00	663568	588872	0.22	19404.00	0.00	0.00	0	perf_experiment
12:16:37 AM	1006	218202	98.00	2.00	0.00	0.00	100.00	61	254.00	0.00	663704	588936	0.22	19329.00	0.00	0.00	0	perf_experiment
12:16:38 AM	1006	218202	98.00	3.00	0.00	0.00	101.00	61	242.00	0.00	663704	588976	0.22	19393.50	0.00	0.00	0	perf_experiment
12:16:39 AM	1006	218202	95.00	4.00	0.00	0.00	99.00	61	209.00	0.00	663840	589028	0.22	19342.00	0.00	0.00	0	perf_experiment
12:16:40 AM	1006	218202	98.00	2.00	0.00	0.00	100.00	61	197.00	0.00	663840	589104	0.22	19486.00	0.00	0.00	0	perf_experiment
12:16:41 AM	1006	218202	96.00	5.00	0.00	0.00	101.00	61	204.00	0.00	663960	589168	0.22	19348.50	0.00	0.00	0	perf_experiment
12:16:42 AM	1006	218202	96.00	3.00	0.00	0.00	99.00	61	179.00	0.00	663960	589240	0.22	19466.00	0.00	0.00	0	perf_experiment
12:16:43 AM	1006	218202	99.00	2.00	0.00	0.00	101.00	61	179.00	0.00	663960	589276	0.22	19375.50	0.00	0.00	0	perf_experiment
12:16:44 AM	1006	218202	98.00	1.00	0.00	0.00	99.00	61	189.00	0.00	664088	589344	0.22	19480.00	0.00	0.00	0	perf_experiment
12:16:45 AM	1006	218202	100.00	0.00	0.00	0.00	100.00	61	131.00	0.00	664088	589368	0.22	19467.50	0.00	0.00	0	perf_experiment
12:16:46 AM	1006	218202	98.00	3.00	0.00	0.00	101.00	61	185.00	0.00	664200	589440	0.22	19395.50	0.00	0.00	0	perf_experiment
12:16:47 AM	1006	218202	95.00	4.00	0.00	0.00	99.00	61	172.00	0.00	664332	589532	0.22	19384.50	0.00	0.00	0	perf_experiment
12:16:48 AM	1006	218202	98.00	3.00	0.00	0.00	101.00	61	146.00	0.00	664332	589556	0.22	19422.50	0.00	0.00	0	perf_experiment
12:16:49 AM	1006	218202	96.00	3.00	0.00	0.00	99.00	61	195.00	0.00	664332	589620	0.22	19449.50	0.00	0.00	0	perf_experiment
12:16:50 AM	1006	218202	97.00	3.00	0.00	0.00	100.00	61	172.00	0.00	664452	589676	0.22	19425.50	0.00	0.00	0	perf_experiment
12:16:51 AM	1006	218202	98.00	2.00	0.00	0.00	100.00	61	137.00	0.00	664452	589732	0.22	19476.00	0.00	0.00	0	perf_experiment
12:16:52 AM	1006	218202	96.00	4.00	0.00	0.00	100.00	61	151.00	0.00	664572	589796	0.22	19453.00	0.00	0.00	0	perf_experiment
12:16:53 AM	1006	218202	99.00	2.00	0.00	0.00	101.00	61	192.00	0.00	664572	589864	0.22	19450.50	0.00	0.00	0	perf_experiment
12:16:54 AM	1006	218202	97.00	3.00	0.00	0.00	100.00	61	185.00	0.00	664708	589924	0.22	19455.50	0.00	0.00	0	perf_experiment
12:16:55 AM	1006	218202	97.00	3.00	0.00	0.00	100.00	61	152.00	0.00	664708	589988	0.22	19424.50	0.00	0.00	0	perf_experiment
12:16:56 AM	1006	218202	97.00	2.00	0.00	0.00	99.00	61	188.00	0.00	664708	590028	0.22	19425.50	0.00	0.00	0	perf_experiment
12:16:57 AM	1006	218202	99.00	2.00	0.00	0.00	101.00	61	181.00	0.00	664844	590084	0.22	19406.00	0.00	0.00	0	perf_experiment
12:16:58 AM	1006	218202	98.00	2.00	0.00	0.00	100.00	61	198.00	0.00	664844	590156	0.22	19479.00	0.00	0.00	0	perf_experiment
12:16:59 AM	1006	218202	97.00	3.00	0.00	0.00	100.00	61	191.00	0.00	664980	590188	0.22	19403.50	0.00	0.00	0	perf_experiment
12:17:00 AM	1006	218202	96.00	3.00	0.00	0.00	99.00	61	165.00	0.00	664980	590276	0.22	19428.00	0.00	0.00	0	perf_experiment
12:17:01 AM	1006	218202	99.00	2.00	0.00	0.00	101.00	61	179.00	0.00	665116	590340	0.22	19421.00	0.00	0.00	0	perf_experiment
12:17:02 AM	1006	218202	96.00	4.00	0.00	0.00	100.00	61	150.00	0.00	665116	590360	0.22	19386.00	0.00	0.00	0	perf_experiment
12:17:03 AM	1006	218202	98.00	2.00	0.00	0.00	100.00	61	190.00	0.00	665116	590436	0.22	19392.00	0.00	0.00	0	perf_experiment
12:17:04 AM	1006	218202	97.00	2.00	0.00	0.00	99.00	61	160.00	0.00	665236	590484	0.22	19471.50	0.00	0.00	0	perf_experiment
12:17:05 AM	1006	218202	99.00	2.00	0.00	0.00	101.00	61	155.00	0.00	665236	590556	0.22	19468.00	0.00	0.00	0	perf_experiment
12:17:06 AM	1006	218202	97.00	2.00	0.00	0.00	99.00	61	195.00	0.00	665368	590644	0.22	19429.00	0.00	0.00	0	perf_experiment
12:17:07 AM	1006	218202	99.00	2.00	0.00	0.00	101.00	61	124.00	0.00	665368	590668	0.22	19403.50	0.00	0.00	0	perf_experiment
12:17:08 AM	1006	218202	97.03	0.99	0.00	0.00	98.02	61	157.43	0.00	665476	590716	0.22	19239.60	0.00	0.00	0	perf_experiment
12:17:09 AM	1006	218202	98.00	3.00	0.00	0.00	101.00	61	167.00	0.00	665588	590804	0.22	19410.00	0.00	0.00	0	perf_experiment
12:17:10 AM	1006	218202	97.00	3.00	0.00	0.00	100.00	61	162.00	0.00	665588	590836	0.22	19384.50	0.00	0.00	0	perf_experiment
12:17:11 AM	1006	218202	98.00	2.00	0.00	0.00	100.00	61	158.00	0.00	665724	590892	0.22	19406.50	0.00	0.00	0	perf_experiment
12:17:12 AM	1006	218202	98.00	1.00	0.00	0.00	99.00	61	161.00	0.00	665716	590956	0.22	19450.00	0.00	0.00	0	perf_experiment
12:17:13 AM	1006	218202	98.00	2.00	0.00	0.00	100.00	61	165.00	0.00	665828	591044	0.22	19450.50	0.00	0.00	0	perf_experiment
12:17:14 AM	1006	218202	97.00	3.00	0.00	0.00	100.00	61	168.00	0.00	665828	591060	0.22	19422.50	0.00	0.00	0	perf_experiment
12:17:15 AM	1006	218202	100.00	1.00	0.00	0.00	101.00	61	169.00	0.00	665828	591136	0.22	19396.50	0.00	0.00	0	perf_experiment
12:17:16 AM	1006	218202	99.00	1.00	0.00	1.00	100.00	61	185.00	0.00	665952	591200	0.22	19372.50	0.00	0.00	0	perf_experiment
12:17:17 AM	1006	218202	99.00	1.00	0.00	0.00	100.00	61	139.00	0.00	665952	591236	0.22	19391.00	0.00	0.00	0	perf_experiment
12:17:18 AM	1006	218202	98.00	1.00	0.00	0.00	99.00	61	206.00	0.00	666068	591324	0.22	19409.50	0.00	0.00	0	perf_experiment
12:17:19 AM	1006	218202	98.00	3.00	0.00	0.00	101.00	61	201.00	0.00	666068	591384	0.22	19374.00	0.00	0.00	0	perf_experiment
12:17:20 AM	1006	218202	96.00	4.00	0.00	0.00	100.00	61	188.00	0.00	666200	591436	0.22	19344.00	0.00	0.00	0	perf_experiment
12:17:21 AM	1006	218202	96.00	3.00	0.00	0.00	99.00	61	144.00	0.00	666200	591496	0.22	19434.50	0.00	0.00	0	perf_experiment
12:17:22 AM	1006	218202	99.00	2.00	0.00	0.00	101.00	61	163.00	0.00	666336	591536	0.22	19412.00	0.00	0.00	0	perf_experiment
12:17:23 AM	1006	218202	98.00	1.00	0.00	0.00	99.00	61	160.00	0.00	666336	591608	0.22	19419.50	0.00	0.00	0	perf_experiment
12:17:24 AM	1006	218202	99.00	2.00	0.00	0.00	101.00	61	156.00	0.00	666448	591664	0.22	19481.00	0.00	0.00	0	perf_experiment
12:17:25 AM	1006	218202	96.00	4.00	0.00	0.00	100.00	61	161.00	0.00	666448	591720	0.22	19457.00	0.00	0.00	0	perf_experiment
12:17:26 AM	1006	218202	97.00	3.00	0.00	0.00	100.00	61	183.00	0.00	666584	591768	0.22	19408.50	0.00	0.00	0	perf_experiment
12:17:27 AM	1006	218202	95.00	4.00	0.00	0.00	99.00	61	150.00	0.00	666584	591832	0.22	19451.00	0.00	0.00	0	perf_experiment
12:17:28 AM	1006	218202	98.00	3.00	0.00	0.00	101.00	61	193.00	0.00	666716	591916	0.22	19292.50	0.00	0.00	0	perf_experiment
12:17:29 AM	1006	218202	98.00	2.00	0.00	0.00	100.00	61	151.00	0.00	666716	591972	0.22	19373.50	0.00	0.00	0	perf_experiment
12:17:30 AM	1006	218202	98.00	1.00	0.00	0.00	99.00	61	152.00	0.00	666716	591988	0.22	19334.50	0.00	0.00	0	perf_experiment
12:17:31 AM	1006	218202	98.00	3.00	0.00	0.00	101.00	61	156.00	0.00	666844	592060	0.22	19416.00	0.00	0.00	0	perf_experiment
12:17:32 AM	1006	218202	98.00	2.00	0.00	0.00	100.00	61	164.00	0.00	666844	592132	0.22	19339.00	0.00	0.00	0	perf_experiment
12:17:33 AM	1006	218202	98.00	1.00	0.00	0.00	99.00	61	6472.00	0.00	666972	592220	0.22	19336.50	0.00	0.00	0	perf_experiment
12:17:34 AM	1006	218202	97.00	4.00	0.00	0.00	101.00	61	2714.00	0.00	666972	592260	0.22	19395.00	0.00	0.00	0	perf_experiment
12:17:35 AM	1006	218202	98.00	2.00	0.00	0.00	100.00	61	594.00	0.00	667076	592316	0.22	19387.50	0.00	0.00	0	perf_experiment
12:17:36 AM	1006	218202	97.00	2.00	0.00	0.00	99.00	61	333.00	0.00	667076	592372	0.22	19364.50	0.00	0.00	0	perf_experiment
12:17:37 AM	1006	218202	98.00	3.00	0.00	0.00	101.00	61	245.00	0.00	667204	592436	0.22	19444.50	0.00	0.00	0	perf_experiment
12:17:38 AM	1006	218202	97.00	2.00	0.00	0.00	99.00	61	227.00	0.00	667204	592496	0.22	19417.00	0.00	0.00	0	perf_experiment
12:17:39 AM	1006	218202	98.00	2.00	0.00	0.00	100.00	61	194.00	0.00	667340	592548	0.22	19446.00	0.00	0.00	0	perf_experiment
12:17:40 AM	1006	218202	99.00	2.00	0.00	0.00	101.00	61	202.00	0.00	667332	592584	0.22	19389.50	0.00	0.00	0	perf_experiment
12:17:41 AM	1006	218202	97.00	2.00	0.00	0.00	99.00	61	195.00	0.00	667464	592656	0.22	19385.50	0.00	0.00	0	perf_experiment
12:17:42 AM	1006	218202	98.00	3.00	0.00	0.00	101.00	61	199.00	0.00	667456	592704	0.22	19400.00	0.00	0.00	0	perf_experiment
12:17:43 AM	1006	218202	98.00	1.00	0.00	0.00	99.00	61	179.00	0.00	667576	592784	0.22	19441.50	0.00	0.00	0	perf_experiment
12:17:44 AM	1006	218202	98.00	2.00	0.00	0.00	100.00	61	185.00	0.00	667576	592824	0.22	19507.00	0.00	0.00	0	perf_experiment
12:17:45 AM	1006	218202	98.00	2.00	0.00	0.00	100.00	61	163.00	0.00	667708	592924	0.22	19469.50	0.00	0.00	0	perf_experiment
12:17:46 AM	1006	218202	100.00	1.00	0.00	0.00	101.00	61	162.00	0.00	667708	592960	0.22	19481.00	0.00	0.00	0	perf_experiment
12:17:47 AM	1006	218202	98.00	2.00	0.00	0.00	100.00	61	163.00	0.00	667708	593008	0.22	19542.00	0.00	0.00	0	perf_experiment
12:17:48 AM	1006	218202	98.00	2.00	0.00	0.00	100.00	61	181.00	0.00	667840	593080	0.22	19434.00	0.00	0.00	0	perf_experiment
12:17:49 AM	1006	218202	98.00	2.00	0.00	0.00	100.00	61	145.00	0.00	667840	593120	0.22	19460.00	0.00	0.00	0	perf_experiment
12:17:50 AM	1006	218202	98.00	1.00	0.00	0.00	99.00	61	148.00	0.00	667972	593156	0.22	19483.00	0.00	0.00	0	perf_experiment
12:17:51 AM	1006	218202	98.00	2.00	0.00	0.00	100.00	61	151.00	0.00	667972	593228	0.22	19426.00	0.00	0.00	0	perf_experiment
12:17:52 AM	1006	218202	98.00	3.00	0.00	0.00	101.00	61	143.00	0.00	668108	593300	0.22	19408.00	0.00	0.00	0	perf_experiment
12:17:53 AM	1006	218202	97.00	3.00	0.00	0.00	100.00	61	145.00	0.00	668100	593340	0.22	19351.50	0.00	0.00	0	perf_experiment
12:17:54 AM	1006	218202	99.00	1.00	0.00	0.00	100.00	61	187.00	0.00	668204	593428	0.22	19453.00	0.00	0.00	0	perf_experiment
12:17:55 AM	1006	218202	100.00	0.00	0.00	0.00	100.00	61	145.00	0.00	668204	593476	0.22	19408.50	0.00	0.00	0	perf_experiment
12:17:56 AM	1006	218202	98.00	2.00	0.00	0.00	100.00	61	192.00	0.00	668316	593556	0.23	19462.00	0.00	0.00	0	perf_experiment
12:17:57 AM	1006	218202	99.00	1.00	0.00	0.00	100.00	61	195.00	0.00	668316	593584	0.23	19400.50	0.00	0.00	0	perf_experiment
12:17:58 AM	1006	218202	99.00	1.00	0.00	0.00	100.00	61	147.00	0.00	668440	593656	0.23	19492.00	0.00	0.00	0	perf_experiment
12:17:59 AM	1006	218202	95.00	5.00	0.00	0.00	100.00	61	146.00	0.00	668440	593720	0.23	19438.50	0.00	0.00	0	perf_experiment
12:18:00 AM	1006	218202	97.00	3.00	0.00	0.00	100.00	61	124.00	0.00	668572	593756	0.23	19408.00	0.00	0.00	0	perf_experiment
12:18:01 AM	1006	218202	98.00	1.00	0.00	0.00	99.00	61	173.00	0.00	668572	593808	0.23	19387.00	0.00	0.00	0	perf_experiment
12:18:02 AM	1006	218202	97.00	4.00	0.00	0.00	101.00	61	149.00	0.00	668572	593892	0.23	19394.50	0.00	0.00	0	perf_experiment
12:18:03 AM	1006	218202	97.00	2.00	0.00	0.00	99.00	61	165.00	0.00	668708	593924	0.23	19417.00	0.00	0.00	0	perf_experiment
12:18:04 AM	1006	218202	98.00	3.00	0.00	0.00	101.00	61	173.00	0.00	668708	594012	0.23	19449.50	0.00	0.00	0	perf_experiment
12:18:05 AM	1006	218202	99.00	1.00	0.00	0.00	100.00	61	163.00	0.00	668836	594036	0.23	19397.50	0.00	0.00	0	perf_experiment
12:18:06 AM	1006	218202	97.00	3.00	0.00	0.00	100.00	61	178.00	0.00	668836	594108	0.23	19375.00	0.00	0.00	0	perf_experiment
12:18:07 AM	1006	218202	97.00	3.00	0.00	0.00	100.00	61	177.00	0.00	668952	594216	0.23	19441.00	0.00	0.00	0	perf_experiment
12:18:08 AM	1006	218202	97.00	2.00	0.00	0.00	99.00	61	134.00	0.00	668952	594216	0.23	19421.50	0.00	0.00	0	perf_experiment
12:18:09 AM	1006	218202	99.00	2.00	0.00	0.00	101.00	61	181.00	0.00	669060	594308	0.23	19485.50	0.00	0.00	0	perf_experiment
12:18:10 AM	1006	218202	96.00	4.00	0.00	0.00	100.00	61	198.00	0.00	669060	594364	0.23	19386.50	0.00	0.00	0	perf_experiment
12:18:11 AM	1006	218202	98.00	2.00	0.00	0.00	100.00	61	180.00	0.00	669172	594404	0.23	19423.00	0.00	0.00	0	perf_experiment
12:18:12 AM	1006	218202	99.00	0.00	0.00	0.00	99.00	61	180.00	0.00	669172	594484	0.23	19401.00	0.00	0.00	0	perf_experiment
12:18:13 AM	1006	218202	97.00	4.00	0.00	0.00	101.00	61	180.00	0.00	669288	594536	0.23	19391.00	0.00	0.00	0	perf_experiment
12:18:14 AM	1006	218202	99.00	1.00	0.00	0.00	100.00	61	169.00	0.00	669288	594588	0.23	19455.50	0.00	0.00	0	perf_experiment
12:18:15 AM	1006	218202	97.00	3.00	0.00	0.00	100.00	61	172.00	0.00	669400	594648	0.23	19411.00	0.00	0.00	0	perf_experiment
12:18:16 AM	1006	218202	98.00	2.00	0.00	0.00	100.00	61	151.00	0.00	669400	594680	0.23	19333.00	0.00	0.00	0	perf_experiment
12:18:17 AM	1006	218202	98.00	2.00	0.00	0.00	100.00	61	176.00	0.00	669528	594768	0.23	19403.50	0.00	0.00	0	perf_experiment
12:18:18 AM	1006	218202	97.00	2.00	0.00	0.00	99.00	61	168.00	0.00	669528	594824	0.23	19419.50	0.00	0.00	0	perf_experiment
12:18:19 AM	1006	218202	97.00	3.00	0.00	0.00	100.00	61	134.00	0.00	669660	594868	0.23	19434.00	0.00	0.00	0	perf_experiment
12:18:20 AM	1006	218202	99.00	2.00	0.00	0.00	101.00	61	142.00	0.00	669660	594920	0.23	19393.00	0.00	0.00	0	perf_experiment
12:18:21 AM	1006	218202	98.00	2.00	0.00	0.00	100.00	61	125.00	0.00	669796	594988	0.23	19346.50	0.00	0.00	0	perf_experiment
12:18:22 AM	1006	218202	98.00	1.00	0.00	0.00	99.00	61	179.00	0.00	669796	595064	0.23	19492.00	0.00	0.00	0	perf_experiment
12:18:23 AM	1006	218202	99.00	2.00	0.00	0.00	101.00	61	154.00	0.00	669912	595120	0.23	19400.50	0.00	0.00	0	perf_experiment
12:18:24 AM	1006	218202	97.00	2.00	0.00	0.00	99.00	61	150.00	0.00	669912	595168	0.23	19419.50	0.00	0.00	0	perf_experiment
12:18:25 AM	1006	218202	98.00	3.00	0.00	0.00	101.00	61	174.00	0.00	669912	595232	0.23	19492.50	0.00	0.00	0	perf_experiment
12:18:26 AM	1006	218202	97.00	2.00	0.00	0.00	99.00	61	142.00	0.00	670048	595264	0.23	19461.00	0.00	0.00	0	perf_experiment
12:18:27 AM	1006	218202	99.00	2.00	0.00	0.00	101.00	61	173.00	0.00	670048	595356	0.23	19397.00	0.00	0.00	0	perf_experiment
12:18:28 AM	1006	218202	99.00	1.00	0.00	0.00	100.00	61	170.00	0.00	670184	595432	0.23	19421.00	0.00	0.00	0	perf_experiment
12:18:29 AM	1006	218202	96.00	4.00	0.00	0.00	100.00	61	170.00	0.00	670184	595464	0.23	19427.00	0.00	0.00	0	perf_experiment
12:18:30 AM	1006	218202	97.00	3.00	0.00	0.00	100.00	61	189.00	0.00	670308	595516	0.23	19380.50	0.00	0.00	0	perf_experiment
12:18:31 AM	1006	218202	96.00	4.00	0.00	0.00	100.00	61	174.00	0.00	670308	595572	0.23	19407.00	0.00	0.00	0	perf_experiment
12:18:32 AM	1006	218202	98.00	2.00	0.00	0.00	100.00	61	178.00	0.00	670420	595644	0.23	19401.00	0.00	0.00	0	perf_experiment
12:18:33 AM	1006	218202	95.00	5.00	0.00	0.00	100.00	61	6135.00	0.00	670420	595700	0.23	19335.50	0.00	0.00	0	perf_experiment
12:18:34 AM	1006	218202	97.00	3.00	0.00	0.00	100.00	61	2958.00	0.00	670532	595764	0.23	19330.00	0.00	0.00	0	perf_experiment
12:18:35 AM	1006	218202	99.00	1.00	0.00	0.00	100.00	61	721.00	0.00	670532	595820	0.23	19427.50	0.00	0.00	0	perf_experiment
12:18:36 AM	1006	218202	98.00	2.00	0.00	0.00	100.00	61	336.00	0.00	670660	595892	0.23	19443.50	0.00	0.00	0	perf_experiment
12:18:37 AM	1006	218202	97.00	3.00	0.00	0.00	100.00	61	265.00	0.00	670660	595924	0.23	19443.00	0.00	0.00	0	perf_experiment
12:18:38 AM	1006	218202	97.00	3.00	0.00	0.00	100.00	61	196.00	0.00	670788	595988	0.23	19411.50	0.00	0.00	0	perf_experiment
12:18:39 AM	1006	218202	99.00	1.00	0.00	0.00	100.00	61	184.00	0.00	670788	596080	0.23	19385.00	0.00	0.00	0	perf_experiment
12:18:40 AM	1006	218202	96.00	4.00	0.00	0.00	100.00	61	185.00	0.00	670788	596100	0.23	19389.50	0.00	0.00	0	perf_experiment
12:18:41 AM	1006	218202	96.00	3.00	0.00	0.00	99.00	61	166.00	0.00	670920	596156	0.23	19403.50	0.00	0.00	0	perf_experiment
12:18:42 AM	1006	218202	98.00	3.00	0.00	0.00	101.00	61	215.00	0.00	670920	596240	0.23	19532.00	0.00	0.00	0	perf_experiment
12:18:43 AM	1006	218202	97.00	3.00	0.00	0.00	100.00	61	152.00	0.00	671044	596276	0.23	19422.50	0.00	0.00	0	perf_experiment
12:18:44 AM	1006	218202	99.00	1.00	0.00	0.00	100.00	61	153.00	0.00	671044	596324	0.23	19422.00	0.00	0.00	0	perf_experiment
12:18:45 AM	1006	218202	98.00	2.00	0.00	0.00	100.00	61	167.00	0.00	671164	596404	0.23	19414.50	0.00	0.00	0	perf_experiment
12:18:46 AM	1006	218202	98.00	2.00	0.00	0.00	100.00	61	156.00	0.00	671164	596452	0.23	19429.00	0.00	0.00	0	perf_experiment
12:18:47 AM	1006	218202	98.00	2.00	0.00	0.00	100.00	61	145.00	0.00	671300	596500	0.23	19411.50	0.00	0.00	0	perf_experiment
12:18:48 AM	1006	218202	97.00	3.00	0.00	0.00	100.00	61	159.00	0.00	671300	596588	0.23	19408.50	0.00	0.00	0	perf_experiment
12:18:49 AM	1006	218202	99.00	1.00	0.00	0.00	100.00	61	128.00	0.00	671412	596628	0.23	19428.00	0.00	0.00	0	perf_experiment
12:18:50 AM	1006	218202	99.00	1.00	0.00	0.00	100.00	61	140.00	0.00	671412	596692	0.23	19437.50	0.00	0.00	0	perf_experiment
12:18:51 AM	1006	218202	99.00	1.00	0.00	0.00	100.00	61	174.00	0.00	671532	596740	0.23	19414.00	0.00	0.00	0	perf_experiment
12:18:52 AM	1006	218202	96.00	4.00	0.00	0.00	100.00	61	178.00	0.00	671532	596796	0.23	19379.00	0.00	0.00	0	perf_experiment
12:18:53 AM	1006	218202	98.00	2.00	0.00	0.00	100.00	61	183.00	0.00	671660	596860	0.23	19305.50	0.00	0.00	0	perf_experiment
12:18:54 AM	1006	218202	98.00	2.00	0.00	0.00	100.00	61	174.00	0.00	671660	596932	0.23	19440.00	0.00	0.00	0	perf_experiment
12:18:55 AM	1006	218202	97.00	3.00	0.00	0.00	100.00	61	197.00	0.00	671796	596980	0.23	19431.50	0.00	0.00	0	perf_experiment
12:18:56 AM	1006	218202	99.00	1.00	0.00	0.00	100.00	61	174.00	0.00	671772	597020	0.23	19388.50	0.00	0.00	0	perf_experiment
12:18:57 AM	1006	218202	97.00	3.00	0.00	0.00	100.00	61	133.00	0.00	671772	597092	0.23	19432.50	0.00	0.00	0	perf_experiment
12:18:58 AM	1006	218202	98.00	2.00	0.00	0.00	100.00	61	172.00	0.00	671900	597148	0.23	19446.00	0.00	0.00	0	perf_experiment
12:18:59 AM	1006	218202	99.00	0.00	0.00	0.00	99.00	61	172.00	0.00	671900	597212	0.23	19439.00	0.00	0.00	0	perf_experiment
12:19:00 AM	1006	218202	96.00	4.00	0.00	0.00	100.00	61	185.00	0.00	672036	597268	0.23	19329.50	0.00	0.00	0	perf_experiment
12:19:01 AM	1006	218202	98.00	3.00	0.00	0.00	101.00	61	172.00	0.00	672036	597340	0.23	19385.00	0.00	0.00	0	perf_experiment
12:19:02 AM	1006	218202	98.00	2.00	0.00	0.00	100.00	61	194.00	0.00	672156	597388	0.23	19337.50	0.00	0.00	0	perf_experiment
12:19:03 AM	1006	218202	97.00	3.00	0.00	0.00	100.00	61	173.00	0.00	672156	597452	0.23	19452.00	0.00	0.00	0	perf_experiment
12:19:04 AM	1006	218202	95.00	4.00	0.00	0.00	99.00	61	185.00	0.00	672260	597524	0.23	19449.00	0.00	0.00	0	perf_experiment
12:19:05 AM	1006	218202	98.02	1.98	0.00	0.00	100.00	61	200.00	0.00	672260	597572	0.23	19248.02	0.00	0.00	0	perf_experiment
12:19:06 AM	1006	218202	99.00	1.00	0.00	0.00	100.00	61	164.00	0.00	672396	597632	0.23	19393.00	0.00	0.00	0	perf_experiment
12:19:07 AM	1006	218202	98.00	1.00	0.00	0.00	99.00	61	187.00	0.00	672396	597700	0.23	19416.00	0.00	0.00	0	perf_experiment
12:19:08 AM	1006	218202	97.00	4.00	0.00	0.00	101.00	61	171.00	0.00	672524	597732	0.23	19380.50	0.00	0.00	0	perf_experiment
12:19:09 AM	1006	218202	98.00	2.00	0.00	0.00	100.00	61	167.00	0.00	672524	597796	0.23	19422.50	0.00	0.00	0	perf_experiment
12:19:10 AM	1006	218202	99.00	0.00	0.00	0.00	99.00	61	171.00	0.00	672660	597836	0.23	19447.50	0.00	0.00	0	perf_experiment
12:19:11 AM	1006	218202	99.00	2.00	0.00	0.00	101.00	61	179.00	0.00	672660	597916	0.23	19486.50	0.00	0.00	0	perf_experiment
12:19:12 AM	1006	218202	97.00	2.00	0.00	0.00	99.00	61	149.00	0.00	672772	597996	0.23	19498.00	0.00	0.00	0	perf_experiment
12:19:13 AM	1006	218202	97.00	4.00	0.00	0.00	101.00	61	170.00	0.00	672772	598044	0.23	19386.50	0.00	0.00	0	perf_experiment
12:19:14 AM	1006	218202	98.00	2.00	0.00	0.00	100.00	61	182.00	0.00	672900	598104	0.23	19414.00	0.00	0.00	0	perf_experiment
12:19:15 AM	1006	218202	99.00	1.00	0.00	0.00	100.00	61	157.00	0.00	672900	598164	0.23	19463.50	0.00	0.00	0	perf_experiment
12:19:16 AM	1006	218202	98.00	2.00	0.00	0.00	100.00	61	196.00	0.00	672900	598204	0.23	19362.00	0.00	0.00	0	perf_experiment
12:19:17 AM	1006	218202	98.00	2.00	0.00	0.00	100.00	61	169.00	0.00	673036	598288	0.23	19515.00	0.00	0.00	0	perf_experiment
12:19:18 AM	1006	218202	98.00	2.00	0.00	0.00	100.00	61	188.00	0.00	673036	598336	0.23	19365.00	0.00	0.00	0	perf_experiment
12:19:19 AM	1006	218202	99.00	1.00	0.00	0.00	100.00	61	142.00	0.00	673152	598392	0.23	19392.50	0.00	0.00	0	perf_experiment
12:19:20 AM	1006	218202	96.00	4.00	0.00	0.00	100.00	61	192.00	0.00	673152	598448	0.23	19448.50	0.00	0.00	0	perf_experiment
12:19:21 AM	1006	218202	97.00	3.00	0.00	0.00	100.00	61	183.00	0.00	673272	598496	0.23	19470.50	0.00	0.00	0	perf_experiment
12:19:22 AM	1006	218202	98.00	2.00	0.00	0.00	100.00	61	159.00	0.00	673272	598568	0.23	19416.50	0.00	0.00	0	perf_experiment
12:19:23 AM	1006	218202	97.00	3.00	0.00	0.00	100.00	61	148.00	0.00	673400	598624	0.23	19403.50	0.00	0.00	0	perf_experiment
12:19:24 AM	1006	218202	97.00	3.00	0.00	0.00	100.00	61	154.00	0.00	673400	598680	0.23	19390.00	0.00	0.00	0	perf_experiment
12:19:25 AM	1006	218202	97.00	3.00	0.00	0.00	100.00	61	168.00	0.00	673520	598728	0.23	19429.00	0.00	0.00	0	perf_experiment
12:19:26 AM	1006	218202	96.00	4.00	0.00	0.00	100.00	61	151.00	0.00	673520	598784	0.23	19423.00	0.00	0.00	0	perf_experiment
12:19:27 AM	1006	218202	98.00	2.00	0.00	0.00	100.00	61	158.00	0.00	673640	598824	0.23	19425.00	0.00	0.00	0	perf_experiment
12:19:28 AM	1006	218202	99.00	1.00	0.00	0.00	100.00	61	139.00	0.00	673640	598912	0.23	19385.00	0.00	0.00	0	perf_experiment
12:19:29 AM	1006	218202	97.00	3.00	0.00	0.00	100.00	61	167.00	0.00	673756	598972	0.23	19415.00	0.00	0.00	0	perf_experiment
12:19:30 AM	1006	218202	96.00	4.00	0.00	0.00	100.00	61	144.00	0.00	673756	599024	0.23	19453.00	0.00	0.00	0	perf_experiment
12:19:31 AM	1006	218202	96.00	4.00	0.00	0.00	100.00	61	161.00	0.00	673892	599084	0.23	19488.50	0.00	0.00	0	perf_experiment
12:19:32 AM	1006	218202	99.00	1.00	0.00	0.00	100.00	61	158.00	0.00	673876	599152	0.23	19420.50	0.00	0.00	0	perf_experiment
12:19:33 AM	1006	218202	95.00	5.00	0.00	0.00	100.00	61	5983.00	0.00	674012	599216	0.23	19338.50	0.00	0.00	0	perf_experiment
12:19:34 AM	1006	218202	99.00	1.00	0.00	0.00	100.00	61	3156.00	0.00	674012	599260	0.23	19297.00	0.00	0.00	0	perf_experiment
12:19:35 AM	1006	218202	99.00	1.00	0.00	0.00	100.00	61	628.00	0.00	674012	599316	0.23	19329.00	0.00	0.00	0	perf_experiment
12:19:36 AM	1006	218202	97.00	3.00	0.00	0.00	100.00	61	381.00	0.00	674140	599380	0.23	19419.50	0.00	0.00	0	perf_experiment
12:19:37 AM	1006	218202	97.00	3.00	0.00	0.00	100.00	61	226.00	0.00	674140	599428	0.23	19473.50	0.00	0.00	0	perf_experiment
12:19:38 AM	1006	218202	99.00	1.00	0.00	0.00	100.00	61	247.00	0.00	674276	599484	0.23	19487.50	0.00	0.00	0	perf_experiment
12:19:39 AM	1006	218202	97.00	3.00	0.00	0.00	100.00	61	180.00	0.00	674276	599548	0.23	19390.50	0.00	0.00	0	perf_experiment
12:19:40 AM	1006	218202	97.00	3.00	0.00	0.00	100.00	61	213.00	0.00	674396	599612	0.23	19421.50	0.00	0.00	0	perf_experiment
12:19:41 AM	1006	218202	97.00	3.00	0.00	0.00	100.00	61	186.00	0.00	674396	599656	0.23	19394.00	0.00	0.00	0	perf_experiment
12:19:42 AM	1006	218202	97.00	2.00	0.00	0.00	99.00	61	174.00	0.00	674508	599732	0.23	19497.00	0.00	0.00	0	perf_experiment
12:19:43 AM	1006	218202	98.00	2.00	0.00	0.00	100.00	61	181.00	0.00	674508	599796	0.23	19337.00	0.00	0.00	0	perf_experiment
12:19:44 AM	1006	218202	99.00	2.00	0.00	0.00	101.00	61	160.00	0.00	674640	599828	0.23	19506.00	0.00	0.00	0	perf_experiment
12:19:45 AM	1006	218202	96.00	4.00	0.00	0.00	100.00	61	148.00	0.00	674640	599908	0.23	19346.00	0.00	0.00	0	perf_experiment
12:19:46 AM	1006	218202	99.00	0.00	0.00	0.00	99.00	61	186.00	0.00	674772	599948	0.23	19521.50	0.00	0.00	0	perf_experiment
12:19:47 AM	1006	218202	98.00	3.00	0.00	0.00	101.00	61	182.00	0.00	674764	600024	0.23	19458.00	0.00	0.00	0	perf_experiment
12:19:48 AM	1006	218202	96.00	4.00	0.00	0.00	100.00	61	153.00	0.00	674764	600072	0.23	19409.50	0.00	0.00	0	perf_experiment
12:19:49 AM	1006	218202	99.00	1.00	0.00	0.00	100.00	61	133.00	0.00	674900	600124	0.23	19417.00	0.00	0.00	0	perf_experiment
12:19:50 AM	1006	218202	98.00	2.00	0.00	0.00	100.00	61	170.00	0.00	674900	600188	0.23	19465.50	0.00	0.00	0	perf_experiment
12:19:51 AM	1006	218202	97.00	2.00	0.00	0.00	99.00	61	214.00	0.00	675028	600292	0.23	19460.50	0.00	0.00	0	perf_experiment
12:19:52 AM	1006	218202	98.00	2.00	0.00	0.00	100.00	61	171.00	0.00	675028	600300	0.23	19408.50	0.00	0.00	0	perf_experiment
12:19:53 AM	1006	218202	99.00	2.00	0.00	0.00	101.00	61	145.00	0.00	675164	600348	0.23	19370.00	0.00	0.00	0	perf_experiment
12:19:54 AM	1006	218202	97.00	3.00	0.00	0.00	100.00	61	150.00	0.00	675164	600420	0.23	19461.00	0.00	0.00	0	perf_experiment
12:19:55 AM	1006	218202	99.00	1.00	0.00	0.00	100.00	61	183.00	0.00	675300	600476	0.23	19419.50	0.00	0.00	0	perf_experiment
12:19:56 AM	1006	218202	98.00	2.00	0.00	0.00	100.00	61	180.00	0.00	675300	600540	0.23	19479.50	0.00	0.00	0	perf_experiment
12:19:57 AM	1006	218202	99.00	1.00	0.00	0.00	100.00	61	193.00	0.00	675428	600628	0.23	19489.00	0.00	0.00	0	perf_experiment
12:19:58 AM	1006	218202	98.00	2.00	0.00	0.00	100.00	61	163.00	0.00	675428	600660	0.23	19379.00	0.00	0.00	0	perf_experiment
12:19:59 AM	1006	218202	98.00	2.00	0.00	0.00	100.00	61	181.00	0.00	675428	600712	0.23	19453.00	0.00	0.00	0	perf_experiment
12:20:00 AM	1006	218202	99.00	1.00	0.00	0.00	100.00	61	169.00	0.00	675528	600760	0.23	19465.00	0.00	0.00	0	perf_experiment
12:20:01 AM	1006	218202	97.00	3.00	0.00	0.00	100.00	61	195.00	0.00	675528	600808	0.23	19432.00	0.00	0.00	0	perf_experiment
12:20:02 AM	1006	218202	98.00	2.00	0.00	0.00	100.00	61	158.00	0.00	675648	600872	0.23	19364.50	0.00	0.00	0	perf_experiment
12:20:03 AM	1006	218202	97.00	3.00	0.00	0.00	100.00	61	160.00	0.00	675648	600952	0.23	19455.00	0.00	0.00	0	perf_experiment
12:20:04 AM	1006	218202	97.00	3.00	0.00	0.00	100.00	61	191.00	0.00	675768	601048	0.23	19409.00	0.00	0.00	0	perf_experiment
12:20:05 AM	1006	218202	99.00	1.00	0.00	0.00	100.00	61	153.00	0.00	675768	601072	0.23	19444.00	0.00	0.00	0	perf_experiment
12:20:06 AM	1006	218202	98.00	2.00	0.00	0.00	100.00	61	173.00	0.00	675880	601164	0.23	19442.00	0.00	0.00	0	perf_experiment
12:20:07 AM	1006	218202	96.00	4.00	0.00	0.00	100.00	61	163.00	0.00	676012	601172	0.23	19431.50	0.00	0.00	0	perf_experiment
12:20:08 AM	1006	218202	98.00	2.00	0.00	0.00	100.00	61	112.00	0.00	676004	601204	0.23	19438.00	0.00	0.00	0	perf_experiment
12:20:09 AM	1006	218202	98.00	2.00	0.00	0.00	100.00	61	167.00	0.00	676004	601292	0.23	19443.50	0.00	0.00	0	perf_experiment
12:20:10 AM	1006	218202	100.00	0.00	0.00	0.00	100.00	61	175.00	0.00	676124	601380	0.23	19464.00	0.00	0.00	0	perf_experiment
12:20:11 AM	1006	218202	97.00	3.00	0.00	0.00	100.00	61	152.00	0.00	676124	601428	0.23	19336.00	0.00	0.00	0	perf_experiment
12:20:12 AM	1006	218202	95.00	5.00	0.00	0.00	100.00	61	175.00	0.00	676236	601500	0.23	19422.50	0.00	0.00	0	perf_experiment
12:20:13 AM	1006	218202	100.00	0.00	0.00	0.00	100.00	61	190.00	0.00	676340	601564	0.23	19330.50	0.00	0.00	0	perf_experiment
12:20:14 AM	1006	218202	98.00	2.00	0.00	0.00	100.00	61	163.00	0.00	676340	601564	0.23	19415.50	0.00	0.00	0	perf_experiment
12:20:15 AM	1006	218202	99.00	1.00	0.00	0.00	100.00	61	150.00	0.00	676340	601644	0.23	19380.00	0.00	0.00	0	perf_experiment
12:20:16 AM	1006	218202	98.00	2.00	0.00	0.00	100.00	61	155.00	0.00	676468	601720	0.23	19417.50	0.00	0.00	0	perf_experiment
12:20:17 AM	1006	218202	97.00	3.00	0.00	0.00	100.00	61	188.00	0.00	676468	601764	0.23	19492.50	0.00	0.00	0	perf_experiment
12:20:18 AM	1006	218202	99.00	1.00	0.00	0.00	100.00	61	188.00	0.00	676588	601844	0.23	19350.00	0.00	0.00	0	perf_experiment
12:20:19 AM	1006	218202	98.00	2.00	0.00	0.00	100.00	61	205.00	0.00	676700	601916	0.23	19416.50	0.00	0.00	0	perf_experiment
12:20:20 AM	1006	218202	98.00	2.00	0.00	0.00	100.00	61	124.00	0.00	676700	601952	0.23	19445.50	0.00	0.00	0	perf_experiment
12:20:21 AM	1006	218202	98.00	2.00	0.00	0.00	100.00	61	162.00	0.00	676824	602024	0.23	19386.50	0.00	0.00	0	perf_experiment
12:20:22 AM	1006	218202	97.00	3.00	0.00	0.00	100.00	61	143.00	0.00	676824	602040	0.23	19438.00	0.00	0.00	0	perf_experiment
12:20:23 AM	1006	218202	97.00	3.00	0.00	0.00	100.00	61	156.00	0.00	676824	602120	0.23	19395.50	0.00	0.00	0	perf_experiment
12:20:24 AM	1006	218202	96.00	4.00	0.00	0.00	100.00	61	145.00	0.00	676944	602168	0.23	19478.00	0.00	0.00	0	perf_experiment
12:20:25 AM	1006	218202	96.00	4.00	0.00	0.00	100.00	61	204.00	0.00	677064	602280	0.23	19452.00	0.00	0.00	0	perf_experiment
12:20:26 AM	1006	218202	98.00	2.00	0.00	0.00	100.00	61	160.00	0.00	677064	602308	0.23	19390.50	0.00	0.00	0	perf_experiment
12:20:27 AM	1006	218202	99.00	1.00	0.00	1.00	100.00	61	173.00	0.00	677064	602360	0.23	19424.00	0.00	0.00	0	perf_experiment
12:20:28 AM	1006	218202	97.00	3.00	0.00	0.00	100.00	61	173.00	0.00	677184	602416	0.23	19466.00	0.00	0.00	0	perf_experiment
12:20:29 AM	1006	218202	96.00	4.00	0.00	0.00	100.00	61	161.00	0.00	677184	602464	0.23	19411.00	0.00	0.00	0	perf_experiment
12:20:30 AM	1006	218202	97.00	3.00	0.00	0.00	100.00	61	151.00	0.00	677316	602516	0.23	19478.00	0.00	0.00	0	perf_experiment
12:20:31 AM	1006	218202	100.00	0.00	0.00	0.00	100.00	61	164.00	0.00	677316	602588	0.23	19435.00	0.00	0.00	0	perf_experiment
12:20:32 AM	1006	218202	99.00	1.00	0.00	0.00	100.00	61	149.00	0.00	677444	602644	0.23	19377.50	0.00	0.00	0	perf_experiment
12:20:33 AM	1006	218202	95.00	5.00	0.00	0.00	100.00	61	5793.00	0.00	677444	602716	0.23	19244.50	0.00	0.00	0	perf_experiment
12:20:34 AM	1006	218202	99.00	1.00	0.00	0.00	100.00	61	3247.00	0.00	677568	602792	0.23	19510.00	0.00	0.00	0	perf_experiment
12:20:35 AM	1006	218202	97.00	3.00	0.00	0.00	100.00	61	661.00	0.00	677568	602816	0.23	19457.50	0.00	0.00	0	perf_experiment
12:20:36 AM	1006	218202	99.00	0.00	0.00	0.00	99.00	61	418.00	0.00	677664	602896	0.23	19393.00	0.00	0.00	0	perf_experiment
12:20:37 AM	1006	218202	98.00	3.00	0.00	0.00	101.00	61	261.00	0.00	677664	602944	0.23	19453.50	0.00	0.00	0	perf_experiment
12:20:38 AM	1006	218202	98.00	2.00	0.00	0.00	100.00	61	229.00	0.00	677792	602992	0.23	19391.00	0.00	0.00	0	perf_experiment
12:20:39 AM	1006	218202	98.00	2.00	0.00	0.00	100.00	61	230.00	0.00	677792	603040	0.23	19411.50	0.00	0.00	0	perf_experiment
12:20:40 AM	1006	218202	97.00	3.00	0.00	0.00	100.00	61	188.00	0.00	677928	603112	0.23	19411.00	0.00	0.00	0	perf_experiment
12:20:41 AM	1006	218202	97.00	2.00	0.00	0.00	99.00	61	167.00	0.00	677928	603192	0.23	19428.00	0.00	0.00	0	perf_experiment
12:20:42 AM	1006	218202	99.00	2.00	0.00	0.00	101.00	61	146.00	0.00	677928	603232	0.23	19414.50	0.00	0.00	0	perf_experiment
12:20:43 AM	1006	218202	99.00	1.00	0.00	0.00	100.00	61	227.00	0.00	678048	603260	0.23	19453.50	0.00	0.00	0	perf_experiment
12:20:44 AM	1006	218202	98.00	1.00	0.00	0.00	99.00	61	187.00	0.00	678172	603388	0.23	19380.50	0.00	0.00	0	perf_experiment
12:20:45 AM	1006	218202	98.00	2.00	0.00	0.00	100.00	61	161.00	0.00	678172	603428	0.23	19468.50	0.00	0.00	0	perf_experiment
12:20:46 AM	1006	218202	100.00	1.00	0.00	0.00	101.00	61	160.00	0.00	678172	603468	0.23	19406.50	0.00	0.00	0	perf_experiment
12:20:47 AM	1006	218202	98.00	2.00	0.00	0.00	100.00	61	176.00	0.00	678308	603508	0.23	19411.00	0.00	0.00	0	perf_experiment
12:20:48 AM	1006	218202	98.00	2.00	0.00	0.00	100.00	61	187.00	0.00	678308	603572	0.23	19377.00	0.00	0.00	0	perf_experiment
12:20:49 AM	1006	218202	96.00	4.00	0.00	0.00	100.00	61	177.00	0.00	678428	603660	0.23	19392.00	0.00	0.00	0	perf_experiment
12:20:50 AM	1006	218202	98.00	2.00	0.00	0.00	100.00	61	158.00	0.00	678428	603724	0.23	19416.50	0.00	0.00	0	perf_experiment
12:20:51 AM	1006	218202	98.00	3.00	0.00	0.00	101.00	61	140.00	0.00	678428	603748	0.23	19464.50	0.00	0.00	0	perf_experiment
12:20:52 AM	1006	218202	98.00	2.00	0.00	0.00	100.00	61	172.00	0.00	678564	603804	0.23	19367.50	0.00	0.00	0	perf_experiment
12:20:53 AM	1006	218202	98.00	1.00	0.00	0.00	99.00	61	189.00	0.00	678564	603884	0.23	19430.50	0.00	0.00	0	perf_experiment
12:20:54 AM	1006	218202	99.00	1.00	0.00	0.00	100.00	61	175.00	0.00	678692	603928	0.23	19404.00	0.00	0.00	0	perf_experiment
12:20:55 AM	1006	218202	97.00	4.00	0.00	0.00	101.00	61	166.00	0.00	678824	604020	0.23	19414.00	0.00	0.00	0	perf_experiment
12:20:56 AM	1006	218202	96.00	3.00	0.00	0.00	99.00	61	141.00	0.00	678824	604032	0.23	19425.00	0.00	0.00	0	perf_experiment
12:20:57 AM	1006	218202	97.00	3.00	0.00	0.00	100.00	61	174.00	0.00	678824	604096	0.23	19392.00	0.00	0.00	0	perf_experiment
12:20:58 AM	1006	218202	99.00	1.00	0.00	0.00	100.00	61	168.00	0.00	678948	604164	0.23	19320.00	0.00	0.00	0	perf_experiment
12:20:59 AM	1006	218202	98.00	2.00	0.00	0.00	100.00	61	200.00	0.00	678948	604212	0.23	19371.00	0.00	0.00	0	perf_experiment
12:21:00 AM	1006	218202	98.00	2.00	0.00	0.00	100.00	61	214.00	0.00	679076	604276	0.23	19383.50	0.00	0.00	0	perf_experiment
12:21:01 AM	1006	218202	98.00	2.00	0.00	0.00	100.00	61	188.00	0.00	679076	604332	0.23	19403.50	0.00	0.00	0	perf_experiment
12:21:02 AM	1006	218202	97.03	2.97	0.00	0.00	100.00	61	164.36	0.00	679196	604412	0.23	19258.91	0.00	0.00	0	perf_experiment
12:21:03 AM	1006	218202	97.00	2.00	0.00	0.00	99.00	61	168.00	0.00	679196	604468	0.23	19360.00	0.00	0.00	0	perf_experiment
12:21:04 AM	1006	218202	99.00	2.00	0.00	0.00	101.00	61	176.00	0.00	679332	604524	0.23	19404.00	0.00	0.00	0	perf_experiment
12:21:05 AM	1006	218202	98.00	1.00	0.00	0.00	99.00	61	157.00	0.00	679332	604592	0.23	19493.50	0.00	0.00	0	perf_experiment
12:21:06 AM	1006	218202	98.00	2.00	0.00	0.00	100.00	61	157.00	0.00	679332	604624	0.23	19410.50	0.00	0.00	0	perf_experiment
12:21:07 AM	1006	218202	99.00	1.00	0.00	0.00	100.00	61	187.00	0.00	679456	604712	0.23	19392.50	0.00	0.00	0	perf_experiment
12:21:08 AM	1006	218202	99.00	1.00	0.00	0.00	100.00	61	159.00	0.00	679456	604744	0.23	19386.00	0.00	0.00	0	perf_experiment
12:21:09 AM	1006	218202	97.00	3.00	0.00	0.00	100.00	61	143.00	0.00	679584	604792	0.23	19374.50	0.00	0.00	0	perf_experiment
12:21:10 AM	1006	218202	100.00	0.00	0.00	0.00	100.00	61	161.00	0.00	679584	604868	0.23	19452.00	0.00	0.00	0	perf_experiment
12:21:11 AM	1006	218202	98.00	2.00	0.00	0.00	100.00	61	153.00	0.00	679716	604924	0.23	19414.50	0.00	0.00	0	perf_experiment
12:21:12 AM	1006	218202	97.00	3.00	0.00	0.00	100.00	61	168.00	0.00	679716	604988	0.23	19406.50	0.00	0.00	0	perf_experiment
12:21:13 AM	1006	218202	97.00	3.00	0.00	0.00	100.00	61	163.00	0.00	679852	605020	0.23	19440.00	0.00	0.00	0	perf_experiment
12:21:14 AM	1006	218202	98.00	2.00	0.00	0.00	100.00	61	169.00	0.00	679844	605116	0.23	19417.50	0.00	0.00	0	perf_experiment
12:21:15 AM	1006	218202	98.00	2.00	0.00	0.00	100.00	61	150.00	0.00	679976	605168	0.23	19454.50	0.00	0.00	0	perf_experiment
12:21:16 AM	1006	218202	98.00	2.00	0.00	0.00	100.00	61	155.00	0.00	679968	605200	0.23	19524.00	0.00	0.00	0	perf_experiment
12:21:17 AM	1006	218202	97.00	3.00	0.00	0.00	100.00	61	170.00	0.00	679968	605288	0.23	19374.50	0.00	0.00	0	perf_experiment
12:21:18 AM	1006	218202	97.00	3.00	0.00	0.00	100.00	61	139.00	0.00	680096	605328	0.23	19378.00	0.00	0.00	0	perf_experiment
12:21:19 AM	1006	218202	99.00	1.00	0.00	0.00	100.00	61	150.00	0.00	680096	605392	0.23	19373.50	0.00	0.00	0	perf_experiment
12:21:20 AM	1006	218202	99.00	1.00	0.00	0.00	100.00	61	204.00	0.00	680216	605464	0.23	19371.00	0.00	0.00	0	perf_experiment
12:21:21 AM	1006	218202	97.00	3.00	0.00	0.00	100.00	61	180.00	0.00	680216	605520	0.23	19407.50	0.00	0.00	0	perf_experiment
12:21:22 AM	1006	218202	99.00	1.00	0.00	0.00	100.00	61	162.00	0.00	680340	605560	0.23	19407.00	0.00	0.00	0	perf_experiment
12:21:23 AM	1006	218202	96.00	4.00	0.00	0.00	100.00	61	169.00	0.00	680340	605628	0.23	19437.00	0.00	0.00	0	perf_experiment
12:21:24 AM	1006	218202	98.00	2.00	0.00	0.00	100.00	61	153.00	0.00	680476	605684	0.23	19437.50	0.00	0.00	0	perf_experiment
12:21:25 AM	1006	218202	98.00	2.00	0.00	0.00	100.00	61	176.00	0.00	680476	605756	0.23	19381.50	0.00	0.00	0	perf_experiment
12:21:26 AM	1006	218202	99.00	1.00	0.00	0.00	100.00	61	187.00	0.00	680612	605812	0.23	19370.00	0.00	0.00	0	perf_experiment
12:21:27 AM	1006	218202	97.00	3.00	0.00	0.00	100.00	61	137.00	0.00	680612	605864	0.23	19446.00	0.00	0.00	0	perf_experiment
12:21:28 AM	1006	218202	100.00	0.00	0.00	0.00	100.00	61	159.00	0.00	680748	605940	0.23	19389.00	0.00	0.00	0	perf_experiment
12:21:29 AM	1006	218202	99.00	1.00	0.00	0.00	100.00	61	171.00	0.00	680740	605996	0.23	19352.50	0.00	0.00	0	perf_experiment
12:21:30 AM	1006	218202	97.00	3.00	0.00	0.00	100.00	61	130.00	0.00	680740	606024	0.23	19427.00	0.00	0.00	0	perf_experiment
12:21:31 AM	1006	218202	98.00	2.00	0.00	0.00	100.00	61	168.00	0.00	680864	606064	0.23	19393.00	0.00	0.00	0	perf_experiment
12:21:32 AM	1006	218202	97.00	3.00	0.00	0.00	100.00	61	137.00	0.00	680864	606136	0.23	19526.00	0.00	0.00	0	perf_experiment
12:21:33 AM	1006	218202	97.00	3.00	0.00	0.00	100.00	61	5514.00	0.00	681000	606224	0.23	19334.50	0.00	0.00	0	perf_experiment
12:21:34 AM	1006	218202	98.00	2.00	0.00	0.00	100.00	61	3620.00	0.00	681000	606280	0.23	19356.00	0.00	0.00	0	perf_experiment
12:21:35 AM	1006	218202	99.00	1.00	0.00	0.00	100.00	61	657.00	0.00	681136	606352	0.23	19408.50	0.00	0.00	0	perf_experiment
12:21:36 AM	1006	218202	97.00	3.00	0.00	0.00	100.00	61	338.00	0.00	681136	606392	0.23	19408.00	0.00	0.00	0	perf_experiment
12:21:37 AM	1006	218202	96.00	4.00	0.00	0.00	100.00	61	240.00	0.00	681136	606452	0.23	19469.50	0.00	0.00	0	perf_experiment
12:21:38 AM	1006	218202	99.00	2.00	0.00	0.00	101.00	61	242.00	0.00	681252	606508	0.23	19480.00	0.00	0.00	0	perf_experiment
12:21:39 AM	1006	218202	98.00	2.00	0.00	0.00	100.00	61	216.00	0.00	681252	606560	0.23	19442.00	0.00	0.00	0	perf_experiment
12:21:40 AM	1006	218202	98.00	2.00	0.00	0.00	100.00	61	212.00	0.00	681380	606596	0.23	19439.50	0.00	0.00	0	perf_experiment
12:21:41 AM	1006	218202	98.00	1.00	0.00	0.00	99.00	61	203.00	0.00	681516	606652	0.23	19455.50	0.00	0.00	0	perf_experiment
12:21:42 AM	1006	218202	97.00	3.00	0.00	0.00	100.00	61	197.00	0.00	681508	606764	0.23	19458.00	0.00	0.00	0	perf_experiment
12:21:43 AM	1006	218202	97.00	3.00	0.00	0.00	100.00	61	170.00	0.00	681508	606796	0.23	19390.00	0.00	0.00	0	perf_experiment
12:21:44 AM	1006	218202	98.00	2.00	0.00	0.00	100.00	61	175.00	0.00	681620	606852	0.23	19327.50	0.00	0.00	0	perf_experiment
12:21:45 AM	1006	218202	96.00	4.00	0.00	0.00	100.00	61	154.00	0.00	681620	606908	0.23	19375.50	0.00	0.00	0	perf_experiment
12:21:46 AM	1006	218202	97.00	3.00	0.00	0.00	100.00	61	175.00	0.00	681748	606964	0.23	19460.00	0.00	0.00	0	perf_experiment
12:21:47 AM	1006	218202	99.00	2.00	0.00	0.00	101.00	61	148.00	0.00	681748	607028	0.23	19491.00	0.00	0.00	0	perf_experiment
12:21:48 AM	1006	218202	97.00	2.00	0.00	0.00	99.00	61	170.00	0.00	681880	607080	0.23	19461.50	0.00	0.00	0	perf_experiment
12:21:49 AM	1006	218202	98.00	2.00	0.00	0.00	100.00	61	183.00	0.00	681880	607164	0.23	19391.00	0.00	0.00	0	perf_experiment
12:21:50 AM	1006	218202	98.00	2.00	0.00	0.00	100.00	61	153.00	0.00	682000	607216	0.23	19394.50	0.00	0.00	0	perf_experiment
12:21:51 AM	1006	218202	98.00	2.00	0.00	0.00	100.00	61	166.00	0.00	682000	607252	0.23	19447.00	0.00	0.00	0	perf_experiment
12:21:52 AM	1006	218202	97.00	3.00	0.00	0.00	100.00	61	207.00	0.00	682116	607356	0.23	19482.00	0.00	0.00	0	perf_experiment
12:21:53 AM	1006	218202	98.00	2.00	0.00	0.00	100.00	61	184.00	0.00	682116	607396	0.23	19326.00	0.00	0.00	0	perf_experiment
12:21:54 AM	1006	218202	99.00	1.00	0.00	0.00	100.00	61	148.00	0.00	682116	607436	0.23	19376.00	0.00	0.00	0	perf_experiment
12:21:55 AM	1006	218202	99.00	1.00	0.00	0.00	100.00	61	164.00	0.00	682244	607484	0.23	19379.50	0.00	0.00	0	perf_experiment
12:21:56 AM	1006	218202	97.00	3.00	0.00	0.00	100.00	61	166.00	0.00	682244	607548	0.23	19457.50	0.00	0.00	0	perf_experiment
12:21:57 AM	1006	218202	97.00	3.00	0.00	0.00	100.00	61	168.00	0.00	682364	607620	0.23	19430.00	0.00	0.00	0	perf_experiment
12:21:58 AM	1006	218202	99.00	1.00	0.00	0.00	100.00	61	144.00	0.00	682364	607660	0.23	19396.50	0.00	0.00	0	perf_experiment
12:21:59 AM	1006	218202	97.00	3.00	0.00	0.00	100.00	61	140.00	0.00	682500	607708	0.23	19458.00	0.00	0.00	0	perf_experiment
12:22:00 AM	1006	218202	98.00	2.00	0.00	0.00	100.00	61	155.00	0.00	682500	607760	0.23	19388.00	0.00	0.00	0	perf_experiment
12:22:01 AM	1006	218202	98.00	2.00	0.00	0.00	100.00	61	204.00	0.00	682624	607832	0.23	19436.00	0.00	0.00	0	perf_experiment
12:22:02 AM	1006	218202	99.00	1.00	0.00	0.00	100.00	61	183.00	0.00	682624	607904	0.23	19348.00	0.00	0.00	0	perf_experiment
12:22:03 AM	1006	218202	97.00	3.00	0.00	0.00	100.00	61	184.00	0.00	682736	607960	0.23	19393.50	0.00	0.00	0	perf_experiment
12:22:04 AM	1006	218202	100.00	1.00	0.00	0.00	101.00	61	181.00	0.00	682736	608052	0.23	19413.00	0.00	0.00	0	perf_experiment
12:22:05 AM	1006	218202	97.00	2.00	0.00	0.00	99.00	61	173.00	0.00	682868	608060	0.23	19410.00	0.00	0.00	0	perf_experiment
12:22:06 AM	1006	218202	98.00	2.00	0.00	0.00	100.00	61	169.00	0.00	682868	608148	0.23	19428.00	0.00	0.00	0	perf_experiment
12:22:07 AM	1006	218202	98.00	2.00	0.00	0.00	100.00	61	180.00	0.00	682984	608192	0.23	19401.00	0.00	0.00	0	perf_experiment
12:22:08 AM	1006	218202	98.00	2.00	0.00	0.00	100.00	61	176.00	0.00	682984	608264	0.23	19469.50	0.00	0.00	0	perf_experiment
12:22:09 AM	1006	218202	98.00	2.00	0.00	0.00	100.00	61	149.00	0.00	683112	608312	0.23	19429.50	0.00	0.00	0	perf_experiment
12:22:10 AM	1006	218202	98.00	2.00	0.00	0.00	100.00	61	167.00	0.00	683112	608368	0.23	19379.50	0.00	0.00	0	perf_experiment
12:22:11 AM	1006	218202	98.00	2.00	0.00	0.00	100.00	61	176.00	0.00	683228	608436	0.23	19451.00	0.00	0.00	0	perf_experiment
12:22:12 AM	1006	218202	99.00	1.00	0.00	0.00	100.00	61	170.00	0.00	683228	608480	0.23	19461.50	0.00	0.00	0	perf_experiment
12:22:13 AM	1006	218202	97.00	3.00	0.00	0.00	100.00	61	171.00	0.00	683340	608552	0.23	19467.50	0.00	0.00	0	perf_experiment
12:22:14 AM	1006	218202	99.00	1.00	0.00	0.00	100.00	61	165.00	0.00	683340	608632	0.23	19434.00	0.00	0.00	0	perf_experiment
12:22:15 AM	1006	218202	98.00	2.00	0.00	0.00	100.00	61	165.00	0.00	683472	608688	0.23	19465.50	0.00	0.00	0	perf_experiment
12:22:16 AM	1006	218202	98.00	2.00	0.00	0.00	100.00	61	147.00	0.00	683472	608696	0.23	19486.00	0.00	0.00	0	perf_experiment
12:22:17 AM	1006	218202	100.00	0.00	0.00	0.00	100.00	61	130.00	0.00	683584	608800	0.23	19373.50	0.00	0.00	0	perf_experiment
12:22:18 AM	1006	218202	97.00	3.00	0.00	0.00	100.00	61	158.00	0.00	683584	608848	0.23	19469.00	0.00	0.00	0	perf_experiment
12:22:19 AM	1006	218202	96.00	4.00	0.00	0.00	100.00	61	182.00	0.00	683716	608888	0.23	19449.50	0.00	0.00	0	perf_experiment
12:22:20 AM	1006	218202	96.00	4.00	0.00	0.00	100.00	61	179.00	0.00	683696	608940	0.23	19454.00	0.00	0.00	0	perf_experiment
12:22:21 AM	1006	218202	99.00	1.00	0.00	0.00	100.00	61	160.00	0.00	683824	609040	0.23	19403.00	0.00	0.00	0	perf_experiment
12:22:22 AM	1006	218202	100.00	1.00	0.00	0.00	101.00	61	171.00	0.00	683816	609096	0.23	19316.00	0.00	0.00	0	perf_experiment
12:22:23 AM	1006	218202	98.00	2.00	0.00	0.00	100.00	61	147.00	0.00	683920	609152	0.23	19402.00	0.00	0.00	0	perf_experiment
12:22:24 AM	1006	218202	98.00	2.00	0.00	0.00	100.00	61	148.00	0.00	683920	609192	0.23	19383.50	0.00	0.00	0	perf_experiment
12:22:25 AM	1006	218202	97.00	2.00	0.00	0.00	99.00	61	168.00	0.00	684036	609252	0.23	19413.00	0.00	0.00	0	perf_experiment
12:22:26 AM	1006	218202	98.00	2.00	0.00	0.00	100.00	61	183.00	0.00	684036	609320	0.23	19393.50	0.00	0.00	0	perf_experiment
12:22:27 AM	1006	218202	100.00	1.00	0.00	0.00	101.00	61	152.00	0.00	684148	609364	0.23	19433.50	0.00	0.00	0	perf_experiment
12:22:28 AM	1006	218202	97.00	2.00	0.00	0.00	99.00	61	172.00	0.00	684148	609424	0.23	19453.00	0.00	0.00	0	perf_experiment
12:22:29 AM	1006	218202	98.00	2.00	0.00	0.00	100.00	61	169.00	0.00	684280	609472	0.23	19424.00	0.00	0.00	0	perf_experiment
12:22:30 AM	1006	218202	99.00	2.00	0.00	0.00	101.00	61	133.00	0.00	684280	609536	0.23	19502.50	0.00	0.00	0	perf_experiment
12:22:31 AM	1006	218202	98.00	2.00	0.00	0.00	100.00	61	179.00	0.00	684388	609604	0.23	19353.50	0.00	0.00	0	perf_experiment
12:22:32 AM	1006	218202	96.00	3.00	0.00	0.00	99.00	61	148.00	0.00	684388	609636	0.23	19482.00	0.00	0.00	0	perf_experiment
12:22:33 AM	1006	218202	98.00	3.00	0.00	0.00	101.00	61	5284.00	0.00	684512	609764	0.23	19327.50	0.00	0.00	0	perf_experiment
12:22:34 AM	1006	218202	95.00	4.00	0.00	0.00	99.00	61	3837.00	0.00	684512	609764	0.23	19326.00	0.00	0.00	0	perf_experiment
12:22:35 AM	1006	218202	98.00	2.00	0.00	0.00	100.00	61	671.00	0.00	684624	609836	0.23	19388.00	0.00	0.00	0	perf_experiment
12:22:36 AM	1006	218202	97.00	3.00	0.00	0.00	100.00	61	357.00	0.00	684624	609892	0.23	19383.00	0.00	0.00	0	perf_experiment
12:22:37 AM	1006	218202	99.00	2.00	0.00	0.00	101.00	61	262.00	0.00	684624	609940	0.23	19501.50	0.00	0.00	0	perf_experiment
12:22:38 AM	1006	218202	96.00	3.00	0.00	0.00	99.00	61	261.00	0.00	684756	610004	0.23	19380.00	0.00	0.00	0	perf_experiment
12:22:39 AM	1006	218202	98.00	2.00	0.00	0.00	100.00	61	205.00	0.00	684892	610076	0.23	19417.00	0.00	0.00	0	perf_experiment
12:22:40 AM	1006	218202	100.00	1.00	0.00	0.00	101.00	61	174.00	0.00	684884	610108	0.23	19437.50	0.00	0.00	0	perf_experiment
12:22:41 AM	1006	218202	97.00	2.00	0.00	0.00	99.00	61	159.00	0.00	684884	610164	0.23	19454.00	0.00	0.00	0	perf_experiment
12:22:42 AM	1006	218202	97.00	3.00	0.00	0.00	100.00	61	201.00	0.00	684996	610244	0.23	19373.00	0.00	0.00	0	perf_experiment
12:22:43 AM	1006	218202	98.00	2.00	0.00	0.00	100.00	61	181.00	0.00	685132	610284	0.23	19408.50	0.00	0.00	0	perf_experiment
12:22:44 AM	1006	218202	99.00	1.00	0.00	0.00	100.00	61	162.00	0.00	685092	610364	0.23	19454.50	0.00	0.00	0	perf_experiment
12:22:45 AM	1006	218202	97.00	3.00	0.00	0.00	100.00	61	182.00	0.00	685204	610420	0.23	19472.50	0.00	0.00	0	perf_experiment
12:22:46 AM	1006	218202	100.00	0.00	0.00	0.00	100.00	61	165.00	0.00	685204	610468	0.23	19429.00	0.00	0.00	0	perf_experiment
12:22:47 AM	1006	218202	97.00	3.00	0.00	0.00	100.00	61	165.00	0.00	685324	610540	0.23	19353.50	0.00	0.00	0	perf_experiment
12:22:48 AM	1006	218202	99.00	2.00	0.00	0.00	101.00	61	203.00	0.00	685324	610604	0.23	19463.00	0.00	0.00	0	perf_experiment
12:22:49 AM	1006	218202	98.00	1.00	0.00	0.00	99.00	61	157.00	0.00	685460	610636	0.23	19366.00	0.00	0.00	0	perf_experiment
12:22:50 AM	1006	218202	99.00	1.00	0.00	0.00	100.00	61	176.00	0.00	685460	610700	0.23	19381.00	0.00	0.00	0	perf_experiment
12:22:51 AM	1006	218202	99.00	2.00	0.00	0.00	101.00	61	141.00	0.00	685460	610756	0.23	19417.00	0.00	0.00	0	perf_experiment
12:22:52 AM	1006	218202	98.00	1.00	0.00	0.00	99.00	61	203.00	0.00	685596	610812	0.23	19455.00	0.00	0.00	0	perf_experiment
12:22:53 AM	1006	218202	98.00	2.00	0.00	0.00	100.00	61	167.00	0.00	685596	610892	0.23	19335.00	0.00	0.00	0	perf_experiment
12:22:54 AM	1006	218202	97.00	3.00	0.00	0.00	100.00	61	192.00	0.00	685708	610948	0.23	19404.50	0.00	0.00	0	perf_experiment
12:22:55 AM	1006	218202	98.00	2.00	0.00	0.00	100.00	61	172.00	0.00	685708	611004	0.23	19372.00	0.00	0.00	0	perf_experiment
12:22:56 AM	1006	218202	99.00	2.00	0.00	0.00	101.00	61	178.00	0.00	685820	611052	0.23	19439.50	0.00	0.00	0	perf_experiment
12:22:57 AM	1006	218202	98.00	2.00	0.00	0.00	100.00	61	186.00	0.00	685820	611124	0.23	19406.00	0.00	0.00	0	perf_experiment
12:22:58 AM	1006	218202	98.00	2.00	0.00	0.00	100.00	61	126.00	0.00	685940	611172	0.23	19426.00	0.00	0.00	0	perf_experiment
12:22:59 AM	1006	218202	99.00	0.00	0.00	0.00	99.00	61	141.00	0.00	685940	611212	0.23	19445.00	0.00	0.00	0	perf_experiment
12:23:00 AM	1006	218202	96.04	2.97	0.00	0.00	99.01	61	147.52	0.00	686064	611296	0.23	19249.01	0.00	0.00	0	perf_experiment
12:23:01 AM	1006	218202	100.00	1.00	0.00	0.00	101.00	61	171.00	0.00	686064	611348	0.23	19469.50	0.00	0.00	0	perf_experiment
12:23:02 AM	1006	218202	98.00	2.00	0.00	0.00	100.00	61	160.00	0.00	686180	611396	0.23	19401.50	0.00	0.00	0	perf_experiment
12:23:03 AM	1006	218202	96.00	3.00	0.00	0.00	99.00	61	193.00	0.00	686180	611448	0.23	19449.50	0.00	0.00	0	perf_experiment
12:23:04 AM	1006	218202	97.00	3.00	0.00	0.00	100.00	61	183.00	0.00	686304	611504	0.23	19369.00	0.00	0.00	0	perf_experiment
12:23:05 AM	1006	218202	96.00	4.00	0.00	0.00	100.00	61	139.00	0.00	686304	611576	0.23	19331.50	0.00	0.00	0	perf_experiment
12:23:06 AM	1006	218202	97.00	3.00	0.00	0.00	100.00	61	173.00	0.00	686424	611664	0.23	19362.00	0.00	0.00	0	perf_experiment
12:23:07 AM	1006	218202	99.00	1.00	0.00	0.00	100.00	61	147.00	0.00	686424	611704	0.23	19444.50	0.00	0.00	0	perf_experiment
12:23:08 AM	1006	218202	99.00	1.00	0.00	0.00	100.00	61	136.00	0.00	686560	611752	0.23	19479.00	0.00	0.00	0	perf_experiment
12:23:09 AM	1006	218202	96.00	4.00	0.00	0.00	100.00	61	175.00	0.00	686552	611816	0.23	19471.00	0.00	0.00	0	perf_experiment
12:23:10 AM	1006	218202	98.00	2.00	0.00	0.00	100.00	61	181.00	0.00	686688	611888	0.23	19409.50	0.00	0.00	0	perf_experiment
12:23:11 AM	1006	218202	99.00	1.00	0.00	0.00	100.00	61	164.00	0.00	686688	611960	0.23	19404.00	0.00	0.00	0	perf_experiment
12:23:12 AM	1006	218202	96.00	5.00	0.00	0.00	101.00	61	158.00	0.00	686824	612000	0.23	19429.50	0.00	0.00	0	perf_experiment
12:23:13 AM	1006	218202	98.00	2.00	0.00	0.00	100.00	61	185.00	0.00	686800	612052	0.23	19436.50	0.00	0.00	0	perf_experiment
12:23:14 AM	1006	218202	97.00	3.00	0.00	0.00	100.00	61	193.00	0.00	686936	612120	0.23	19458.50	0.00	0.00	0	perf_experiment
12:23:15 AM	1006	218202	97.00	3.00	0.00	0.00	100.00	61	186.00	0.00	686936	612192	0.23	19417.00	0.00	0.00	0	perf_experiment
12:23:16 AM	1006	218202	98.00	1.00	0.00	0.00	99.00	61	161.00	0.00	686936	612240	0.23	19444.50	0.00	0.00	0	perf_experiment
12:23:17 AM	1006	218202	98.00	2.00	0.00	0.00	100.00	61	170.00	0.00	687056	612268	0.23	19443.50	0.00	0.00	0	perf_experiment
12:23:18 AM	1006	218202	96.00	4.00	0.00	0.00	100.00	61	156.00	0.00	687056	612340	0.23	19444.50	0.00	0.00	0	perf_experiment
12:23:19 AM	1006	218202	98.00	2.00	0.00	0.00	100.00	61	140.00	0.00	687188	612420	0.23	19494.50	0.00	0.00	0	perf_experiment
12:23:20 AM	1006	218202	98.00	2.00	0.00	0.00	100.00	61	177.00	0.00	687188	612460	0.23	19409.50	0.00	0.00	0	perf_experiment
12:23:21 AM	1006	218202	97.00	3.00	0.00	0.00	100.00	61	157.00	0.00	687300	612516	0.23	19415.00	0.00	0.00	0	perf_experiment
12:23:22 AM	1006	218202	97.00	3.00	0.00	0.00	100.00	61	163.00	0.00	687300	612564	0.23	19377.00	0.00	0.00	0	perf_experiment
12:23:23 AM	1006	218202	98.00	2.00	0.00	0.00	100.00	61	150.00	0.00	687408	612624	0.23	19380.50	0.00	0.00	0	perf_experiment
12:23:24 AM	1006	218202	97.00	4.00	0.00	0.00	101.00	61	141.00	0.00	687408	612664	0.23	19396.00	0.00	0.00	0	perf_experiment
12:23:25 AM	1006	218202	98.00	2.00	0.00	0.00	100.00	61	199.00	0.00	687536	612752	0.23	19437.00	0.00	0.00	0	perf_experiment
12:23:26 AM	1006	218202	97.00	3.00	0.00	0.00	100.00	61	184.00	0.00	687536	612816	0.23	19495.00	0.00	0.00	0	perf_experiment
12:23:27 AM	1006	218202	98.00	2.00	0.00	0.00	100.00	61	158.00	0.00	687664	612872	0.23	19439.50	0.00	0.00	0	perf_experiment
12:23:28 AM	1006	218202	97.00	2.00	0.00	0.00	99.00	61	155.00	0.00	687664	612920	0.23	19490.00	0.00	0.00	0	perf_experiment
12:23:29 AM	1006	218202	99.00	2.00	0.00	0.00	101.00	61	148.00	0.00	687800	613000	0.23	19489.00	0.00	0.00	0	perf_experiment
12:23:30 AM	1006	218202	97.00	3.00	0.00	0.00	100.00	61	179.00	0.00	687800	613080	0.23	19359.50	0.00	0.00	0	perf_experiment
12:23:31 AM	1006	218202	98.00	1.00	0.00	0.00	99.00	61	161.00	0.00	687924	613128	0.23	19422.50	0.00	0.00	0	perf_experiment
12:23:32 AM	1006	218202	99.00	1.00	0.00	0.00	100.00	61	134.00	0.00	687924	613156	0.23	19347.00	0.00	0.00	0	perf_experiment
12:23:33 AM	1006	218202	99.00	1.00	0.00	0.00	100.00	61	4722.00	0.00	687924	613236	0.23	19342.50	0.00	0.00	0	perf_experiment
12:23:34 AM	1006	218202	97.00	3.00	0.00	0.00	100.00	61	4296.00	0.00	688060	613284	0.23	19392.50	0.00	0.00	0	perf_experiment
12:23:35 AM	1006	218202	98.00	2.00	0.00	0.00	100.00	61	771.00	0.00	688060	613324	0.23	19325.50	0.00	0.00	0	perf_experiment
12:23:36 AM	1006	218202	98.00	2.00	0.00	0.00	100.00	61	398.00	0.00	688196	613412	0.23	19425.00	0.00	0.00	0	perf_experiment
12:23:37 AM	1006	218202	98.00	2.00	0.00	0.00	100.00	61	249.00	0.00	688196	613452	0.23	19353.50	0.00	0.00	0	perf_experiment
12:23:38 AM	1006	218202	97.00	3.00	0.00	1.00	100.00	61	227.00	0.00	688300	613520	0.23	19426.50	0.00	0.00	0	perf_experiment
12:23:39 AM	1006	218202	98.00	3.00	0.00	0.00	101.00	61	184.00	0.00	688300	613584	0.23	19482.00	0.00	0.00	0	perf_experiment
12:23:40 AM	1006	218202	98.00	1.00	0.00	0.00	99.00	61	228.00	0.00	688432	613624	0.23	19418.50	0.00	0.00	0	perf_experiment
12:23:41 AM	1006	218202	98.00	2.00	0.00	0.00	100.00	61	189.00	0.00	688432	613672	0.23	19504.50	0.00	0.00	0	perf_experiment
12:23:42 AM	1006	218202	97.00	3.00	0.00	0.00	100.00	61	200.00	0.00	688432	613736	0.23	19429.50	0.00	0.00	0	perf_experiment
12:23:43 AM	1006	218202	99.00	1.00	0.00	0.00	100.00	61	176.00	0.00	688560	613792	0.23	19359.00	0.00	0.00	0	perf_experiment
12:23:44 AM	1006	218202	99.00	1.00	0.00	0.00	100.00	61	163.00	0.00	688560	613856	0.23	19428.00	0.00	0.00	0	perf_experiment
12:23:45 AM	1006	218202	98.00	2.00	0.00	0.00	100.00	61	175.00	0.00	688696	613904	0.23	19442.00	0.00	0.00	0	perf_experiment
12:23:46 AM	1006	218202	99.00	1.00	0.00	0.00	100.00	61	172.00	0.00	688696	613984	0.23	19412.00	0.00	0.00	0	perf_experiment
12:23:47 AM	1006	218202	98.00	2.00	0.00	0.00	100.00	61	169.00	0.00	688828	614036	0.23	19432.00	0.00	0.00	0	perf_experiment
12:23:48 AM	1006	218202	99.00	1.00	0.00	0.00	100.00	61	161.00	0.00	688828	614120	0.23	19429.00	0.00	0.00	0	perf_experiment
12:23:49 AM	1006	218202	98.00	2.00	0.00	0.00	100.00	61	165.00	0.00	688952	614156	0.23	19464.50	0.00	0.00	0	perf_experiment
12:23:50 AM	1006	218202	98.00	2.00	0.00	0.00	100.00	61	171.00	0.00	688952	614228	0.23	19389.50	0.00	0.00	0	perf_experiment
12:23:51 AM	1006	218202	97.00	3.00	0.00	0.00	100.00	61	199.00	0.00	688952	614260	0.23	19465.50	0.00	0.00	0	perf_experiment
12:23:52 AM	1006	218202	98.00	2.00	0.00	0.00	100.00	61	161.00	0.00	689076	614332	0.23	19369.50	0.00	0.00	0	perf_experiment
12:23:53 AM	1006	218202	96.00	4.00	0.00	0.00	100.00	61	140.00	0.00	689204	614404	0.23	19321.00	0.00	0.00	0	perf_experiment
12:23:54 AM	1006	218202	97.00	3.00	0.00	0.00	100.00	61	175.00	0.00	689204	614452	0.23	19403.50	0.00	0.00	0	perf_experiment
12:23:55 AM	1006	218202	97.00	3.00	0.00	0.00	100.00	61	172.00	0.00	689204	614508	0.23	19500.00	0.00	0.00	0	perf_experiment
12:23:56 AM	1006	218202	97.00	3.00	0.00	0.00	100.00	61	168.00	0.00	689332	614532	0.23	19455.50	0.00	0.00	0	perf_experiment
12:23:57 AM	1006	218202	98.00	3.00	0.00	0.00	101.00	61	195.00	0.00	689332	614604	0.23	19398.00	0.00	0.00	0	perf_experiment
12:23:58 AM	1006	218202	97.00	2.00	0.00	0.00	99.00	61	175.00	0.00	689460	614668	0.23	19435.00	0.00	0.00	0	perf_experiment
12:23:59 AM	1006	218202	95.00	5.00	0.00	0.00	100.00	61	190.00	0.00	689460	614748	0.23	19438.50	0.00	0.00	0	perf_experiment
12:24:00 AM	1006	218202	97.00	3.00	0.00	0.00	100.00	61	165.00	0.00	689584	614796	0.23	19425.00	0.00	0.00	0	perf_experiment
12:24:01 AM	1006	218202	99.00	2.00	0.00	0.00	101.00	61	160.00	0.00	689584	614852	0.23	19475.00	0.00	0.00	0	perf_experiment
12:24:02 AM	1006	218202	99.00	1.00	0.00	0.00	100.00	61	193.00	0.00	689708	614924	0.23	19373.00	0.00	0.00	0	perf_experiment
12:24:03 AM	1006	218202	97.00	2.00	0.00	0.00	99.00	61	178.00	0.00	689708	614988	0.23	19476.00	0.00	0.00	0	perf_experiment
12:24:04 AM	1006	218202	99.00	2.00	0.00	0.00	101.00	61	165.00	0.00	689820	615036	0.23	19411.50	0.00	0.00	0	perf_experiment
12:24:05 AM	1006	218202	98.00	1.00	0.00	0.00	99.00	61	178.00	0.00	689820	615084	0.23	19431.50	0.00	0.00	0	perf_experiment
12:24:06 AM	1006	218202	98.00	3.00	0.00	0.00	101.00	61	209.00	0.00	689948	615148	0.23	19369.00	0.00	0.00	0	perf_experiment
12:24:07 AM	1006	218202	99.00	1.00	0.00	0.00	100.00	61	165.00	0.00	689948	615232	0.23	19424.50	0.00	0.00	0	perf_experiment
12:24:08 AM	1006	218202	96.00	3.00	0.00	0.00	99.00	61	163.00	0.00	690084	615260	0.23	19413.00	0.00	0.00	0	perf_experiment
12:24:09 AM	1006	218202	96.00	4.00	0.00	0.00	100.00	61	152.00	0.00	690084	615300	0.23	19398.00	0.00	0.00	0	perf_experiment
12:24:10 AM	1006	218202	98.00	3.00	0.00	0.00	101.00	61	182.00	0.00	690084	615368	0.23	19408.00	0.00	0.00	0	perf_experiment
12:24:11 AM	1006	218202	98.00	1.00	0.00	0.00	99.00	61	158.00	0.00	690208	615436	0.23	19450.00	0.00	0.00	0	perf_experiment
12:24:12 AM	1006	218202	98.00	3.00	0.00	0.00	101.00	61	200.00	0.00	690208	615512	0.23	19486.00	0.00	0.00	0	perf_experiment
12:24:13 AM	1006	218202	98.00	1.00	0.00	0.00	99.00	61	179.00	0.00	690336	615552	0.23	19403.50	0.00	0.00	0	perf_experiment
12:24:14 AM	1006	218202	98.00	2.00	0.00	0.00	100.00	61	180.00	0.00	690336	615608	0.23	19392.00	0.00	0.00	0	perf_experiment
12:24:15 AM	1006	218202	98.00	2.00	0.00	0.00	100.00	61	149.00	0.00	690472	615680	0.23	19461.50	0.00	0.00	0	perf_experiment
12:24:16 AM	1006	218202	95.00	6.00	0.00	0.00	101.00	61	147.00	0.00	690472	615728	0.23	19409.00	0.00	0.00	0	perf_experiment
12:24:17 AM	1006	218202	98.00	2.00	0.00	0.00	100.00	61	172.00	0.00	690608	615808	0.23	19381.50	0.00	0.00	0	perf_experiment
12:24:18 AM	1006	218202	99.00	1.00	0.00	0.00	100.00	61	162.00	0.00	690608	615848	0.23	19412.50	0.00	0.00	0	perf_experiment
12:24:19 AM	1006	218202	97.00	3.00	0.00	0.00	100.00	61	158.00	0.00	690608	615904	0.23	19372.50	0.00	0.00	0	perf_experiment
12:24:20 AM	1006	218202	97.00	2.00	0.00	0.00	99.00	61	149.00	0.00	690736	615960	0.23	19402.50	0.00	0.00	0	perf_experiment
12:24:21 AM	1006	218202	98.00	2.00	0.00	0.00	100.00	61	166.00	0.00	690736	616032	0.23	19421.00	0.00	0.00	0	perf_experiment
12:24:22 AM	1006	218202	98.00	2.00	0.00	0.00	100.00	61	199.00	0.00	690864	616064	0.23	19389.00	0.00	0.00	0	perf_experiment
12:24:23 AM	1006	218202	96.00	4.00	0.00	0.00	100.00	61	182.00	0.00	690864	616160	0.23	19420.00	0.00	0.00	0	perf_experiment
12:24:24 AM	1006	218202	98.00	3.00	0.00	0.00	101.00	61	147.00	0.00	690992	616204	0.23	19338.00	0.00	0.00	0	perf_experiment
12:24:25 AM	1006	218202	99.00	1.00	0.00	0.00	100.00	61	150.00	0.00	690992	616256	0.23	19465.00	0.00	0.00	0	perf_experiment
12:24:26 AM	1006	218202	99.00	1.00	0.00	0.00	100.00	61	149.00	0.00	691116	616316	0.23	19408.50	0.00	0.00	0	perf_experiment
12:24:27 AM	1006	218202	99.00	0.00	0.00	0.00	99.00	61	180.00	0.00	691116	616372	0.23	19393.50	0.00	0.00	0	perf_experiment
12:24:28 AM	1006	218202	97.00	3.00	0.00	0.00	100.00	61	127.00	0.00	691236	616452	0.23	19396.50	0.00	0.00	0	perf_experiment
12:24:29 AM	1006	218202	96.00	4.00	0.00	0.00	100.00	61	157.00	0.00	691236	616508	0.23	19504.50	0.00	0.00	0	perf_experiment
12:24:30 AM	1006	218202	100.00	0.00	0.00	0.00	100.00	61	156.00	0.00	691344	616560	0.23	19526.00	0.00	0.00	0	perf_experiment
12:24:31 AM	1006	218202	98.00	2.00	0.00	0.00	100.00	61	161.00	0.00	691344	616592	0.23	19452.00	0.00	0.00	0	perf_experiment
12:24:32 AM	1006	218202	98.00	2.00	0.00	0.00	100.00	61	165.00	0.00	691472	616680	0.23	19394.00	0.00	0.00	0	perf_experiment
12:24:33 AM	1006	218202	98.00	2.00	0.00	0.00	100.00	61	4576.00	0.00	691472	616736	0.23	19302.50	0.00	0.00	0	perf_experiment
12:24:34 AM	1006	218202	97.00	3.00	0.00	0.00	100.00	61	4507.00	0.00	691608	616800	0.23	19316.00	0.00	0.00	0	perf_experiment
12:24:35 AM	1006	218202	96.00	5.00	0.00	0.00	101.00	61	669.00	0.00	691600	616844	0.23	19436.00	0.00	0.00	0	perf_experiment
12:24:36 AM	1006	218202	97.00	2.00	0.00	0.00	99.00	61	367.00	0.00	691600	616892	0.23	19494.00	0.00	0.00	0	perf_experiment
12:24:37 AM	1006	218202	97.00	3.00	0.00	0.00	100.00	61	254.00	0.00	691732	616972	0.23	19453.50	0.00	0.00	0	perf_experiment
12:24:38 AM	1006	218202	98.00	2.00	0.00	0.00	100.00	61	231.00	0.00	691732	617020	0.23	19398.50	0.00	0.00	0	perf_experiment
12:24:39 AM	1006	218202	98.00	2.00	0.00	0.00	100.00	61	214.00	0.00	691860	617076	0.23	19451.00	0.00	0.00	0	perf_experiment
12:24:40 AM	1006	218202	100.00	1.00	0.00	0.00	101.00	61	243.00	0.00	691860	617128	0.23	19423.00	0.00	0.00	0	perf_experiment
12:24:41 AM	1006	218202	96.00	3.00	0.00	0.00	99.00	61	180.00	0.00	691976	617192	0.23	19349.50	0.00	0.00	0	perf_experiment
12:24:42 AM	1006	218202	98.00	2.00	0.00	0.00	100.00	61	175.00	0.00	691976	617272	0.23	19459.50	0.00	0.00	0	perf_experiment
12:24:43 AM	1006	218202	98.00	2.00	0.00	0.00	100.00	61	169.00	0.00	692096	617296	0.23	19459.50	0.00	0.00	0	perf_experiment
12:24:44 AM	1006	218202	98.00	3.00	0.00	0.00	101.00	61	166.00	0.00	692096	617400	0.23	19346.00	0.00	0.00	0	perf_experiment
12:24:45 AM	1006	218202	98.00	1.00	0.00	0.00	99.00	61	172.00	0.00	692216	617432	0.23	19455.50	0.00	0.00	0	perf_experiment
12:24:46 AM	1006	218202	98.00	3.00	0.00	0.00	101.00	61	200.00	0.00	692216	617476	0.23	19455.50	0.00	0.00	0	perf_experiment
12:24:47 AM	1006	218202	98.00	2.00	0.00	0.00	100.00	61	210.00	0.00	692348	617540	0.23	19353.50	0.00	0.00	0	perf_experiment
12:24:48 AM	1006	218202	98.00	2.00	0.00	0.00	100.00	61	192.00	0.00	692340	617596	0.23	19427.00	0.00	0.00	0	perf_experiment
12:24:49 AM	1006	218202	98.00	2.00	0.00	0.00	100.00	61	150.00	0.00	692340	617644	0.23	19467.50	0.00	0.00	0	perf_experiment
12:24:50 AM	1006	218202	98.00	2.00	0.00	0.00	100.00	61	188.00	0.00	692476	617708	0.23	19392.00	0.00	0.00	0	perf_experiment
12:24:51 AM	1006	218202	98.00	2.00	0.00	0.00	100.00	61	141.00	0.00	692476	617764	0.23	19455.50	0.00	0.00	0	perf_experiment
12:24:52 AM	1006	218202	98.00	2.00	0.00	0.00	100.00	61	171.00	0.00	692596	617812	0.23	19464.50	0.00	0.00	0	perf_experiment
12:24:53 AM	1006	218202	96.00	3.00	0.00	0.00	99.00	61	151.00	0.00	692596	617900	0.23	19430.00	0.00	0.00	0	perf_experiment
12:24:54 AM	1006	218202	100.00	1.00	0.00	0.00	101.00	61	175.00	0.00	692708	617948	0.23	19369.00	0.00	0.00	0	perf_experiment
12:24:55 AM	1006	218202	97.00	2.00	0.00	0.00	99.00	61	166.00	0.00	692708	618012	0.23	19443.50	0.00	0.00	0	perf_experiment
12:24:56 AM	1006	218202	97.00	3.00	0.00	0.00	100.00	61	176.00	0.00	692820	618060	0.23	19436.00	0.00	0.00	0	perf_experiment
12:24:57 AM	1006	218202	99.00	2.00	0.00	0.00	101.00	61	195.00	0.00	692948	618156	0.23	19410.50	0.00	0.00	0	perf_experiment
12:24:58 AM	1006	218202	79.21	16.83	0.00	0.00	96.04	61	13797.03	0.00	199280	124996	0.05	14717.33	3.96	0.00	0	perf_experiment
