Time	UID	PID	%usr	%system	%guest	%wait	%CPU	CPU	minflt/s	majflt/s	VSZ	RSS	%MEM	kB_rd/s	kB_wr/s	kB_ccwr/s	iodelay	Command
10:02:21 AM	1006	220880	77.00	21.00	0.00	0.00	98.00	35	144452.00	0.00	657904	583104	0.22	0.00	4.00	0.00	0	perf_experiment
10:02:22 AM	1006	220880	84.00	3.00	0.00	0.00	87.00	35	33866.00	0.00	657904	583208	0.22	0.00	196608.00	0.00	13	perf_experiment
10:02:23 AM	1006	220880	81.00	4.00	0.00	0.00	85.00	35	69466.00	0.00	657904	583248	0.22	0.00	229376.00	0.00	16	perf_experiment
10:02:24 AM	1006	220880	81.00	3.00	0.00	0.00	84.00	35	61354.00	0.00	658028	583288	0.22	0.00	229376.00	0.00	16	perf_experiment
10:02:25 AM	1006	220880	80.00	3.00	0.00	0.00	83.00	35	67424.00	0.00	658028	583332	0.22	0.00	229376.00	0.00	16	perf_experiment
10:02:26 AM	1006	220880	82.00	3.00	0.00	0.00	85.00	35	56758.00	0.00	658164	583376	0.22	0.00	229376.00	0.00	16	perf_experiment
10:02:27 AM	1006	220880	80.00	3.00	0.00	0.00	83.00	35	45497.00	0.00	658164	583416	0.22	0.00	262144.00	0.00	16	perf_experiment
10:02:28 AM	1006	220880	81.00	2.00	0.00	0.00	83.00	35	30372.00	0.00	658164	583456	0.22	0.00	229376.00	0.00	17	perf_experiment
10:02:29 AM	1006	220880	81.00	3.00	0.00	0.00	84.00	35	29944.00	0.00	658164	583500	0.22	0.00	229376.00	0.00	16	perf_experiment
10:02:30 AM	1006	220880	82.00	2.00	0.00	0.00	84.00	35	23089.00	0.00	658288	583544	0.22	0.00	229376.00	0.00	16	perf_experiment
10:02:31 AM	1006	220880	88.00	3.00	0.00	0.00	91.00	35	8358.00	0.00	658424	583604	0.22	8154.50	131072.00	0.00	8	perf_experiment
10:02:32 AM	1006	220880	95.00	4.00	0.00	0.00	99.00	35	9807.00	0.00	658424	583704	0.22	17781.00	32768.00	0.00	3	perf_experiment
10:02:33 AM	1006	220880	96.00	2.00	0.00	0.00	98.00	35	11607.00	0.00	658424	583704	0.22	17521.00	32768.00	0.00	2	perf_experiment
10:02:34 AM	1006	220880	94.00	0.00	0.00	0.00	94.00	35	33303.00	0.00	658424	583704	0.22	9703.00	98304.00	0.00	6	perf_experiment
10:02:35 AM	1006	220880	96.00	1.00	0.00	0.00	97.00	35	8199.00	0.00	658424	583704	0.22	17768.00	32768.00	0.00	2	perf_experiment
10:02:36 AM	1006	220880	95.00	3.00	0.00	0.00	98.00	35	9180.00	0.00	658424	583704	0.22	17675.00	32768.00	0.00	2	perf_experiment
10:02:37 AM	1006	220880	95.00	2.00	0.00	0.00	97.00	35	17963.00	0.00	658424	583704	0.22	13908.00	65536.00	0.00	4	perf_experiment
10:02:38 AM	1006	220880	92.00	3.00	0.00	0.00	95.00	35	16471.00	0.00	658424	583704	0.22	13391.00	65536.00	0.00	4	perf_experiment
10:02:39 AM	1006	220880	97.00	1.00	0.00	0.00	98.00	35	8218.00	0.00	658424	583704	0.22	17884.50	32768.00	0.00	2	perf_experiment
10:02:40 AM	1006	220880	98.00	2.00	0.00	0.00	100.00	35	3.00	0.00	658424	583704	0.22	18381.50	0.00	0.00	0	perf_experiment
10:02:41 AM	1006	220880	89.00	2.00	0.00	0.00	91.00	35	33005.00	0.00	658424	583704	0.22	8931.00	131072.00	0.00	9	perf_experiment
10:02:42 AM	1006	220880	96.00	2.00	0.00	0.00	98.00	35	9408.00	0.00	658424	583704	0.22	17538.50	32768.00	0.00	2	perf_experiment
10:02:43 AM	1006	220880	98.00	2.00	0.00	0.00	100.00	35	719.00	0.00	658424	583704	0.22	18359.00	0.00	0.00	0	perf_experiment
10:02:44 AM	1006	220880	89.00	3.00	0.00	0.00	92.00	35	43905.00	0.00	658424	583712	0.22	8778.00	131072.00	0.00	9	perf_experiment
10:02:45 AM	1006	220880	96.00	1.00	0.00	0.00	97.00	35	8207.00	0.00	658424	583752	0.22	17605.00	32768.00	0.00	2	perf_experiment
10:02:46 AM	1006	220880	97.00	4.00	0.00	0.00	101.00	35	26.00	0.00	658424	583752	0.22	18381.50	0.00	0.00	0	perf_experiment
10:02:47 AM	1006	220880	92.00	3.00	0.00	0.00	95.00	35	16448.00	0.00	658424	583752	0.22	14716.00	65536.00	0.00	4	perf_experiment
10:02:48 AM	1006	220880	91.00	3.00	0.00	0.00	94.00	35	22621.00	0.00	658424	583760	0.22	12132.00	98304.00	0.00	7	perf_experiment
10:02:49 AM	1006	220880	98.00	2.00	0.00	0.00	100.00	35	1279.00	0.00	658424	583760	0.22	18142.00	0.00	0.00	0	perf_experiment
10:02:50 AM	1006	220880	96.00	2.00	0.00	0.00	98.00	35	780.00	0.00	658424	583772	0.22	17565.50	32768.00	0.00	2	perf_experiment
10:02:51 AM	1006	220880	90.00	1.00	0.00	0.00	91.00	35	32661.00	0.00	658560	583820	0.22	9067.50	131072.00	0.00	9	perf_experiment
10:02:52 AM	1006	220880	99.00	1.00	0.00	0.00	100.00	35	10.00	0.00	658560	583820	0.22	18335.50	0.00	0.00	0	perf_experiment
10:02:53 AM	1006	220880	96.00	2.00	0.00	0.00	98.00	35	8193.00	0.00	658560	583820	0.22	17834.50	32768.00	0.00	2	perf_experiment
10:02:54 AM	1006	220880	89.00	2.00	0.00	0.00	91.00	35	32834.00	0.00	658560	583820	0.22	9544.50	131072.00	0.00	8	perf_experiment
10:02:55 AM	1006	220880	98.00	2.00	0.00	0.00	100.00	35	23.00	0.00	658560	583820	0.22	17940.00	0.00	0.00	0	perf_experiment
10:02:56 AM	1006	220880	94.00	4.00	0.00	0.00	98.00	35	8208.00	0.00	658560	583844	0.22	17539.00	32768.00	0.00	2	perf_experiment
10:02:57 AM	1006	220880	95.00	3.00	0.00	0.00	98.00	35	8255.00	0.00	658560	583844	0.22	15782.50	32768.00	0.00	3	perf_experiment
10:02:58 AM	1006	220880	91.00	2.00	0.00	0.00	93.00	35	3984.00	0.00	658560	583868	0.22	11083.00	98304.00	0.00	7	perf_experiment
10:02:59 AM	1006	220880	95.00	2.00	0.00	0.00	97.00	35	13967.00	0.00	658560	583868	0.22	17632.50	32768.00	0.00	2	perf_experiment
10:03:00 AM	1006	220880	96.00	5.00	0.00	0.00	101.00	35	5794.00	0.00	658560	583868	0.22	18104.00	0.00	0.00	0	perf_experiment
10:03:01 AM	1006	220880	88.00	2.00	0.00	0.00	90.00	35	1558.00	0.00	658560	583884	0.22	8982.50	131072.00	0.00	9	perf_experiment
10:03:02 AM	1006	220880	97.00	1.00	0.00	0.00	98.00	35	11283.00	0.00	658560	583916	0.22	17598.00	32768.00	0.00	3	perf_experiment
10:03:03 AM	1006	220880	98.00	2.00	0.00	0.00	100.00	35	4950.00	0.00	658560	583916	0.22	18057.00	0.00	0.00	0	perf_experiment
10:03:04 AM	1006	220880	91.00	2.00	0.00	0.00	93.00	35	29582.00	0.00	658560	583916	0.22	11073.00	131072.00	0.00	7	perf_experiment
10:03:05 AM	1006	220880	93.00	2.00	0.00	0.00	95.00	35	32.00	0.00	658688	583924	0.22	15556.50	32768.00	0.00	4	perf_experiment
10:03:06 AM	1006	220880	98.00	2.00	0.00	0.00	100.00	35	18.00	0.00	658688	583924	0.22	18310.00	0.00	0.00	0	perf_experiment
10:03:07 AM	1006	220880	95.00	3.00	0.00	0.00	98.00	7	7.00	0.00	658688	583924	0.22	17458.00	32768.00	0.00	2	perf_experiment
10:03:08 AM	1006	220880	88.00	2.00	0.00	0.00	90.00	7	24048.00	0.00	658688	583952	0.22	8996.50	131072.00	0.00	10	perf_experiment
10:03:09 AM	1006	220880	97.00	3.00	0.00	0.00	100.00	7	7.00	0.00	658688	583972	0.22	18353.50	0.00	0.00	0	perf_experiment
10:03:10 AM	1006	220880	96.00	3.00	0.00	0.00	99.00	7	767.00	0.00	658688	583972	0.22	17657.00	32768.00	0.00	2	perf_experiment
10:03:11 AM	1006	220880	89.00	1.00	0.00	0.00	90.00	7	18314.00	0.00	658688	583980	0.22	8748.50	131072.00	0.00	9	perf_experiment
10:03:12 AM	1006	220880	99.00	1.00	0.00	0.00	100.00	7	14.00	0.00	658688	583980	0.22	18178.00	0.00	0.00	0	perf_experiment
10:03:13 AM	1006	220880	93.00	4.00	0.00	0.00	97.00	7	8206.00	0.00	658688	584008	0.22	17519.50	32768.00	0.00	3	perf_experiment
10:03:14 AM	1006	220880	94.00	2.00	0.00	0.00	96.00	7	8291.00	0.00	658688	584008	0.22	13151.50	65536.00	0.00	4	perf_experiment
10:03:15 AM	1006	220880	94.00	1.00	0.00	0.00	95.00	7	1487.00	0.00	658820	584072	0.22	13760.00	65536.00	0.00	6	perf_experiment
10:03:16 AM	1006	220880	96.00	2.00	0.00	0.00	98.00	7	12916.00	0.00	658820	584072	0.22	17599.00	32768.00	0.00	2	perf_experiment
10:03:17 AM	1006	220880	96.00	1.00	0.00	0.00	97.00	7	12464.00	0.00	658820	584072	0.22	17542.50	32768.00	0.00	2	perf_experiment
10:03:18 AM	1006	220880	91.00	2.00	0.00	0.00	93.00	7	17635.00	0.00	658820	584072	0.22	9485.00	98304.00	0.00	7	perf_experiment
10:03:19 AM	1006	220880	96.00	3.00	0.00	0.00	99.00	7	0.00	0.00	658820	584072	0.22	17712.00	32768.00	0.00	2	perf_experiment
10:03:20 AM	1006	220880	94.00	3.00	0.00	0.00	97.00	7	14.00	0.00	658820	584072	0.22	17614.00	32768.00	0.00	2	perf_experiment
10:03:21 AM	1006	220880	92.00	2.00	0.00	0.00	94.00	7	14277.00	0.00	658820	584072	0.22	9450.50	98304.00	0.00	7	perf_experiment
10:03:22 AM	1006	220880	97.00	1.00	0.00	0.00	98.00	7	6.00	0.00	658820	584072	0.22	17631.00	32768.00	0.00	2	perf_experiment
10:03:23 AM	1006	220880	96.00	1.00	0.00	0.00	97.00	7	19.00	0.00	658820	584072	0.22	17672.00	32768.00	0.00	3	perf_experiment
10:03:24 AM	1006	220880	95.00	3.00	0.00	0.00	98.00	7	75.00	0.00	658820	584096	0.22	15416.00	32768.00	0.00	2	perf_experiment
10:03:25 AM	1006	220880	92.00	1.00	0.00	0.00	93.00	7	82.00	0.00	658820	584096	0.22	11795.00	98304.00	0.00	7	perf_experiment
10:03:26 AM	1006	220880	96.00	2.00	0.00	0.00	98.00	7	9653.00	0.00	658820	584120	0.22	17683.00	32768.00	0.00	2	perf_experiment
10:03:27 AM	1006	220880	97.00	2.00	0.00	0.00	99.00	7	6406.00	0.00	658820	584120	0.22	18589.50	0.00	0.00	0	perf_experiment
10:03:28 AM	1006	220880	88.00	2.00	0.00	0.00	90.00	7	20026.00	0.00	658820	584120	0.22	8735.50	131072.00	0.00	10	perf_experiment
10:03:29 AM	1006	220880	97.00	2.00	0.00	0.00	99.00	7	9.00	0.00	658820	584120	0.22	17733.50	32768.00	0.00	2	perf_experiment
10:03:30 AM	1006	220880	98.00	1.00	0.00	0.00	99.00	7	10.00	0.00	658956	584120	0.22	18524.50	0.00	0.00	0	perf_experiment
10:03:31 AM	1006	220880	88.00	3.00	0.00	0.00	91.00	7	123.00	0.00	658956	584200	0.22	9508.00	131072.00	0.00	9	perf_experiment
10:03:32 AM	1006	220880	94.00	4.00	0.00	0.00	98.00	7	26.00	0.00	658948	584200	0.22	17210.50	32768.00	0.00	3	perf_experiment
10:03:33 AM	1006	220880	97.00	3.00	0.00	0.00	100.00	7	4484.00	0.00	658948	584220	0.22	18087.00	0.00	0.00	0	perf_experiment
10:03:34 AM	1006	220880	96.00	1.00	0.00	0.00	97.00	7	3593.00	0.00	658948	584220	0.22	16029.50	65536.00	0.00	2	perf_experiment
10:03:35 AM	1006	220880	90.00	2.00	0.00	0.00	92.00	7	16458.00	0.00	658948	584220	0.22	10699.50	98304.00	0.00	9	perf_experiment
10:03:36 AM	1006	220880	98.00	2.00	0.00	0.00	100.00	7	5.00	0.00	658948	584220	0.22	18531.50	0.00	0.00	0	perf_experiment
10:03:37 AM	1006	220880	97.00	0.00	0.00	0.00	97.00	7	8203.00	0.00	658948	584220	0.22	18034.50	32768.00	0.00	2	perf_experiment
10:03:38 AM	1006	220880	90.00	2.00	0.00	0.00	92.00	7	26024.00	0.00	658948	584244	0.22	8904.00	131072.00	0.00	9	perf_experiment
10:03:39 AM	1006	220880	99.00	1.00	0.00	0.00	100.00	7	25.00	0.00	658948	584244	0.22	18855.00	0.00	0.00	0	perf_experiment
10:03:40 AM	1006	220880	95.00	2.00	0.00	0.00	97.00	7	18.00	0.00	658948	584260	0.22	18316.50	32768.00	0.00	3	perf_experiment
10:03:41 AM	1006	220880	89.00	1.00	0.00	0.00	90.00	7	94.00	0.00	658948	584260	0.22	9265.00	131072.00	0.00	10	perf_experiment
10:03:42 AM	1006	220880	100.00	0.00	0.00	0.00	100.00	7	22.00	0.00	658948	584292	0.22	17897.50	0.00	0.00	0	perf_experiment
10:03:43 AM	1006	220880	96.00	2.00	0.00	0.00	98.00	7	6.00	0.00	658948	584292	0.22	17680.00	32768.00	0.00	2	perf_experiment
10:03:44 AM	1006	220880	96.00	2.00	0.00	0.00	98.00	7	40.00	0.00	658948	584292	0.22	15706.00	32768.00	0.00	2	perf_experiment
10:03:45 AM	1006	220880	91.00	2.00	0.00	0.00	93.00	7	70.00	0.00	658948	584292	0.22	11698.50	98304.00	0.00	7	perf_experiment
10:03:46 AM	1006	220880	96.00	1.00	0.00	0.00	97.00	7	6.00	0.00	658948	584292	0.22	17699.00	32768.00	0.00	2	perf_experiment
10:03:47 AM	1006	220880	98.00	2.00	0.00	0.00	100.00	7	1477.00	0.00	658948	584292	0.22	18157.00	0.00	0.00	0	perf_experiment
10:03:48 AM	1006	220880	89.00	2.00	0.00	0.00	91.00	7	35327.00	0.00	659080	584324	0.22	8755.50	131072.00	0.00	9	perf_experiment
10:03:49 AM	1006	220880	97.00	1.00	0.00	0.00	98.00	7	13.00	0.00	659080	584324	0.22	17532.50	32768.00	0.00	2	perf_experiment
10:03:50 AM	1006	220880	100.00	0.00	0.00	0.00	100.00	7	10.00	0.00	659080	584324	0.22	18258.00	0.00	0.00	0	perf_experiment
10:03:51 AM	1006	220880	94.00	2.00	0.00	0.00	96.00	7	36.00	0.00	659080	584344	0.22	15369.50	65536.00	0.00	5	perf_experiment
10:03:52 AM	1006	220880	96.00	3.00	0.00	0.00	99.00	7	0.00	0.00	659080	584344	0.22	19023.50	0.00	0.00	0	perf_experiment
10:03:53 AM	1006	220880	100.00	1.00	0.00	0.00	101.00	7	0.00	0.00	659080	584344	0.22	19194.00	0.00	0.00	0	perf_experiment
10:03:54 AM	1006	220880	98.00	1.00	0.00	0.00	99.00	7	0.00	0.00	659080	584344	0.22	19160.00	0.00	0.00	0	perf_experiment
10:03:55 AM	1006	220880	97.00	3.00	0.00	0.00	100.00	7	858.00	0.00	659080	584352	0.22	19136.50	0.00	0.00	0	perf_experiment
10:03:56 AM	1006	220880	96.00	2.00	0.00	0.00	98.00	7	9906.00	0.00	659080	584352	0.22	18558.00	32768.00	0.00	2	perf_experiment
10:03:57 AM	1006	220880	96.00	4.00	0.00	0.00	100.00	7	1749.00	0.00	659080	584352	0.22	19046.00	0.00	0.00	0	perf_experiment
10:03:58 AM	1006	220880	97.03	1.98	0.00	0.00	99.01	7	1715.84	0.00	659080	584352	0.22	18874.26	0.00	0.00	0	perf_experiment
10:03:59 AM	1006	220880	98.00	2.00	0.00	0.00	100.00	7	2034.00	0.00	659080	584352	0.22	19009.00	0.00	0.00	0	perf_experiment
10:04:00 AM	1006	220880	94.00	4.00	0.00	0.00	98.00	7	9162.00	0.00	659080	584352	0.22	18084.50	32768.00	0.00	3	perf_experiment
10:04:01 AM	1006	220880	99.00	1.00	0.00	0.00	100.00	7	0.00	0.00	659080	584352	0.22	18788.50	0.00	0.00	0	perf_experiment
10:04:02 AM	1006	220880	97.00	3.00	0.00	0.00	100.00	7	7.00	0.00	659080	584352	0.22	19102.00	0.00	0.00	0	perf_experiment
10:04:03 AM	1006	220880	94.00	3.00	0.00	0.00	97.00	7	8223.00	0.00	659080	584380	0.22	18159.50	32768.00	0.00	2	perf_experiment
10:04:04 AM	1006	220880	97.00	3.00	0.00	0.00	100.00	7	0.00	0.00	659080	584380	0.22	18765.00	0.00	0.00	0	perf_experiment
10:04:05 AM	1006	220880	98.00	2.00	0.00	0.00	100.00	7	0.00	0.00	659080	584380	0.22	19143.00	0.00	0.00	0	perf_experiment
10:04:06 AM	1006	220880	96.00	3.00	0.00	0.00	99.00	7	8193.00	0.00	659080	584400	0.22	18261.50	32768.00	0.00	2	perf_experiment
10:04:07 AM	1006	220880	98.00	1.00	0.00	0.00	99.00	7	0.00	0.00	659080	584400	0.22	19521.50	0.00	0.00	0	perf_experiment
10:04:08 AM	1006	220880	98.00	2.00	0.00	0.00	100.00	7	0.00	0.00	659080	584400	0.22	19288.00	0.00	0.00	0	perf_experiment
10:04:09 AM	1006	220880	96.00	2.00	0.00	0.00	98.00	7	1184.00	0.00	659080	584400	0.22	18610.00	32768.00	0.00	3	perf_experiment
10:04:10 AM	1006	220880	98.00	2.00	0.00	0.00	100.00	7	0.00	0.00	659080	584400	0.22	18963.00	0.00	0.00	0	perf_experiment
10:04:11 AM	1006	220880	98.00	2.00	0.00	0.00	100.00	7	0.00	0.00	659080	584400	0.22	19175.00	0.00	0.00	0	perf_experiment
10:04:12 AM	1006	220880	97.00	3.00	0.00	0.00	100.00	7	0.00	0.00	659080	584400	0.22	19269.00	0.00	0.00	0	perf_experiment
10:04:13 AM	1006	220880	97.00	2.00	0.00	0.00	99.00	7	8672.00	0.00	659080	584400	0.22	19062.00	32768.00	0.00	0	perf_experiment
10:04:14 AM	1006	220880	97.00	2.00	0.00	0.00	99.00	7	1782.00	0.00	659080	584400	0.22	18639.00	0.00	0.00	1	perf_experiment
10:04:15 AM	1006	220880	98.00	2.00	0.00	0.00	100.00	7	1740.00	0.00	659080	584400	0.22	19200.00	0.00	0.00	0	perf_experiment
10:04:16 AM	1006	220880	98.00	2.00	0.00	0.00	100.00	7	1767.00	0.00	659080	584400	0.22	19061.50	0.00	0.00	0	perf_experiment
10:04:17 AM	1006	220880	99.00	1.00	0.00	0.00	100.00	7	1742.00	0.00	659080	584400	0.22	19220.50	0.00	0.00	0	perf_experiment
10:04:18 AM	1006	220880	96.00	2.00	0.00	0.00	98.00	7	8238.00	0.00	659080	584400	0.22	18465.00	32768.00	0.00	3	perf_experiment
10:04:19 AM	1006	220880	99.00	1.00	0.00	0.00	100.00	7	0.00	0.00	659080	584400	0.22	18907.00	0.00	0.00	0	perf_experiment
10:04:20 AM	1006	220880	97.00	3.00	0.00	0.00	100.00	7	0.00	0.00	659080	584400	0.22	18887.00	0.00	0.00	0	perf_experiment
10:04:21 AM	1006	220880	96.00	2.00	0.00	0.00	98.00	7	8193.00	0.00	659080	584400	0.22	18352.00	32768.00	0.00	2	perf_experiment
10:04:22 AM	1006	220880	98.00	2.00	0.00	0.00	100.00	7	0.00	0.00	659080	584400	0.22	19051.50	0.00	0.00	0	perf_experiment
10:04:23 AM	1006	220880	99.00	0.00	0.00	0.00	99.00	7	1.00	0.00	659080	584400	0.22	19297.50	0.00	0.00	0	perf_experiment
10:04:24 AM	1006	220880	96.00	3.00	0.00	0.00	99.00	7	8204.00	0.00	659080	584400	0.22	18388.50	32768.00	0.00	2	perf_experiment
10:04:25 AM	1006	220880	98.00	2.00	0.00	0.00	100.00	7	0.00	0.00	659080	584400	0.22	19419.50	0.00	0.00	0	perf_experiment
10:04:26 AM	1006	220880	97.00	3.00	0.00	0.00	100.00	7	6.00	0.00	659080	584400	0.22	19484.50	0.00	0.00	0	perf_experiment
10:04:27 AM	1006	220880	99.00	1.00	0.00	0.00	100.00	7	0.00	0.00	659080	584400	0.22	19321.00	0.00	0.00	0	perf_experiment
10:04:28 AM	1006	220880	97.00	1.00	0.00	0.00	98.00	7	8193.00	0.00	659080	584420	0.22	18962.00	32768.00	0.00	2	perf_experiment
10:04:29 AM	1006	220880	98.00	2.00	0.00	0.00	100.00	7	0.00	0.00	659080	584420	0.22	19344.00	0.00	0.00	0	perf_experiment
10:04:30 AM	1006	220880	98.00	2.00	0.00	0.00	100.00	7	1.00	0.00	659080	584420	0.22	19348.50	0.00	0.00	0	perf_experiment
10:04:31 AM	1006	220880	95.00	3.00	0.00	0.00	98.00	7	8198.00	0.00	659080	584420	0.22	18785.00	32768.00	0.00	2	perf_experiment
10:04:32 AM	1006	220880	99.00	1.00	0.00	0.00	100.00	7	4.00	0.00	659080	584420	0.22	19377.50	0.00	0.00	0	perf_experiment
10:04:33 AM	1006	220880	99.00	1.00	0.00	0.00	100.00	7	2.00	0.00	659080	584420	0.22	19175.50	0.00	0.00	0	perf_experiment
10:04:34 AM	1006	220880	98.00	1.00	0.00	0.00	99.00	7	13.00	0.00	659080	584420	0.22	19211.50	0.00	0.00	0	perf_experiment
10:04:35 AM	1006	220880	99.00	2.00	0.00	0.00	101.00	7	0.00	0.00	659080	584420	0.22	19195.50	0.00	0.00	0	perf_experiment
10:04:36 AM	1006	220880	97.00	1.00	0.00	0.00	98.00	7	8194.00	0.00	659080	584420	0.22	18440.50	32768.00	0.00	2	perf_experiment
10:04:37 AM	1006	220880	99.00	1.00	0.00	0.00	100.00	7	15.00	0.00	659208	584452	0.22	19195.00	0.00	0.00	0	perf_experiment
10:04:38 AM	1006	220880	97.00	3.00	0.00	0.00	100.00	7	6.00	0.00	659208	584452	0.22	18930.00	0.00	0.00	0	perf_experiment
10:04:39 AM	1006	220880	97.00	3.00	0.00	0.00	100.00	7	7.00	0.00	659208	584452	0.22	18866.50	0.00	0.00	0	perf_experiment
10:04:40 AM	1006	220880	97.00	1.00	0.00	0.00	98.00	7	8204.00	0.00	659208	584452	0.22	18204.00	32768.00	0.00	2	perf_experiment
10:04:41 AM	1006	220880	98.00	2.00	0.00	0.00	100.00	7	13.00	0.00	659208	584452	0.22	18773.00	0.00	0.00	0	perf_experiment
10:04:42 AM	1006	220880	98.00	2.00	0.00	0.00	100.00	7	12.00	0.00	659208	584452	0.22	18841.50	0.00	0.00	0	perf_experiment
10:04:43 AM	1006	220880	97.00	1.00	0.00	0.00	98.00	7	8204.00	0.00	659208	584452	0.22	18163.50	32768.00	0.00	2	perf_experiment
10:04:44 AM	1006	220880	97.00	3.00	0.00	0.00	100.00	7	9.00	0.00	659208	584452	0.22	18601.00	0.00	0.00	0	perf_experiment
10:04:45 AM	1006	220880	98.00	1.00	0.00	0.00	99.00	7	11.00	0.00	659208	584452	0.22	18963.00	0.00	0.00	0	perf_experiment
10:04:46 AM	1006	220880	97.00	2.00	0.00	0.00	99.00	7	8205.00	0.00	659208	584452	0.22	18102.00	32768.00	0.00	2	perf_experiment
10:04:47 AM	1006	220880	97.00	2.00	0.00	0.00	99.00	7	571.00	0.00	659208	584452	0.22	18805.50	0.00	0.00	0	perf_experiment
10:04:48 AM	1006	220880	96.00	4.00	0.00	0.00	100.00	7	35.00	0.00	659208	584452	0.22	19038.00	0.00	0.00	0	perf_experiment
10:04:49 AM	1006	220880	96.00	2.00	0.00	0.00	98.00	7	8206.00	0.00	659208	584452	0.22	18415.50	32768.00	0.00	2	perf_experiment
10:04:50 AM	1006	220880	100.00	0.00	0.00	0.00	100.00	7	13.00	0.00	659208	584452	0.22	19223.50	0.00	0.00	0	perf_experiment
10:04:51 AM	1006	220880	98.00	2.00	0.00	0.00	100.00	7	21.00	0.00	659208	584452	0.22	19096.50	0.00	0.00	0	perf_experiment
10:04:52 AM	1006	220880	100.00	1.00	0.00	0.00	101.00	7	22.00	0.00	659208	584460	0.22	19028.00	0.00	0.00	0	perf_experiment
10:04:53 AM	1006	220880	98.00	1.00	0.00	0.00	99.00	7	28.00	0.00	659208	584460	0.22	19106.50	0.00	0.00	0	perf_experiment
10:04:54 AM	1006	220880	93.00	6.00	0.00	0.00	99.00	7	8216.00	0.00	659208	584460	0.22	18269.00	32768.00	0.00	2	perf_experiment
10:04:55 AM	1006	220880	97.00	2.00	0.00	0.00	99.00	7	15.00	0.00	659208	584460	0.22	19257.00	0.00	0.00	0	perf_experiment
10:04:56 AM	1006	220880	99.00	2.00	0.00	0.00	101.00	7	11.00	0.00	659208	584460	0.22	18982.00	0.00	0.00	0	perf_experiment
10:04:57 AM	1006	220880	99.00	0.00	0.00	0.00	99.00	7	11.00	0.00	659208	584460	0.22	19049.00	0.00	0.00	0	perf_experiment
10:04:58 AM	1006	220880	95.00	3.00	0.00	0.00	98.00	7	8201.00	0.00	659208	584468	0.22	18155.00	32768.00	0.00	3	perf_experiment
10:04:59 AM	1006	220880	99.00	1.00	0.00	0.00	100.00	7	9.00	0.00	659208	584468	0.22	19051.00	0.00	0.00	0	perf_experiment
10:05:00 AM	1006	220880	97.00	3.00	0.00	0.00	100.00	7	10.00	0.00	659208	584468	0.22	19338.50	0.00	0.00	0	perf_experiment
10:05:01 AM	1006	220880	95.00	3.00	0.00	1.00	98.00	7	8212.00	0.00	659208	584468	0.22	18328.00	32768.00	0.00	2	perf_experiment
10:05:02 AM	1006	220880	99.00	0.00	0.00	0.00	99.00	7	8.00	0.00	659208	584468	0.22	19387.50	0.00	0.00	0	perf_experiment
10:05:03 AM	1006	220880	98.00	2.00	0.00	0.00	100.00	7	7.00	0.00	659208	584468	0.22	18970.50	0.00	0.00	0	perf_experiment
10:05:04 AM	1006	220880	94.00	4.00	0.00	0.00	98.00	7	8203.00	0.00	659208	584468	0.22	18462.50	32768.00	0.00	2	perf_experiment
10:05:05 AM	1006	220880	98.00	3.00	0.00	0.00	101.00	7	19.00	0.00	659208	584468	0.22	18970.50	0.00	0.00	0	perf_experiment
10:05:06 AM	1006	220880	99.00	1.00	0.00	0.00	100.00	7	19.00	0.00	659208	584468	0.22	18823.00	0.00	0.00	0	perf_experiment
10:05:07 AM	1006	220880	94.00	3.00	0.00	0.00	97.00	7	8210.00	0.00	659208	584468	0.22	18514.00	32768.00	0.00	2	perf_experiment
10:05:08 AM	1006	220880	99.00	1.00	0.00	0.00	100.00	7	5.00	0.00	659208	584468	0.22	19080.00	0.00	0.00	0	perf_experiment
10:05:09 AM	1006	220880	97.00	3.00	0.00	0.00	100.00	7	4.00	0.00	659208	584468	0.22	19025.00	0.00	0.00	0	perf_experiment
10:05:10 AM	1006	220880	100.00	1.00	0.00	0.00	101.00	7	11.00	0.00	659208	584468	0.22	19130.50	0.00	0.00	0	perf_experiment
10:05:11 AM	1006	220880	98.00	1.00	0.00	0.00	99.00	7	6.00	0.00	659208	584468	0.22	19111.00	0.00	0.00	0	perf_experiment
10:05:12 AM	1006	220880	95.00	3.00	0.00	0.00	98.00	7	8206.00	0.00	659208	584492	0.22	18606.00	32768.00	0.00	3	perf_experiment
10:05:13 AM	1006	220880	98.00	2.00	0.00	0.00	100.00	7	5.00	0.00	659208	584492	0.22	19211.50	0.00	0.00	0	perf_experiment
10:05:14 AM	1006	220880	98.00	2.00	0.00	0.00	100.00	7	15.00	0.00	659208	584492	0.22	19210.50	0.00	0.00	0	perf_experiment
10:05:15 AM	1006	220880	98.00	2.00	0.00	0.00	100.00	7	1.00	0.00	659208	584492	0.22	19051.50	0.00	0.00	0	perf_experiment
10:05:16 AM	1006	220880	96.00	2.00	0.00	0.00	98.00	7	8199.00	0.00	659208	584492	0.22	18427.50	32768.00	0.00	2	perf_experiment
10:05:17 AM	1006	220880	98.00	2.00	0.00	0.00	100.00	7	17.00	0.00	659208	584492	0.22	19060.50	0.00	0.00	0	perf_experiment
10:05:18 AM	1006	220880	100.00	0.00	0.00	0.00	100.00	7	4.00	0.00	659208	584492	0.22	18964.50	0.00	0.00	0	perf_experiment
10:05:19 AM	1006	220880	95.00	2.00	0.00	0.00	97.00	7	8197.00	0.00	659208	584492	0.22	18714.50	32768.00	0.00	2	perf_experiment
10:05:20 AM	1006	220880	99.00	2.00	0.00	0.00	101.00	7	5.00	0.00	659208	584492	0.22	19046.00	0.00	0.00	0	perf_experiment
10:05:21 AM	1006	220880	99.00	1.00	0.00	0.00	100.00	7	5.00	0.00	659208	584492	0.22	19104.00	0.00	0.00	0	perf_experiment
10:05:22 AM	1006	220880	98.00	2.00	0.00	0.00	100.00	7	6.00	0.00	659208	584492	0.22	19038.00	0.00	0.00	0	perf_experiment
10:05:23 AM	1006	220880	97.00	1.00	0.00	0.00	98.00	7	8207.00	0.00	659208	584492	0.22	18233.50	32768.00	0.00	2	perf_experiment
10:05:24 AM	1006	220880	99.00	1.00	0.00	0.00	100.00	7	4.00	0.00	659208	584492	0.22	19010.50	0.00	0.00	0	perf_experiment
10:05:25 AM	1006	220880	98.00	2.00	0.00	0.00	100.00	7	3.00	0.00	659208	584492	0.22	18938.50	0.00	0.00	0	perf_experiment
10:05:26 AM	1006	220880	95.00	2.00	0.00	0.00	97.00	7	8195.00	0.00	659208	584492	0.22	18272.00	32768.00	0.00	2	perf_experiment
10:05:27 AM	1006	220880	98.00	2.00	0.00	0.00	100.00	7	2.00	0.00	659208	584492	0.22	18957.50	0.00	0.00	0	perf_experiment
10:05:28 AM	1006	220880	98.00	3.00	0.00	0.00	101.00	7	4.00	0.00	659208	584492	0.22	19095.50	0.00	0.00	0	perf_experiment
10:05:29 AM	1006	220880	96.00	3.00	0.00	0.00	99.00	7	7.00	0.00	659208	584492	0.22	19075.50	0.00	0.00	0	perf_experiment
10:05:30 AM	1006	220880	95.00	3.00	0.00	0.00	98.00	7	1201.00	0.00	659208	584524	0.22	18489.50	32768.00	0.00	3	perf_experiment
10:05:31 AM	1006	220880	100.00	0.00	0.00	0.00	100.00	7	404.00	0.00	659208	584524	0.22	19035.50	0.00	0.00	0	perf_experiment
10:05:32 AM	1006	220880	98.00	2.00	0.00	0.00	100.00	7	217.00	0.00	659208	584524	0.22	19302.00	0.00	0.00	0	perf_experiment
10:05:33 AM	1006	220880	99.00	1.00	0.00	0.00	100.00	7	51.00	0.00	659208	584524	0.22	19019.00	0.00	0.00	0	perf_experiment
10:05:34 AM	1006	220880	97.00	3.00	0.00	0.00	100.00	7	63.00	0.00	659208	584524	0.22	18999.00	0.00	0.00	0	perf_experiment
10:05:35 AM	1006	220880	98.00	0.00	0.00	0.00	98.00	7	10381.00	0.00	659208	584524	0.22	18224.00	32768.00	0.00	2	perf_experiment
10:05:36 AM	1006	220880	98.00	1.00	0.00	0.00	99.00	7	2708.00	0.00	659208	584524	0.22	18745.50	0.00	0.00	0	perf_experiment
10:05:37 AM	1006	220880	99.00	1.00	0.00	0.00	100.00	7	2370.00	0.00	659208	584524	0.22	18700.50	0.00	0.00	0	perf_experiment
10:05:38 AM	1006	220880	96.00	2.00	0.00	0.00	98.00	7	8222.00	0.00	659208	584524	0.22	18146.00	32768.00	0.00	2	perf_experiment
10:05:39 AM	1006	220880	97.00	4.00	0.00	0.00	101.00	7	16.00	0.00	659208	584524	0.22	18704.00	0.00	0.00	0	perf_experiment
10:05:40 AM	1006	220880	97.00	2.00	0.00	0.00	99.00	7	11.00	0.00	659208	584524	0.22	18787.50	0.00	0.00	0	perf_experiment
10:05:41 AM	1006	220880	96.00	3.00	0.00	0.00	99.00	7	8210.00	0.00	659208	584524	0.22	18182.50	32768.00	0.00	2	perf_experiment
10:05:42 AM	1006	220880	96.00	3.00	0.00	0.00	99.00	7	11.00	0.00	659208	584524	0.22	18797.00	0.00	0.00	0	perf_experiment
10:05:43 AM	1006	220880	99.00	1.00	0.00	0.00	100.00	7	10.00	0.00	659208	584524	0.22	18738.00	0.00	0.00	0	perf_experiment
10:05:44 AM	1006	220880	95.00	3.00	0.00	0.00	98.00	7	6.00	0.00	659208	584524	0.22	18158.00	32768.00	0.00	3	perf_experiment
10:05:45 AM	1006	220880	96.00	4.00	0.00	0.00	100.00	7	16.00	0.00	659208	584524	0.22	18836.50	0.00	0.00	0	perf_experiment
10:05:46 AM	1006	220880	96.00	4.00	0.00	0.00	100.00	7	10.00	0.00	659208	584524	0.22	19182.50	0.00	0.00	0	perf_experiment
10:05:47 AM	1006	220880	99.00	1.00	0.00	0.00	100.00	7	12.00	0.00	659208	584524	0.22	19181.00	0.00	0.00	0	perf_experiment
10:05:48 AM	1006	220880	96.00	1.00	0.00	0.00	97.00	7	10.00	0.00	659208	584524	0.22	18586.50	32768.00	0.00	2	perf_experiment
10:05:49 AM	1006	220880	98.00	3.00	0.00	0.00	101.00	7	1451.00	0.00	659208	584548	0.22	18986.00	0.00	0.00	0	perf_experiment
10:05:50 AM	1006	220880	98.00	2.00	0.00	0.00	100.00	7	1781.00	0.00	659208	584548	0.22	19122.00	0.00	0.00	0	perf_experiment
10:05:51 AM	1006	220880	98.00	1.00	0.00	0.00	99.00	7	1746.00	0.00	659208	584548	0.22	19201.50	0.00	0.00	0	perf_experiment
10:05:52 AM	1006	220880	97.03	2.97	0.00	0.00	100.00	7	1781.19	0.00	659208	584548	0.22	19200.99	0.00	0.00	0	perf_experiment
10:05:53 AM	1006	220880	93.00	4.00	0.00	0.00	97.00	7	9970.00	0.00	659208	584548	0.22	18724.00	32768.00	0.00	2	perf_experiment
10:05:54 AM	1006	220880	100.00	1.00	0.00	0.00	101.00	7	2665.00	0.00	659208	584548	0.22	19089.50	0.00	0.00	0	perf_experiment
10:05:55 AM	1006	220880	98.00	2.00	0.00	0.00	100.00	7	2677.00	0.00	659208	584564	0.22	19153.00	0.00	0.00	0	perf_experiment
10:05:56 AM	1006	220880	95.00	2.00	0.00	0.00	97.00	7	10159.00	0.00	659208	584564	0.22	18419.50	32768.00	0.00	2	perf_experiment
10:05:57 AM	1006	220880	97.00	3.00	0.00	0.00	100.00	7	14.00	0.00	659208	584564	0.22	19260.50	0.00	0.00	0	perf_experiment
10:05:58 AM	1006	220880	98.00	3.00	0.00	0.00	101.00	7	18.00	0.00	659208	584564	0.22	18962.50	0.00	0.00	0	perf_experiment
10:05:59 AM	1006	220880	95.00	2.00	0.00	0.00	97.00	7	8222.00	0.00	659320	584572	0.22	18456.50	32768.00	0.00	3	perf_experiment
10:06:00 AM	1006	220880	98.00	2.00	0.00	0.00	100.00	7	10.00	0.00	659320	584572	0.22	18778.50	0.00	0.00	0	perf_experiment
10:06:01 AM	1006	220880	98.00	2.00	0.00	0.00	100.00	7	7.00	0.00	659320	584572	0.22	18854.00	0.00	0.00	0	perf_experiment
10:06:02 AM	1006	220880	98.00	2.00	0.00	0.00	100.00	7	7.00	0.00	659320	584572	0.22	19082.50	0.00	0.00	0	perf_experiment
10:06:03 AM	1006	220880	96.00	2.00	0.00	0.00	98.00	7	8204.00	0.00	659320	584580	0.22	18077.50	32768.00	0.00	2	perf_experiment
10:06:04 AM	1006	220880	97.00	3.00	0.00	0.00	100.00	7	16.00	0.00	659320	584580	0.22	18672.00	0.00	0.00	0	perf_experiment
10:06:05 AM	1006	220880	99.00	1.00	0.00	0.00	100.00	7	5.00	0.00	659320	584580	0.22	19317.00	0.00	0.00	0	perf_experiment
10:06:06 AM	1006	220880	96.00	2.00	0.00	0.00	98.00	7	8211.00	0.00	659320	584580	0.22	18332.50	32768.00	0.00	2	perf_experiment
10:06:07 AM	1006	220880	99.00	0.00	0.00	0.00	99.00	7	3.00	0.00	659320	584580	0.22	19229.00	0.00	0.00	0	perf_experiment
10:06:08 AM	1006	220880	99.00	2.00	0.00	0.00	101.00	7	5.00	0.00	659320	584580	0.22	19268.50	0.00	0.00	0	perf_experiment
10:06:09 AM	1006	220880	99.00	1.00	0.00	0.00	100.00	7	4.00	0.00	659320	584580	0.22	19236.50	0.00	0.00	0	perf_experiment
10:06:10 AM	1006	220880	96.00	4.00	0.00	0.00	100.00	7	4.00	0.00	659320	584580	0.22	19197.00	0.00	0.00	0	perf_experiment
10:06:11 AM	1006	220880	95.00	2.00	0.00	0.00	97.00	7	1190.00	0.00	659320	584580	0.22	18558.00	32768.00	0.00	2	perf_experiment
10:06:12 AM	1006	220880	99.00	2.00	0.00	0.00	101.00	7	6.00	0.00	659320	584580	0.22	19122.00	0.00	0.00	0	perf_experiment
10:06:13 AM	1006	220880	98.00	1.00	0.00	0.00	99.00	7	12.00	0.00	659320	584580	0.22	18821.50	0.00	0.00	0	perf_experiment
10:06:14 AM	1006	220880	97.00	3.00	0.00	0.00	100.00	7	13.00	0.00	659320	584580	0.22	18854.00	0.00	0.00	0	perf_experiment
10:06:15 AM	1006	220880	96.00	2.00	0.00	0.00	98.00	7	12.00	0.00	659320	584580	0.22	18130.50	32768.00	0.00	2	perf_experiment
10:06:16 AM	1006	220880	99.00	1.00	0.00	0.00	100.00	7	11.00	0.00	659320	584580	0.22	18676.00	0.00	0.00	0	perf_experiment
10:06:17 AM	1006	220880	98.00	2.00	0.00	0.00	100.00	7	10.00	0.00	659320	584588	0.22	18780.50	0.00	0.00	0	perf_experiment
10:06:18 AM	1006	220880	95.00	2.00	0.00	0.00	97.00	7	8.00	0.00	659320	584588	0.22	18211.00	32768.00	0.00	3	perf_experiment
10:06:19 AM	1006	220880	99.00	2.00	0.00	0.00	101.00	7	7.00	0.00	659320	584588	0.22	18826.00	0.00	0.00	0	perf_experiment
10:06:20 AM	1006	220880	99.00	1.00	0.00	0.00	100.00	7	6.00	0.00	659320	584588	0.22	18788.50	0.00	0.00	0	perf_experiment
10:06:21 AM	1006	220880	95.00	2.00	0.00	0.00	97.00	7	7.00	0.00	659320	584588	0.22	18206.50	32768.00	0.00	2	perf_experiment
10:06:22 AM	1006	220880	99.00	2.00	0.00	0.00	101.00	7	9.00	0.00	659320	584588	0.22	18710.00	0.00	0.00	0	perf_experiment
10:06:23 AM	1006	220880	98.00	1.00	0.00	0.00	99.00	7	9.00	0.00	659320	584588	0.22	18860.00	0.00	0.00	0	perf_experiment
10:06:24 AM	1006	220880	97.00	2.00	0.00	0.00	99.00	7	636.00	0.00	659320	584588	0.22	18434.00	32768.00	0.00	2	perf_experiment
10:06:25 AM	1006	220880	100.00	0.00	0.00	0.00	100.00	7	2.00	0.00	659320	584588	0.22	18971.00	0.00	0.00	0	perf_experiment
10:06:26 AM	1006	220880	99.00	0.00	0.00	0.00	99.00	7	1115.00	0.00	659320	584588	0.22	18964.50	0.00	0.00	0	perf_experiment
10:06:27 AM	1006	220880	99.00	1.00	0.00	0.00	100.00	7	1887.00	0.00	659320	584588	0.22	19077.50	0.00	0.00	0	perf_experiment
10:06:28 AM	1006	220880	98.00	3.00	0.00	0.00	101.00	7	1884.00	0.00	659320	584620	0.22	19005.00	0.00	0.00	0	perf_experiment
10:06:29 AM	1006	220880	96.00	1.00	0.00	0.00	97.00	7	1195.00	0.00	659320	584620	0.22	18596.50	32768.00	0.00	3	perf_experiment
10:06:30 AM	1006	220880	98.00	3.00	0.00	0.00	101.00	7	112.00	0.00	659320	584620	0.22	19003.50	0.00	0.00	0	perf_experiment
10:06:31 AM	1006	220880	97.00	2.00	0.00	0.00	99.00	7	111.00	0.00	659320	584620	0.22	19325.50	0.00	0.00	0	perf_experiment
10:06:32 AM	1006	220880	98.00	2.00	0.00	0.00	100.00	7	165.00	0.00	659320	584620	0.22	18661.00	0.00	0.00	0	perf_experiment
10:06:33 AM	1006	220880	96.00	2.00	0.00	0.00	98.00	7	91.00	0.00	659320	584620	0.22	18263.50	32768.00	0.00	2	perf_experiment
10:06:34 AM	1006	220880	99.00	0.00	0.00	0.00	99.00	7	45.00	0.00	659320	584620	0.22	18775.50	0.00	0.00	0	perf_experiment
10:06:35 AM	1006	220880	97.00	4.00	0.00	0.00	101.00	7	11.00	0.00	659320	584620	0.22	18745.50	0.00	0.00	0	perf_experiment
10:06:36 AM	1006	220880	96.00	2.00	0.00	0.00	98.00	7	11.00	0.00	659320	584620	0.22	18308.00	32768.00	0.00	2	perf_experiment
10:06:37 AM	1006	220880	98.00	1.00	0.00	0.00	99.00	7	15.00	0.00	659320	584620	0.22	18836.50	0.00	0.00	0	perf_experiment
10:06:38 AM	1006	220880	99.00	2.00	0.00	0.00	101.00	7	15.00	0.00	659320	584620	0.22	18685.50	0.00	0.00	0	perf_experiment
10:06:39 AM	1006	220880	95.00	2.00	0.00	0.00	97.00	7	11.00	0.00	659320	584620	0.22	18158.50	32768.00	0.00	3	perf_experiment
10:06:40 AM	1006	220880	97.00	3.00	0.00	0.00	100.00	7	9.00	0.00	659320	584620	0.22	18860.50	0.00	0.00	0	perf_experiment
10:06:41 AM	1006	220880	98.00	2.00	0.00	0.00	100.00	7	7.00	0.00	659320	584620	0.22	18685.00	0.00	0.00	0	perf_experiment
10:06:42 AM	1006	220880	99.00	1.00	0.00	0.00	100.00	7	15.00	0.00	659320	584620	0.22	18826.00	0.00	0.00	0	perf_experiment
10:06:43 AM	1006	220880	96.00	2.00	0.00	0.00	98.00	7	4.00	0.00	659320	584620	0.22	18448.00	32768.00	0.00	2	perf_experiment
10:06:44 AM	1006	220880	97.00	3.00	0.00	0.00	100.00	7	2.00	0.00	659320	584620	0.22	19230.50	0.00	0.00	0	perf_experiment
10:06:45 AM	1006	220880	97.00	2.00	0.00	0.00	99.00	7	1.00	0.00	659320	584660	0.22	18941.50	0.00	0.00	0	perf_experiment
10:06:46 AM	1006	220880	100.00	1.00	0.00	0.00	101.00	7	346.00	0.00	659320	584660	0.22	18955.00	0.00	0.00	0	perf_experiment
10:06:47 AM	1006	220880	95.00	2.00	0.00	0.00	97.00	7	9910.00	0.00	659320	584660	0.22	18776.00	32768.00	0.00	2	perf_experiment
10:06:48 AM	1006	220880	100.00	1.00	0.00	0.00	101.00	7	1747.00	0.00	659320	584660	0.22	19026.50	0.00	0.00	0	perf_experiment
10:06:49 AM	1006	220880	98.00	1.00	0.00	0.00	99.00	7	1765.00	0.00	659448	584716	0.22	18840.00	0.00	0.00	0	perf_experiment
10:06:50 AM	1006	220880	100.00	0.00	0.00	0.00	100.00	7	1750.00	0.00	659448	584716	0.22	19213.50	0.00	0.00	0	perf_experiment
10:06:51 AM	1006	220880	98.00	2.00	0.00	0.00	100.00	7	2347.00	0.00	659448	584716	0.22	18720.00	0.00	0.00	0	perf_experiment
10:06:52 AM	1006	220880	95.00	3.00	0.00	0.00	98.00	7	8442.00	0.00	659448	584716	0.22	18111.50	32768.00	0.00	3	perf_experiment
10:06:53 AM	1006	220880	99.00	0.00	0.00	0.00	99.00	7	1.00	0.00	659448	584716	0.22	18778.50	0.00	0.00	0	perf_experiment
10:06:54 AM	1006	220880	98.00	2.00	0.00	0.00	100.00	7	3.00	0.00	659448	584716	0.22	18743.50	0.00	0.00	0	perf_experiment
10:06:55 AM	1006	220880	97.00	2.00	0.00	0.00	99.00	7	8194.00	0.00	659448	584716	0.22	18149.00	32768.00	0.00	2	perf_experiment
10:06:56 AM	1006	220880	98.00	2.00	0.00	0.00	100.00	7	1.00	0.00	659448	584716	0.22	18864.00	0.00	0.00	0	perf_experiment
10:06:57 AM	1006	220880	98.00	2.00	0.00	0.00	100.00	7	2.00	0.00	659448	584716	0.22	18662.50	0.00	0.00	0	perf_experiment
10:06:58 AM	1006	220880	96.00	2.00	0.00	0.00	98.00	7	8203.00	0.00	659448	584716	0.22	18267.50	32768.00	0.00	2	perf_experiment
10:06:59 AM	1006	220880	96.00	4.00	0.00	0.00	100.00	7	13.00	0.00	659448	584716	0.22	18995.00	0.00	0.00	0	perf_experiment
10:07:00 AM	1006	220880	99.00	1.00	0.00	0.00	100.00	7	13.00	0.00	659448	584716	0.22	18666.50	0.00	0.00	0	perf_experiment
10:07:01 AM	1006	220880	96.00	2.00	0.00	0.00	98.00	7	3089.00	0.00	659448	584716	0.22	18154.00	32768.00	0.00	2	perf_experiment
10:07:02 AM	1006	220880	99.00	1.00	0.00	0.00	100.00	7	8.00	0.00	659448	584716	0.22	19020.50	0.00	0.00	0	perf_experiment
10:07:03 AM	1006	220880	97.00	3.00	0.00	0.00	100.00	7	4.00	0.00	659448	584716	0.22	19096.50	0.00	0.00	0	perf_experiment
10:07:04 AM	1006	220880	97.00	2.00	0.00	0.00	99.00	7	9.00	0.00	659448	584716	0.22	19161.00	0.00	0.00	0	perf_experiment
10:07:05 AM	1006	220880	95.00	3.00	0.00	0.00	98.00	7	8203.00	0.00	659448	584716	0.22	18575.50	32768.00	0.00	2	perf_experiment
10:07:06 AM	1006	220880	99.00	2.00	0.00	0.00	101.00	7	23.00	0.00	659448	584716	0.22	18992.50	0.00	0.00	0	perf_experiment
10:07:07 AM	1006	220880	97.00	2.00	0.00	0.00	99.00	7	7.00	0.00	659448	584716	0.22	19127.50	0.00	0.00	0	perf_experiment
10:07:08 AM	1006	220880	97.00	4.00	0.00	0.00	101.00	7	9.00	0.00	659448	584716	0.22	18936.50	0.00	0.00	0	perf_experiment
10:07:09 AM	1006	220880	98.00	2.00	0.00	0.00	100.00	7	5.00	0.00	659448	584716	0.22	19207.00	0.00	0.00	0	perf_experiment
10:07:10 AM	1006	220880	95.00	2.00	0.00	0.00	97.00	7	8201.00	0.00	659448	584732	0.22	18248.50	32768.00	0.00	3	perf_experiment
10:07:11 AM	1006	220880	97.00	3.00	0.00	0.00	100.00	7	15.00	0.00	659448	584732	0.22	18907.50	0.00	0.00	0	perf_experiment
10:07:12 AM	1006	220880	98.00	2.00	0.00	0.00	100.00	7	17.00	0.00	659448	584732	0.22	18764.50	0.00	0.00	0	perf_experiment
10:07:13 AM	1006	220880	95.00	3.00	0.00	0.00	98.00	7	8203.00	0.00	659448	584732	0.22	18090.00	32768.00	0.00	2	perf_experiment
10:07:14 AM	1006	220880	99.00	1.00	0.00	0.00	100.00	7	8.00	0.00	659448	584732	0.22	18867.50	0.00	0.00	0	perf_experiment
10:07:15 AM	1006	220880	98.00	2.00	0.00	0.00	100.00	7	9.00	0.00	659448	584732	0.22	18706.50	0.00	0.00	0	perf_experiment
10:07:16 AM	1006	220880	96.00	2.00	0.00	0.00	98.00	7	8203.00	0.00	659448	584732	0.22	18449.00	32768.00	0.00	2	perf_experiment
10:07:17 AM	1006	220880	97.00	3.00	0.00	0.00	100.00	7	18.00	0.00	659448	584732	0.22	18723.00	0.00	0.00	0	perf_experiment
10:07:18 AM	1006	220880	98.00	2.00	0.00	0.00	100.00	7	17.00	0.00	659448	584732	0.22	18680.50	0.00	0.00	0	perf_experiment
10:07:19 AM	1006	220880	97.00	2.00	0.00	0.00	99.00	7	9.00	0.00	659448	584732	0.22	18821.00	0.00	0.00	0	perf_experiment
10:07:20 AM	1006	220880	95.00	4.00	0.00	0.00	99.00	7	6555.00	0.00	659448	584732	0.22	18197.00	32768.00	0.00	2	perf_experiment
10:07:21 AM	1006	220880	98.00	2.00	0.00	0.00	100.00	7	8.00	0.00	659448	584732	0.22	18828.00	0.00	0.00	0	perf_experiment
10:07:22 AM	1006	220880	99.00	0.00	0.00	0.00	99.00	7	5.00	0.00	659448	584732	0.22	19012.50	0.00	0.00	0	perf_experiment
10:07:23 AM	1006	220880	99.00	2.00	0.00	0.00	101.00	7	12.00	0.00	659448	584732	0.22	19124.50	0.00	0.00	0	perf_experiment
10:07:24 AM	1006	220880	96.00	2.00	0.00	0.00	98.00	7	11.00	0.00	659448	584732	0.22	18525.50	32768.00	0.00	2	perf_experiment
10:07:25 AM	1006	220880	98.00	1.00	0.00	0.00	99.00	7	10.00	0.00	659448	584732	0.22	19147.50	0.00	0.00	0	perf_experiment
10:07:26 AM	1006	220880	98.00	2.00	0.00	0.00	100.00	7	6.00	0.00	659448	584732	0.22	19105.50	0.00	0.00	0	perf_experiment
10:07:27 AM	1006	220880	96.00	4.00	0.00	0.00	100.00	7	731.00	0.00	659448	584732	0.22	19034.50	0.00	0.00	0	perf_experiment
10:07:28 AM	1006	220880	95.00	3.00	0.00	0.00	98.00	7	171.00	0.00	659448	584732	0.22	18556.50	32768.00	0.00	3	perf_experiment
10:07:29 AM	1006	220880	98.00	2.00	0.00	0.00	100.00	7	193.00	0.00	659448	584732	0.22	18888.00	0.00	0.00	0	perf_experiment
10:07:30 AM	1006	220880	98.00	2.00	0.00	0.00	100.00	7	260.00	0.00	659448	584732	0.22	18780.00	0.00	0.00	0	perf_experiment
10:07:31 AM	1006	220880	98.00	2.00	0.00	0.00	100.00	7	268.00	0.00	659448	584732	0.22	18684.00	0.00	0.00	0	perf_experiment
10:07:32 AM	1006	220880	96.00	2.00	0.00	0.00	98.00	7	7214.00	0.00	659448	584732	0.22	18193.00	32768.00	0.00	2	perf_experiment
10:07:33 AM	1006	220880	99.00	1.00	0.00	0.00	100.00	7	124.00	0.00	659448	584756	0.22	18798.00	0.00	0.00	0	perf_experiment
10:07:34 AM	1006	220880	96.00	3.00	0.00	0.00	99.00	7	18.00	0.00	659448	584756	0.22	18841.50	0.00	0.00	0	perf_experiment
10:07:35 AM	1006	220880	97.00	2.00	0.00	0.00	99.00	7	8205.00	0.00	659448	584756	0.22	18204.50	32768.00	0.00	2	perf_experiment
10:07:36 AM	1006	220880	98.00	2.00	0.00	0.00	100.00	7	14.00	0.00	659448	584756	0.22	18827.50	0.00	0.00	0	perf_experiment
10:07:37 AM	1006	220880	98.00	2.00	0.00	0.00	100.00	7	4.00	0.00	659448	584756	0.22	18611.00	0.00	0.00	0	perf_experiment
10:07:38 AM	1006	220880	95.00	2.00	0.00	1.00	97.00	7	8201.00	0.00	659448	584756	0.22	18347.00	32768.00	0.00	2	perf_experiment
10:07:39 AM	1006	220880	98.00	2.00	0.00	0.00	100.00	7	2.00	0.00	659448	584756	0.22	18821.50	0.00	0.00	0	perf_experiment
10:07:40 AM	1006	220880	98.00	2.00	0.00	0.00	100.00	7	2.00	0.00	659448	584756	0.22	18804.00	0.00	0.00	0	perf_experiment
10:07:41 AM	1006	220880	99.00	2.00	0.00	0.00	101.00	7	9.00	0.00	659448	584756	0.22	19046.50	0.00	0.00	0	perf_experiment
10:07:42 AM	1006	220880	96.00	2.00	0.00	0.00	98.00	7	8201.00	0.00	659448	584756	0.22	18471.00	32768.00	0.00	2	perf_experiment
10:07:43 AM	1006	220880	98.00	2.00	0.00	0.00	100.00	7	6.00	0.00	659448	584756	0.22	19184.00	0.00	0.00	0	perf_experiment
10:07:44 AM	1006	220880	97.00	3.00	0.00	0.00	100.00	7	2.00	0.00	659448	584756	0.22	18992.00	0.00	0.00	0	perf_experiment
10:07:45 AM	1006	220880	97.00	3.00	0.00	0.00	100.00	7	1.00	0.00	659448	584756	0.22	19081.50	0.00	0.00	0	perf_experiment
10:07:46 AM	1006	220880	94.00	4.00	0.00	0.00	98.00	7	1.00	0.00	659448	584756	0.22	18390.50	32768.00	0.00	2	perf_experiment
10:07:47 AM	1006	220880	98.00	1.00	0.00	0.00	99.00	7	12.00	0.00	659448	584756	0.22	19030.00	0.00	0.00	0	perf_experiment
10:07:48 AM	1006	220880	98.02	0.99	0.00	0.00	99.01	7	7.92	0.00	659448	584756	0.22	18880.20	0.00	0.00	0	perf_experiment
10:07:49 AM	1006	220880	97.00	3.00	0.00	0.00	100.00	7	3.00	0.00	659448	584756	0.22	18737.50	0.00	0.00	0	perf_experiment
10:07:50 AM	1006	220880	96.00	2.00	0.00	0.00	98.00	7	8846.00	0.00	659448	584776	0.22	18233.00	32768.00	0.00	2	perf_experiment
10:07:51 AM	1006	220880	98.00	2.00	0.00	0.00	100.00	7	2607.00	0.00	659448	584776	0.22	18746.50	0.00	0.00	0	perf_experiment
10:07:52 AM	1006	220880	99.00	1.00	0.00	0.00	100.00	7	2615.00	0.00	659448	584792	0.22	18772.00	0.00	0.00	0	perf_experiment
10:07:53 AM	1006	220880	97.00	2.00	0.00	0.00	99.00	7	10543.00	0.00	659448	584792	0.22	18103.00	32768.00	0.00	2	perf_experiment
10:07:54 AM	1006	220880	97.00	2.00	0.00	0.00	99.00	7	17.00	0.00	659448	584792	0.22	18797.00	0.00	0.00	0	perf_experiment
10:07:55 AM	1006	220880	99.00	2.00	0.00	0.00	101.00	7	15.00	0.00	659448	584792	0.22	18737.00	0.00	0.00	0	perf_experiment
10:07:56 AM	1006	220880	98.00	1.00	0.00	0.00	99.00	7	6.00	0.00	659448	584792	0.22	18751.00	0.00	0.00	0	perf_experiment
10:07:57 AM	1006	220880	97.00	1.00	0.00	0.00	98.00	7	8213.00	0.00	659448	584792	0.22	18138.50	32768.00	0.00	3	perf_experiment
10:07:58 AM	1006	220880	98.00	2.00	0.00	0.00	100.00	7	8.00	0.00	659448	584792	0.22	18851.00	0.00	0.00	0	perf_experiment
10:07:59 AM	1006	220880	98.00	2.00	0.00	0.00	100.00	7	23.00	0.00	659448	584800	0.22	18706.00	0.00	0.00	0	perf_experiment
10:08:00 AM	1006	220880	95.00	3.00	0.00	0.00	98.00	7	8210.00	0.00	659448	584800	0.22	18470.00	32768.00	0.00	2	perf_experiment
10:08:01 AM	1006	220880	99.00	1.00	0.00	0.00	100.00	7	12.00	0.00	659448	584800	0.22	18956.00	0.00	0.00	0	perf_experiment
10:08:02 AM	1006	220880	97.00	3.00	0.00	0.00	100.00	7	7.00	0.00	659448	584800	0.22	19236.00	0.00	0.00	0	perf_experiment
10:08:03 AM	1006	220880	98.00	2.00	0.00	0.00	100.00	7	4.00	0.00	659448	584800	0.22	19083.50	0.00	0.00	0	perf_experiment
10:08:04 AM	1006	220880	99.00	1.00	0.00	0.00	100.00	7	4.00	0.00	659448	584800	0.22	19158.00	0.00	0.00	0	perf_experiment
10:08:05 AM	1006	220880	96.00	1.00	0.00	0.00	97.00	7	8198.00	0.00	659448	584800	0.22	18266.00	32768.00	0.00	2	perf_experiment
10:08:06 AM	1006	220880	97.00	4.00	0.00	0.00	101.00	7	6.00	0.00	659448	584800	0.22	18933.50	0.00	0.00	0	perf_experiment
10:08:07 AM	1006	220880	97.00	3.00	0.00	0.00	100.00	7	31.00	0.00	659448	584800	0.22	19028.00	0.00	0.00	0	perf_experiment
10:08:08 AM	1006	220880	99.00	0.00	0.00	0.00	99.00	7	23.00	0.00	659448	584800	0.22	18914.50	0.00	0.00	0	perf_experiment
10:08:09 AM	1006	220880	93.00	5.00	0.00	0.00	98.00	7	8212.00	0.00	659448	584800	0.22	18056.00	32768.00	0.00	3	perf_experiment
10:08:10 AM	1006	220880	98.00	3.00	0.00	0.00	101.00	7	8.00	0.00	659448	584800	0.22	18837.50	0.00	0.00	0	perf_experiment
10:08:11 AM	1006	220880	98.00	1.00	0.00	0.00	99.00	7	7.00	0.00	659448	584800	0.22	18943.00	0.00	0.00	0	perf_experiment
10:08:12 AM	1006	220880	97.00	1.00	0.00	0.00	98.00	7	1203.00	0.00	659580	584832	0.22	18074.00	32768.00	0.00	2	perf_experiment
10:08:13 AM	1006	220880	98.00	2.00	0.00	0.00	100.00	7	6.00	0.00	659580	584832	0.22	18850.50	0.00	0.00	0	perf_experiment
10:08:14 AM	1006	220880	99.00	1.00	0.00	0.00	100.00	7	6.00	0.00	659580	584832	0.22	18858.50	0.00	0.00	0	perf_experiment
10:08:15 AM	1006	220880	96.00	2.00	0.00	0.00	98.00	7	6.00	0.00	659580	584832	0.22	18130.50	32768.00	0.00	2	perf_experiment
10:08:16 AM	1006	220880	97.00	2.00	0.00	0.00	99.00	7	6.00	0.00	659580	584832	0.22	18879.50	0.00	0.00	0	perf_experiment
10:08:17 AM	1006	220880	99.00	1.00	0.00	0.00	100.00	7	13.00	0.00	659580	584832	0.22	18789.00	0.00	0.00	0	perf_experiment
10:08:18 AM	1006	220880	95.00	3.00	0.00	0.00	98.00	7	14.00	0.00	659580	584832	0.22	18253.00	32768.00	0.00	2	perf_experiment
10:08:19 AM	1006	220880	98.00	3.00	0.00	0.00	101.00	7	4.00	0.00	659580	584832	0.22	19042.00	0.00	0.00	0	perf_experiment
10:08:20 AM	1006	220880	98.00	2.00	0.00	0.00	100.00	7	3.00	0.00	659580	584832	0.22	18987.00	0.00	0.00	0	perf_experiment
10:08:21 AM	1006	220880	96.00	3.00	0.00	0.00	99.00	7	5.00	0.00	659580	584832	0.22	19010.00	0.00	0.00	0	perf_experiment
10:08:22 AM	1006	220880	97.00	3.00	0.00	0.00	100.00	7	6.00	0.00	659580	584848	0.22	19089.00	0.00	0.00	0	perf_experiment
10:08:23 AM	1006	220880	94.00	4.00	0.00	0.00	98.00	7	4.00	0.00	659580	584848	0.22	18563.50	32768.00	0.00	3	perf_experiment
10:08:24 AM	1006	220880	98.00	2.00	0.00	0.00	100.00	7	8.00	0.00	659580	584848	0.22	19119.50	0.00	0.00	0	perf_experiment
10:08:25 AM	1006	220880	97.00	3.00	0.00	0.00	100.00	7	9.00	0.00	659580	584848	0.22	19198.50	0.00	0.00	0	perf_experiment
10:08:26 AM	1006	220880	98.00	2.00	0.00	0.00	100.00	7	9.00	0.00	659580	584848	0.22	19129.00	0.00	0.00	0	perf_experiment
10:08:27 AM	1006	220880	94.00	3.00	0.00	0.00	97.00	7	2127.00	0.00	659580	584856	0.22	18009.50	32768.00	0.00	3	perf_experiment
10:08:28 AM	1006	220880	98.00	2.00	0.00	0.00	100.00	7	2958.00	0.00	659580	584856	0.22	18630.50	0.00	0.00	0	perf_experiment
10:08:29 AM	1006	220880	97.00	3.00	0.00	0.00	100.00	7	2973.00	0.00	659580	584856	0.22	18882.50	0.00	0.00	0	perf_experiment
10:08:30 AM	1006	220880	94.00	4.00	0.00	0.00	98.00	7	2611.00	0.00	659580	584856	0.22	18051.00	32768.00	0.00	2	perf_experiment
10:08:31 AM	1006	220880	97.00	2.00	0.00	0.00	99.00	7	334.00	0.00	659580	584856	0.22	18801.50	0.00	0.00	0	perf_experiment
10:08:32 AM	1006	220880	98.00	3.00	0.00	0.00	101.00	7	175.00	0.00	659580	584856	0.22	19038.50	0.00	0.00	0	perf_experiment
10:08:33 AM	1006	220880	98.00	2.00	0.00	0.00	100.00	7	64.00	0.00	659580	584856	0.22	18939.00	0.00	0.00	0	perf_experiment
10:08:34 AM	1006	220880	94.00	2.00	0.00	0.00	96.00	7	9.00	0.00	659580	584856	0.22	18583.50	32768.00	0.00	3	perf_experiment
10:08:35 AM	1006	220880	97.00	4.00	0.00	0.00	101.00	7	11.00	0.00	659580	584856	0.22	19062.50	0.00	0.00	0	perf_experiment
10:08:36 AM	1006	220880	98.00	2.00	0.00	0.00	100.00	7	5.00	0.00	659580	584856	0.22	19209.00	0.00	0.00	0	perf_experiment
10:08:37 AM	1006	220880	99.00	1.00	0.00	0.00	100.00	7	11.00	0.00	659580	584856	0.22	19180.00	0.00	0.00	0	perf_experiment
10:08:38 AM	1006	220880	99.00	1.00	0.00	0.00	100.00	7	15.00	0.00	659580	584856	0.22	19215.00	0.00	0.00	0	perf_experiment
10:08:39 AM	1006	220880	96.00	1.00	0.00	0.00	97.00	7	8.00	0.00	659580	584856	0.22	18563.00	32768.00	0.00	2	perf_experiment
10:08:40 AM	1006	220880	98.00	3.00	0.00	0.00	101.00	7	11.00	0.00	659580	584856	0.22	19557.00	0.00	0.00	0	perf_experiment
10:08:41 AM	1006	220880	97.00	2.00	0.00	0.00	99.00	7	2.00	0.00	659580	584856	0.22	19066.00	0.00	0.00	0	perf_experiment
10:08:42 AM	1006	220880	99.00	1.00	0.00	0.00	100.00	7	2.00	0.00	659580	584856	0.22	19039.00	0.00	0.00	0	perf_experiment
10:08:43 AM	1006	220880	97.00	1.00	0.00	0.00	98.00	7	2.00	0.00	659580	584856	0.22	18483.00	32768.00	0.00	3	perf_experiment
10:08:44 AM	1006	220880	99.00	1.00	0.00	0.00	100.00	7	2.00	0.00	659580	584856	0.22	19306.00	0.00	0.00	0	perf_experiment
10:08:45 AM	1006	220880	99.00	1.00	0.00	0.00	100.00	7	4.00	0.00	659580	584856	0.22	19056.00	0.00	0.00	0	perf_experiment
10:08:46 AM	1006	220880	98.00	2.00	0.00	0.00	100.00	7	8.00	0.00	659580	584856	0.22	19145.50	0.00	0.00	0	perf_experiment
10:08:47 AM	1006	220880	98.00	2.00	0.00	0.00	100.00	7	793.00	0.00	659580	584856	0.22	18966.00	0.00	0.00	0	perf_experiment
10:08:48 AM	1006	220880	96.00	2.00	0.00	0.00	98.00	7	9894.00	0.00	659580	584856	0.22	18409.00	32768.00	0.00	1	perf_experiment
10:08:49 AM	1006	220880	98.00	2.00	0.00	0.00	100.00	7	2617.00	0.00	659580	584880	0.22	18794.00	0.00	0.00	0	perf_experiment
10:08:50 AM	1006	220880	96.00	4.00	0.00	0.00	100.00	7	2608.00	0.00	659580	584880	0.22	18786.00	0.00	0.00	0	perf_experiment
10:08:51 AM	1006	220880	94.00	4.00	0.00	0.00	98.00	7	10579.00	0.00	659580	584880	0.22	18115.00	32768.00	0.00	3	perf_experiment
10:08:52 AM	1006	220880	98.00	2.00	0.00	0.00	100.00	7	9.00	0.00	659580	584880	0.22	18843.50	0.00	0.00	0	perf_experiment
10:08:53 AM	1006	220880	97.00	3.00	0.00	0.00	100.00	7	15.00	0.00	659580	584880	0.22	18746.00	0.00	0.00	0	perf_experiment
10:08:54 AM	1006	220880	98.00	3.00	0.00	0.00	101.00	7	6.00	0.00	659580	584912	0.22	18802.00	0.00	0.00	0	perf_experiment
10:08:55 AM	1006	220880	96.00	1.00	0.00	0.00	97.00	7	8195.00	0.00	659580	584912	0.22	18647.50	32768.00	0.00	2	perf_experiment
10:08:56 AM	1006	220880	99.00	1.00	0.00	0.00	100.00	7	3.00	0.00	659580	584912	0.22	19120.50	0.00	0.00	0	perf_experiment
10:08:57 AM	1006	220880	98.00	2.00	0.00	0.00	100.00	7	2.00	0.00	659580	584912	0.22	19032.00	0.00	0.00	0	perf_experiment
10:08:58 AM	1006	220880	99.00	1.00	0.00	0.00	100.00	7	4.00	0.00	659580	584912	0.22	19170.00	0.00	0.00	0	perf_experiment
10:08:59 AM	1006	220880	97.00	1.00	0.00	0.00	98.00	7	8201.00	0.00	659580	584912	0.22	18696.50	32768.00	0.00	2	perf_experiment
10:09:00 AM	1006	220880	99.00	1.00	0.00	0.00	100.00	7	3.00	0.00	659580	584912	0.22	18982.50	0.00	0.00	0	perf_experiment
10:09:01 AM	1006	220880	99.00	1.00	0.00	0.00	100.00	7	1.00	0.00	659580	584912	0.22	19242.50	0.00	0.00	0	perf_experiment
10:09:02 AM	1006	220880	97.00	3.00	0.00	0.00	100.00	7	2.00	0.00	659580	584912	0.22	19221.00	0.00	0.00	0	perf_experiment
10:09:03 AM	1006	220880	98.00	3.00	0.00	0.00	101.00	7	5.00	0.00	659580	584912	0.22	19243.50	0.00	0.00	0	perf_experiment
10:09:04 AM	1006	220880	96.00	0.00	0.00	0.00	96.00	7	7533.00	0.00	659580	584920	0.22	18876.00	32768.00	0.00	2	perf_experiment
10:09:05 AM	1006	220880	100.00	1.00	0.00	0.00	101.00	7	8.00	0.00	659580	584920	0.22	19090.00	0.00	0.00	0	perf_experiment
10:09:06 AM	1006	220880	96.00	3.00	0.00	0.00	99.00	7	8.00	0.00	659580	584920	0.22	19419.00	0.00	0.00	0	perf_experiment
10:09:07 AM	1006	220880	98.00	2.00	0.00	0.00	100.00	7	22.00	0.00	659580	584920	0.22	19224.50	0.00	0.00	0	perf_experiment
10:09:08 AM	1006	220880	99.00	2.00	0.00	0.00	101.00	7	9.00	0.00	659580	584920	0.22	19250.00	0.00	0.00	0	perf_experiment
10:09:09 AM	1006	220880	94.00	4.00	0.00	0.00	98.00	7	8.00	0.00	659580	584920	0.22	18736.50	32768.00	0.00	2	perf_experiment
10:09:10 AM	1006	220880	99.00	0.00	0.00	0.00	99.00	7	7.00	0.00	659580	584920	0.22	19210.00	0.00	0.00	0	perf_experiment
10:09:11 AM	1006	220880	98.00	3.00	0.00	0.00	101.00	7	10.00	0.00	659580	584920	0.22	18955.00	0.00	0.00	0	perf_experiment
10:09:12 AM	1006	220880	96.00	1.00	0.00	0.00	97.00	7	8200.00	0.00	659580	584928	0.22	18342.50	32768.00	0.00	2	perf_experiment
10:09:13 AM	1006	220880	98.00	3.00	0.00	0.00	101.00	7	6.00	0.00	659580	584928	0.22	18914.00	0.00	0.00	0	perf_experiment
10:09:14 AM	1006	220880	97.00	2.00	0.00	0.00	99.00	7	2.00	0.00	659580	584928	0.22	18850.50	0.00	0.00	0	perf_experiment
10:09:15 AM	1006	220880	99.00	2.00	0.00	0.00	101.00	7	6.00	0.00	659580	584928	0.22	18785.50	0.00	0.00	0	perf_experiment
10:09:16 AM	1006	220880	94.00	3.00	0.00	0.00	97.00	7	8201.00	0.00	659580	584928	0.22	18498.50	32768.00	0.00	2	perf_experiment
10:09:17 AM	1006	220880	98.00	3.00	0.00	0.00	101.00	7	5.00	0.00	659580	584928	0.22	19279.00	0.00	0.00	0	perf_experiment
10:09:18 AM	1006	220880	98.00	1.00	0.00	0.00	99.00	7	4.00	0.00	659580	584928	0.22	19134.00	0.00	0.00	0	perf_experiment
10:09:19 AM	1006	220880	98.00	2.00	0.00	0.00	100.00	7	5.00	0.00	659580	584928	0.22	19095.50	0.00	0.00	0	perf_experiment
10:09:20 AM	1006	220880	96.00	3.00	0.00	0.00	99.00	7	8197.00	0.00	659580	584936	0.22	18468.00	32768.00	0.00	2	perf_experiment
10:09:21 AM	1006	220880	97.00	2.00	0.00	0.00	99.00	7	3.00	0.00	659580	584936	0.22	19178.50	0.00	0.00	0	perf_experiment
10:09:22 AM	1006	220880	99.00	1.00	0.00	0.00	100.00	7	0.00	0.00	659580	584936	0.22	19053.50	0.00	0.00	0	perf_experiment
10:09:23 AM	1006	220880	98.00	2.00	0.00	0.00	100.00	7	0.00	0.00	659580	584936	0.22	19518.50	0.00	0.00	0	perf_experiment
10:09:24 AM	1006	220880	97.00	4.00	0.00	0.00	101.00	7	3.00	0.00	659580	584936	0.22	19051.00	0.00	0.00	0	perf_experiment
10:09:25 AM	1006	220880	96.00	2.00	0.00	0.00	98.00	7	6326.00	0.00	659580	584936	0.22	18642.00	32768.00	0.00	2	perf_experiment
10:09:26 AM	1006	220880	98.00	2.00	0.00	0.00	100.00	7	8.00	0.00	659580	584936	0.22	19184.50	0.00	0.00	0	perf_experiment
10:09:27 AM	1006	220880	98.00	2.00	0.00	0.00	100.00	7	468.00	0.00	659580	584936	0.22	19310.50	0.00	0.00	0	perf_experiment
10:09:28 AM	1006	220880	99.00	1.00	0.00	0.00	100.00	7	501.00	0.00	659700	584952	0.22	19364.00	0.00	0.00	0	perf_experiment
10:09:29 AM	1006	220880	94.00	3.00	0.00	0.00	97.00	7	290.00	0.00	659700	584952	0.22	18827.50	32768.00	0.00	3	perf_experiment
10:09:30 AM	1006	220880	98.00	2.00	0.00	0.00	100.00	7	242.00	0.00	659700	584952	0.22	19208.00	0.00	0.00	0	perf_experiment
10:09:31 AM	1006	220880	98.00	2.00	0.00	0.00	100.00	7	272.00	0.00	659700	584952	0.22	19515.50	0.00	0.00	0	perf_experiment
10:09:32 AM	1006	220880	99.00	1.00	0.00	0.00	100.00	7	374.00	0.00	659700	584952	0.22	19237.00	0.00	0.00	0	perf_experiment
10:09:33 AM	1006	220880	94.00	4.00	0.00	0.00	98.00	7	365.00	0.00	659700	584952	0.22	18596.00	32768.00	0.00	2	perf_experiment
10:09:34 AM	1006	220880	98.00	1.00	0.00	0.00	99.00	7	143.00	0.00	659700	584952	0.22	18869.50	0.00	0.00	0	perf_experiment
10:09:35 AM	1006	220880	99.00	2.00	0.00	0.00	101.00	7	70.00	0.00	659700	584952	0.22	18812.50	0.00	0.00	0	perf_experiment
10:09:36 AM	1006	220880	96.00	2.00	0.00	0.00	98.00	7	15.00	0.00	659700	584952	0.22	18196.00	32768.00	0.00	3	perf_experiment
10:09:37 AM	1006	220880	98.00	1.00	0.00	0.00	99.00	7	8.00	0.00	659700	584952	0.22	18753.00	0.00	0.00	0	perf_experiment
10:09:38 AM	1006	220880	98.00	3.00	0.00	0.00	101.00	7	10.00	0.00	659700	584952	0.22	19076.00	0.00	0.00	0	perf_experiment
10:09:39 AM	1006	220880	97.00	2.00	0.00	0.00	99.00	7	14.00	0.00	659700	584952	0.22	19179.00	0.00	0.00	0	perf_experiment
10:09:40 AM	1006	220880	97.00	3.00	0.00	0.00	100.00	7	15.00	0.00	659700	584952	0.22	19210.00	0.00	0.00	0	perf_experiment
10:09:41 AM	1006	220880	96.00	1.00	0.00	0.00	97.00	7	7011.00	0.00	659700	584952	0.22	18293.50	32768.00	0.00	2	perf_experiment
10:09:42 AM	1006	220880	95.00	6.00	0.00	0.00	101.00	7	1.00	0.00	659700	584952	0.22	19104.50	0.00	0.00	0	perf_experiment
10:09:43 AM	1006	220880	97.00	2.00	0.00	0.00	99.00	7	1.00	0.00	659700	584952	0.22	19120.50	0.00	0.00	0	perf_experiment
10:09:44 AM	1006	220880	97.00	4.00	0.00	0.00	101.00	7	7.00	0.00	659700	584952	0.22	18976.50	0.00	0.00	0	perf_experiment
10:09:45 AM	1006	220880	97.00	1.00	0.00	0.00	98.00	7	8204.00	0.00	659700	585000	0.22	18581.50	32768.00	0.00	2	perf_experiment
10:09:46 AM	1006	220880	100.00	0.00	0.00	0.00	100.00	7	12.00	0.00	659700	585000	0.22	19069.00	0.00	0.00	0	perf_experiment
10:09:47 AM	1006	220880	97.03	1.98	0.00	0.00	99.01	7	20.79	0.00	659700	585000	0.22	18792.08	0.00	0.00	0	perf_experiment
10:09:48 AM	1006	220880	97.00	3.00	0.00	0.00	100.00	7	11.00	0.00	659700	585000	0.22	19115.50	0.00	0.00	0	perf_experiment
10:09:49 AM	1006	220880	98.00	1.00	0.00	0.00	99.00	7	203.00	0.00	659700	585000	0.22	19118.50	0.00	0.00	0	perf_experiment
10:09:50 AM	1006	220880	95.00	3.00	0.00	0.00	98.00	7	9186.00	0.00	659700	585000	0.22	18233.00	32768.00	0.00	2	perf_experiment
10:09:51 AM	1006	220880	100.00	0.00	0.00	0.00	100.00	7	6.00	0.00	659700	585000	0.22	19130.00	0.00	0.00	0	perf_experiment
10:09:52 AM	1006	220880	98.00	3.00	0.00	0.00	101.00	7	5.00	0.00	659700	585000	0.22	19001.50	0.00	0.00	0	perf_experiment
10:09:53 AM	1006	220880	98.00	1.00	0.00	0.00	99.00	7	6.00	0.00	659700	585000	0.22	19276.00	0.00	0.00	0	perf_experiment
10:09:54 AM	1006	220880	96.00	2.00	0.00	0.00	98.00	7	8204.00	0.00	659700	585000	0.22	18219.00	32768.00	0.00	3	perf_experiment
10:09:55 AM	1006	220880	98.00	2.00	0.00	0.00	100.00	7	15.00	0.00	659700	585000	0.22	18785.00	0.00	0.00	0	perf_experiment
10:09:56 AM	1006	220880	98.00	2.00	0.00	0.00	100.00	7	16.00	0.00	659700	585000	0.22	18811.00	0.00	0.00	0	perf_experiment
10:09:57 AM	1006	220880	96.00	4.00	0.00	0.00	100.00	7	20.00	0.00	659700	585000	0.22	18715.50	0.00	0.00	0	perf_experiment
10:09:58 AM	1006	220880	94.00	4.00	0.00	0.00	98.00	7	8212.00	0.00	659700	585008	0.22	18234.00	32768.00	0.00	2	perf_experiment
10:09:59 AM	1006	220880	99.00	1.00	0.00	0.00	100.00	7	19.00	0.00	659700	585008	0.22	18817.00	0.00	0.00	0	perf_experiment
10:10:00 AM	1006	220880	99.00	1.00	0.00	0.00	100.00	7	6.00	0.00	659700	585008	0.22	19050.00	0.00	0.00	0	perf_experiment
10:10:01 AM	1006	220880	96.00	2.00	0.00	0.00	98.00	7	8198.00	0.00	659700	585008	0.22	18389.00	32768.00	0.00	2	perf_experiment
10:10:02 AM	1006	220880	98.00	2.00	0.00	0.00	100.00	7	5.00	0.00	659700	585008	0.22	19101.00	0.00	0.00	0	perf_experiment
10:10:03 AM	1006	220880	99.00	1.00	0.00	0.00	100.00	7	5.00	0.00	659700	585008	0.22	19119.00	0.00	0.00	0	perf_experiment
10:10:04 AM	1006	220880	99.00	1.00	0.00	0.00	100.00	7	3.00	0.00	659700	585008	0.22	19097.00	0.00	0.00	0	perf_experiment
10:10:05 AM	1006	220880	98.00	2.00	0.00	0.00	100.00	7	6.00	0.00	659700	585008	0.22	19452.00	0.00	0.00	0	perf_experiment
10:10:06 AM	1006	220880	97.00	1.00	0.00	0.00	98.00	7	8210.00	0.00	659700	585008	0.22	18509.00	32768.00	0.00	2	perf_experiment
10:10:07 AM	1006	220880	98.00	2.00	0.00	1.00	100.00	7	7.00	0.00	659700	585008	0.22	19227.50	0.00	0.00	0	perf_experiment
10:10:08 AM	1006	220880	97.00	3.00	0.00	0.00	100.00	7	25.00	0.00	659700	585016	0.22	19378.00	0.00	0.00	0	perf_experiment
10:10:09 AM	1006	220880	97.00	3.00	0.00	0.00	100.00	7	8.00	0.00	659700	585016	0.22	19299.50	0.00	0.00	0	perf_experiment
10:10:10 AM	1006	220880	99.00	1.00	0.00	0.00	100.00	7	8.00	0.00	659700	585016	0.22	19460.00	0.00	0.00	0	perf_experiment
10:10:11 AM	1006	220880	96.00	2.00	0.00	0.00	98.00	7	8200.00	0.00	659700	585016	0.22	18550.50	32768.00	0.00	2	perf_experiment
10:10:12 AM	1006	220880	99.00	1.00	0.00	0.00	100.00	7	8.00	0.00	659700	585016	0.22	19338.00	0.00	0.00	0	perf_experiment
10:10:13 AM	1006	220880	98.00	2.00	0.00	0.00	100.00	7	8.00	0.00	659700	585016	0.22	19447.50	0.00	0.00	0	perf_experiment
10:10:14 AM	1006	220880	97.00	3.00	0.00	0.00	100.00	7	8.00	0.00	659700	585016	0.22	19368.00	0.00	0.00	0	perf_experiment
10:10:15 AM	1006	220880	94.00	2.00	0.00	0.00	96.00	7	8199.00	0.00	659700	585016	0.22	18347.00	32768.00	0.00	3	perf_experiment
10:10:16 AM	1006	220880	97.00	4.00	0.00	0.00	101.00	7	11.00	0.00	659700	585016	0.22	18891.00	0.00	0.00	0	perf_experiment
10:10:17 AM	1006	220880	99.00	1.00	0.00	0.00	100.00	7	8.00	0.00	659700	585016	0.22	18934.50	0.00	0.00	0	perf_experiment
10:10:18 AM	1006	220880	95.00	3.00	0.00	0.00	98.00	7	8201.00	0.00	659700	585016	0.22	18496.00	32768.00	0.00	2	perf_experiment
10:10:19 AM	1006	220880	98.00	2.00	0.00	0.00	100.00	7	10.00	0.00	659700	585016	0.22	18594.00	0.00	0.00	0	perf_experiment
10:10:20 AM	1006	220880	97.00	3.00	0.00	0.00	100.00	7	10.00	0.00	659700	585016	0.22	18788.00	0.00	0.00	0	perf_experiment
10:10:21 AM	1006	220880	98.00	2.00	0.00	0.00	100.00	7	5.00	0.00	659700	585016	0.22	19165.00	0.00	0.00	0	perf_experiment
10:10:22 AM	1006	220880	95.00	3.00	0.00	0.00	98.00	7	8199.00	0.00	659700	585016	0.22	18439.50	32768.00	0.00	2	perf_experiment
10:10:23 AM	1006	220880	99.00	1.00	0.00	0.00	100.00	7	2.00	0.00	659700	585016	0.22	19094.00	0.00	0.00	0	perf_experiment
10:10:24 AM	1006	220880	97.00	3.00	0.00	0.00	100.00	7	0.00	0.00	659700	585016	0.22	18994.00	0.00	0.00	0	perf_experiment
10:10:25 AM	1006	220880	97.00	3.00	0.00	0.00	100.00	7	2.00	0.00	659700	585016	0.22	19214.50	0.00	0.00	0	perf_experiment
10:10:26 AM	1006	220880	97.00	3.00	0.00	0.00	100.00	7	2.00	0.00	659700	585016	0.22	19247.50	0.00	0.00	0	perf_experiment
10:10:27 AM	1006	220880	96.00	2.00	0.00	0.00	98.00	7	2.00	0.00	659700	585016	0.22	18501.00	32768.00	0.00	2	perf_experiment
10:10:28 AM	1006	220880	97.00	2.00	0.00	0.00	99.00	7	833.00	0.00	659700	585032	0.22	19084.00	0.00	0.00	0	perf_experiment
10:10:29 AM	1006	220880	98.00	3.00	0.00	0.00	101.00	7	324.00	0.00	659700	585032	0.22	19324.00	0.00	0.00	0	perf_experiment
10:10:30 AM	1006	220880	96.00	3.00	0.00	0.00	99.00	7	258.00	0.00	659700	585032	0.22	19268.00	0.00	0.00	0	perf_experiment
10:10:31 AM	1006	220880	97.00	1.00	0.00	0.00	98.00	7	8634.00	0.00	659700	585032	0.22	19003.50	32768.00	0.00	2	perf_experiment
10:10:32 AM	1006	220880	99.00	1.00	0.00	0.00	100.00	7	2091.00	0.00	659700	585032	0.22	19603.00	0.00	0.00	0	perf_experiment
10:10:33 AM	1006	220880	99.00	2.00	0.00	0.00	101.00	7	2090.00	0.00	659700	585032	0.22	19465.00	0.00	0.00	0	perf_experiment
10:10:34 AM	1006	220880	99.00	0.00	0.00	0.00	99.00	7	2130.00	0.00	659700	585032	0.22	19681.00	0.00	0.00	0	perf_experiment
10:10:35 AM	1006	220880	97.00	4.00	0.00	0.00	101.00	7	1719.00	0.00	659700	585048	0.22	19786.50	0.00	0.00	0	perf_experiment
10:10:36 AM	1006	220880	95.00	2.00	0.00	0.00	97.00	7	8338.00	0.00	659700	585048	0.22	19004.00	32768.00	0.00	3	perf_experiment
10:10:37 AM	1006	220880	98.00	2.00	0.00	0.00	100.00	7	31.00	0.00	659700	585048	0.22	19383.00	0.00	0.00	0	perf_experiment
10:10:38 AM	1006	220880	98.00	2.00	0.00	0.00	100.00	7	4.00	0.00	659700	585048	0.22	19281.50	0.00	0.00	0	perf_experiment
10:10:39 AM	1006	220880	96.00	2.00	0.00	0.00	98.00	7	8214.00	0.00	659700	585048	0.22	18560.00	32768.00	0.00	2	perf_experiment
10:10:40 AM	1006	220880	97.00	2.00	0.00	0.00	99.00	7	20.00	0.00	659700	585048	0.22	19028.50	0.00	0.00	0	perf_experiment
10:10:41 AM	1006	220880	99.00	2.00	0.00	0.00	101.00	7	19.00	0.00	659700	585048	0.22	18808.00	0.00	0.00	0	perf_experiment
10:10:42 AM	1006	220880	95.00	2.00	0.00	0.00	97.00	7	4.00	0.00	659700	585048	0.22	18478.50	32768.00	0.00	2	perf_experiment
10:10:43 AM	1006	220880	98.00	2.00	0.00	0.00	100.00	7	0.00	0.00	659700	585048	0.22	19139.50	0.00	0.00	0	perf_experiment
10:10:44 AM	1006	220880	97.00	4.00	0.00	0.00	101.00	7	11.00	0.00	659836	585048	0.22	18988.00	0.00	0.00	0	perf_experiment
10:10:45 AM	1006	220880	98.00	2.00	0.00	0.00	100.00	7	0.00	0.00	659836	585048	0.22	18982.50	0.00	0.00	0	perf_experiment
10:10:46 AM	1006	220880	96.00	3.00	0.00	0.00	99.00	7	0.00	0.00	659836	585048	0.22	19181.50	0.00	0.00	0	perf_experiment
10:10:47 AM	1006	220880	95.00	3.00	0.00	0.00	98.00	7	0.00	0.00	659836	585048	0.22	18425.00	32768.00	0.00	3	perf_experiment
10:10:48 AM	1006	220880	98.00	2.00	0.00	0.00	100.00	7	1231.00	0.00	659836	585088	0.22	18952.00	0.00	0.00	0	perf_experiment
10:10:49 AM	1006	220880	98.00	2.00	0.00	0.00	100.00	7	1772.00	0.00	659836	585088	0.22	19168.00	0.00	0.00	0	perf_experiment
10:10:50 AM	1006	220880	98.00	1.00	0.00	0.00	99.00	7	1710.00	0.00	659836	585088	0.22	19139.00	0.00	0.00	0	perf_experiment
10:10:51 AM	1006	220880	98.00	3.00	0.00	0.00	101.00	7	1756.00	0.00	659836	585088	0.22	19078.00	0.00	0.00	0	perf_experiment
10:10:52 AM	1006	220880	96.00	2.00	0.00	0.00	98.00	7	9908.00	0.00	659836	585088	0.22	18813.50	32768.00	0.00	2	perf_experiment
10:10:53 AM	1006	220880	97.00	2.00	0.00	0.00	99.00	7	1755.00	0.00	659836	585088	0.22	18924.50	0.00	0.00	0	perf_experiment
10:10:54 AM	1006	220880	98.00	3.00	0.00	0.00	101.00	7	1759.00	0.00	659836	585088	0.22	19409.00	0.00	0.00	0	perf_experiment
10:10:55 AM	1006	220880	98.00	2.00	0.00	0.00	100.00	7	1767.00	0.00	659836	585088	0.22	19051.50	0.00	0.00	0	perf_experiment
10:10:56 AM	1006	220880	98.00	2.00	0.00	0.00	100.00	7	1744.00	0.00	659836	585088	0.22	19260.00	0.00	0.00	0	perf_experiment
10:10:57 AM	1006	220880	94.00	4.00	0.00	0.00	98.00	7	8298.00	0.00	659836	585088	0.22	18454.50	32768.00	0.00	2	perf_experiment
10:10:58 AM	1006	220880	98.00	1.00	0.00	0.00	99.00	7	1.00	0.00	659836	585088	0.22	19024.50	0.00	0.00	0	perf_experiment
10:10:59 AM	1006	220880	99.00	2.00	0.00	0.00	101.00	7	10.00	0.00	659836	585088	0.22	19232.00	0.00	0.00	0	perf_experiment
10:11:00 AM	1006	220880	94.00	3.00	0.00	0.00	97.00	7	8205.00	0.00	659836	585088	0.22	18455.00	32768.00	0.00	2	perf_experiment
10:11:01 AM	1006	220880	98.00	2.00	0.00	0.00	100.00	7	7.00	0.00	659836	585088	0.22	19004.00	0.00	0.00	0	perf_experiment
10:11:02 AM	1006	220880	98.00	2.00	0.00	0.00	100.00	7	11.00	0.00	659836	585088	0.22	19199.00	0.00	0.00	0	perf_experiment
10:11:03 AM	1006	220880	96.00	2.00	0.00	0.00	98.00	7	8199.00	0.00	659836	585104	0.22	18960.00	32768.00	0.00	3	perf_experiment
10:11:04 AM	1006	220880	96.00	4.00	0.00	0.00	100.00	7	7.00	0.00	659836	585104	0.22	19131.50	0.00	0.00	0	perf_experiment
10:11:05 AM	1006	220880	99.00	1.00	0.00	0.00	100.00	7	3.00	0.00	659836	585104	0.22	19265.00	0.00	0.00	0	perf_experiment
10:11:06 AM	1006	220880	99.00	1.00	0.00	0.00	100.00	7	5.00	0.00	659836	585104	0.22	19429.50	0.00	0.00	0	perf_experiment
10:11:07 AM	1006	220880	99.00	1.00	0.00	0.00	100.00	7	6.00	0.00	659836	585104	0.22	19238.50	0.00	0.00	0	perf_experiment
10:11:08 AM	1006	220880	94.00	4.00	0.00	0.00	98.00	7	8212.00	0.00	659836	585104	0.22	18747.00	32768.00	0.00	2	perf_experiment
10:11:09 AM	1006	220880	97.00	3.00	0.00	0.00	100.00	7	5.00	0.00	659836	585104	0.22	19288.00	0.00	0.00	0	perf_experiment
10:11:10 AM	1006	220880	98.00	2.00	0.00	0.00	100.00	7	6.00	0.00	659836	585104	0.22	19306.50	0.00	0.00	0	perf_experiment
10:11:11 AM	1006	220880	98.00	2.00	0.00	0.00	100.00	7	11.00	0.00	659836	585104	0.22	19434.50	0.00	0.00	0	perf_experiment
10:11:12 AM	1006	220880	95.00	3.00	0.00	0.00	98.00	7	1191.00	0.00	659836	585104	0.22	18716.50	32768.00	0.00	3	perf_experiment
10:11:13 AM	1006	220880	100.00	0.00	0.00	0.00	100.00	7	10.00	0.00	659836	585104	0.22	19486.50	0.00	0.00	0	perf_experiment
10:11:14 AM	1006	220880	99.00	0.00	0.00	0.00	99.00	7	11.00	0.00	659836	585104	0.22	19023.50	0.00	0.00	0	perf_experiment
10:11:15 AM	1006	220880	98.00	2.00	0.00	0.00	100.00	7	10.00	0.00	659836	585104	0.22	19199.00	0.00	0.00	0	perf_experiment
10:11:16 AM	1006	220880	97.00	3.00	0.00	0.00	100.00	7	8.00	0.00	659836	585104	0.22	19147.50	0.00	0.00	0	perf_experiment
10:11:17 AM	1006	220880	95.00	3.00	0.00	0.00	98.00	7	8.00	0.00	659836	585104	0.22	18275.50	32768.00	0.00	2	perf_experiment
10:11:18 AM	1006	220880	98.00	1.00	0.00	0.00	99.00	7	9.00	0.00	659836	585104	0.22	19256.00	0.00	0.00	0	perf_experiment
10:11:19 AM	1006	220880	98.00	3.00	0.00	0.00	101.00	7	12.00	0.00	659836	585104	0.22	19070.50	0.00	0.00	0	perf_experiment
10:11:20 AM	1006	220880	98.00	1.00	0.00	0.00	99.00	7	16.00	0.00	659836	585104	0.22	18840.00	0.00	0.00	0	perf_experiment
10:11:21 AM	1006	220880	95.00	3.00	0.00	0.00	98.00	7	15.00	0.00	659836	585104	0.22	18083.50	32768.00	0.00	3	perf_experiment
10:11:22 AM	1006	220880	96.00	4.00	0.00	0.00	100.00	7	13.00	0.00	659836	585104	0.22	18879.50	0.00	0.00	0	perf_experiment
10:11:23 AM	1006	220880	98.00	2.00	0.00	0.00	100.00	7	18.00	0.00	659836	585104	0.22	18693.50	0.00	0.00	0	perf_experiment
10:11:24 AM	1006	220880	97.00	1.00	0.00	0.00	98.00	7	13.00	0.00	659836	585104	0.22	18274.00	32768.00	0.00	2	perf_experiment
10:11:25 AM	1006	220880	98.00	2.00	0.00	0.00	100.00	7	13.00	0.00	659836	585104	0.22	18732.00	0.00	0.00	0	perf_experiment
10:11:26 AM	1006	220880	99.00	1.00	0.00	0.00	100.00	7	6.00	0.00	659836	585104	0.22	19050.50	0.00	0.00	0	perf_experiment
10:11:27 AM	1006	220880	97.00	2.00	0.00	0.00	99.00	7	3.00	0.00	659836	585104	0.22	19025.00	0.00	0.00	0	perf_experiment
10:11:28 AM	1006	220880	95.00	3.00	0.00	0.00	98.00	7	2646.00	0.00	659836	585104	0.22	18286.50	32768.00	0.00	3	perf_experiment
10:11:29 AM	1006	220880	98.00	2.00	0.00	0.00	100.00	7	2121.00	0.00	659836	585104	0.22	19291.50	0.00	0.00	0	perf_experiment
10:11:30 AM	1006	220880	99.00	1.00	0.00	0.00	100.00	7	2136.00	0.00	659836	585104	0.22	19009.50	0.00	0.00	0	perf_experiment
10:11:31 AM	1006	220880	97.00	3.00	0.00	0.00	100.00	7	2066.00	0.00	659836	585104	0.22	19012.50	0.00	0.00	0	perf_experiment
10:11:32 AM	1006	220880	98.00	2.00	0.00	0.00	100.00	7	2107.00	0.00	659836	585104	0.22	19059.00	0.00	0.00	0	perf_experiment
10:11:33 AM	1006	220880	94.00	3.00	0.00	0.00	97.00	7	1323.00	0.00	659836	585104	0.22	18377.00	32768.00	0.00	2	perf_experiment
10:11:34 AM	1006	220880	99.00	1.00	0.00	0.00	100.00	7	197.00	0.00	659836	585104	0.22	19151.50	0.00	0.00	0	perf_experiment
10:11:35 AM	1006	220880	99.00	1.00	0.00	0.00	100.00	7	204.00	0.00	659836	585104	0.22	19133.00	0.00	0.00	0	perf_experiment
10:11:36 AM	1006	220880	98.00	2.00	0.00	0.00	100.00	7	201.00	0.00	659836	585104	0.22	19027.00	0.00	0.00	0	perf_experiment
10:11:37 AM	1006	220880	99.00	2.00	0.00	0.00	101.00	7	261.00	0.00	659836	585104	0.22	19119.00	0.00	0.00	0	perf_experiment
10:11:38 AM	1006	220880	95.00	2.00	0.00	0.00	97.00	7	28.00	0.00	659836	585104	0.22	18203.50	32768.00	0.00	3	perf_experiment
10:11:39 AM	1006	220880	97.00	3.00	0.00	0.00	100.00	7	25.00	0.00	659836	585104	0.22	19019.00	0.00	0.00	0	perf_experiment
10:11:40 AM	1006	220880	98.00	2.00	0.00	0.00	100.00	7	21.00	0.00	659836	585104	0.22	19067.50	0.00	0.00	0	perf_experiment
10:11:41 AM	1006	220880	97.00	3.00	0.00	0.00	100.00	7	13.00	0.00	659836	585104	0.22	19101.00	0.00	0.00	0	perf_experiment
10:11:42 AM	1006	220880	95.00	2.00	0.00	0.00	97.00	7	12.00	0.00	659836	585104	0.22	18147.50	32768.00	0.00	3	perf_experiment
10:11:43 AM	1006	220880	100.00	0.00	0.00	0.00	100.00	7	12.00	0.00	659836	585104	0.22	18849.50	0.00	0.00	0	perf_experiment
10:11:44 AM	1006	220880	98.00	2.00	0.00	0.00	100.00	7	19.00	0.00	659836	585104	0.22	18823.00	0.00	0.00	0	perf_experiment
10:11:45 AM	1006	220880	94.00	4.00	0.00	0.00	98.00	7	22.00	0.00	659836	585104	0.22	18247.50	32768.00	0.00	2	perf_experiment
10:11:46 AM	1006	220880	96.00	3.00	0.00	0.00	99.00	7	13.00	0.00	659836	585104	0.22	18705.00	0.00	0.00	0	perf_experiment
10:11:47 AM	1006	220880	98.00	3.00	0.00	0.00	101.00	7	18.00	0.00	659836	585104	0.22	18769.50	0.00	0.00	0	perf_experiment
10:11:48 AM	1006	220880	96.04	2.97	0.00	0.00	99.01	7	585.15	0.00	659836	585104	0.22	18695.05	0.00	0.00	0	perf_experiment
10:11:49 AM	1006	220880	96.00	1.00	0.00	0.00	97.00	7	9907.00	0.00	659836	585104	0.22	18629.00	32768.00	0.00	2	perf_experiment
10:11:50 AM	1006	220880	97.00	4.00	0.00	0.00	101.00	7	1764.00	0.00	659836	585104	0.22	19031.50	0.00	0.00	0	perf_experiment
10:11:51 AM	1006	220880	98.00	2.00	0.00	0.00	100.00	7	1738.00	0.00	659836	585104	0.22	19122.00	0.00	0.00	0	perf_experiment
10:11:52 AM	1006	220880	99.00	1.00	0.00	0.00	100.00	7	1777.00	0.00	659836	585104	0.22	19125.00	0.00	0.00	0	perf_experiment
10:11:53 AM	1006	220880	98.00	1.00	0.00	0.00	99.00	7	1727.00	0.00	659836	585104	0.22	18945.00	0.00	0.00	0	perf_experiment
10:11:54 AM	1006	220880	96.00	2.00	0.00	0.00	98.00	7	8850.00	0.00	659836	585104	0.22	18558.00	32768.00	0.00	2	perf_experiment
10:11:55 AM	1006	220880	98.00	2.00	0.00	0.00	100.00	7	4.00	0.00	659836	585104	0.22	18843.50	0.00	0.00	0	perf_experiment
10:11:56 AM	1006	220880	99.00	1.00	0.00	0.00	100.00	7	10.00	0.00	659836	585104	0.22	18872.00	0.00	0.00	0	perf_experiment
10:11:57 AM	1006	220880	100.00	1.00	0.00	0.00	101.00	7	6.00	0.00	659836	585104	0.22	19032.50	0.00	0.00	0	perf_experiment
10:11:58 AM	1006	220880	95.00	2.00	0.00	0.00	97.00	7	8198.00	0.00	659836	585104	0.22	18093.00	32768.00	0.00	3	perf_experiment
10:11:59 AM	1006	220880	98.00	2.00	0.00	0.00	100.00	7	6.00	0.00	659836	585104	0.22	18907.50	0.00	0.00	0	perf_experiment
10:12:00 AM	1006	220880	98.00	2.00	0.00	0.00	100.00	7	10.00	0.00	659836	585104	0.22	19009.50	0.00	0.00	0	perf_experiment
10:12:01 AM	1006	220880	97.00	1.00	0.00	0.00	98.00	7	8199.00	0.00	659836	585104	0.22	18055.50	32768.00	0.00	2	perf_experiment
10:12:02 AM	1006	220880	98.00	2.00	0.00	0.00	100.00	7	7.00	0.00	659836	585104	0.22	19194.00	0.00	0.00	0	perf_experiment
10:12:03 AM	1006	220880	99.00	1.00	0.00	0.00	100.00	7	7.00	0.00	659836	585104	0.22	19372.00	0.00	0.00	0	perf_experiment
10:12:04 AM	1006	220880	95.00	3.00	0.00	0.00	98.00	7	7585.00	0.00	659836	585104	0.22	18435.00	32768.00	0.00	2	perf_experiment
10:12:05 AM	1006	220880	98.00	2.00	0.00	0.00	100.00	7	7.00	0.00	659836	585104	0.22	19419.50	0.00	0.00	0	perf_experiment
10:12:06 AM	1006	220880	98.00	2.00	0.00	0.00	100.00	7	8.00	0.00	659836	585104	0.22	18958.00	0.00	0.00	0	perf_experiment
10:12:07 AM	1006	220880	97.00	1.00	0.00	0.00	98.00	7	2.00	0.00	659836	585104	0.22	18583.50	32768.00	0.00	2	perf_experiment
10:12:08 AM	1006	220880	97.00	2.00	0.00	0.00	99.00	7	14.00	0.00	659836	585104	0.22	19243.50	0.00	0.00	0	perf_experiment
10:12:09 AM	1006	220880	98.00	2.00	0.00	0.00	100.00	7	1.00	0.00	659836	585104	0.22	19134.50	0.00	0.00	0	perf_experiment
10:12:10 AM	1006	220880	99.00	2.00	0.00	0.00	101.00	7	2.00	0.00	659836	585104	0.22	19237.00	0.00	0.00	0	perf_experiment
10:12:11 AM	1006	220880	98.00	1.00	0.00	0.00	99.00	7	6.00	0.00	659836	585104	0.22	19073.00	0.00	0.00	0	perf_experiment
10:12:12 AM	1006	220880	97.00	1.00	0.00	0.00	98.00	7	8205.00	0.00	659836	585160	0.22	18395.00	32768.00	0.00	3	perf_experiment
10:12:13 AM	1006	220880	100.00	0.00	0.00	0.00	100.00	7	2.00	0.00	659836	585160	0.22	19133.50	0.00	0.00	0	perf_experiment
10:12:14 AM	1006	220880	99.00	1.00	0.00	0.00	100.00	7	1.00	0.00	659836	585160	0.22	19058.50	0.00	0.00	0	perf_experiment
10:12:15 AM	1006	220880	98.00	3.00	0.00	0.00	101.00	7	6.00	0.00	659836	585160	0.22	18906.50	0.00	0.00	0	perf_experiment
10:12:16 AM	1006	220880	96.00	1.00	0.00	0.00	97.00	7	8212.00	0.00	659836	585160	0.22	18037.50	32768.00	0.00	2	perf_experiment
10:12:17 AM	1006	220880	98.00	1.00	0.00	0.00	99.00	7	9.00	0.00	659836	585164	0.22	18943.00	0.00	0.00	0	perf_experiment
10:12:18 AM	1006	220880	99.00	2.00	0.00	0.00	101.00	7	7.00	0.00	659836	585164	0.22	18803.00	0.00	0.00	0	perf_experiment
10:12:19 AM	1006	220880	95.00	3.00	0.00	0.00	98.00	7	8198.00	0.00	659836	585164	0.22	18177.00	32768.00	0.00	2	perf_experiment
10:12:20 AM	1006	220880	97.00	3.00	0.00	0.00	100.00	7	5.00	0.00	659836	585164	0.22	18711.00	0.00	0.00	0	perf_experiment
