Time	UID	PID	%usr	%system	%guest	%wait	%CPU	CPU	minflt/s	majflt/s	VSZ	RSS	%MEM	kB_rd/s	kB_wr/s	kB_ccwr/s	iodelay	Command
01:36:02 AM	1006	218524	107.00	13.00	0.00	0.00	120.00	56	51840.00	0.00	536544	147708	0.06	364.00	49652.00	0.00	0	perf_experiment
01:36:03 AM	1006	218524	132.00	11.00	0.00	0.00	143.00	56	18852.00	0.00	577488	190364	0.07	432.00	99108.00	0.00	0	perf_experiment
01:36:04 AM	1006	218524	187.00	25.00	0.00	0.00	212.00	56	34070.00	0.00	577488	194180	0.07	129652.00	226324.00	0.00	0	perf_experiment
01:36:05 AM	1006	218524	160.00	20.00	0.00	0.00	180.00	56	2803.00	0.00	585680	205064	0.08	69076.00	162116.00	0.00	0	perf_experiment
01:36:06 AM	1006	218524	164.00	16.00	0.00	0.00	180.00	56	444.00	0.00	585680	206840	0.08	85728.00	160784.00	0.00	0	perf_experiment
01:36:07 AM	1006	218524	201.00	33.00	0.00	0.00	234.00	56	26884.00	0.00	577488	198688	0.08	180892.00	258892.00	0.00	0	perf_experiment
01:36:08 AM	1006	218524	180.00	29.00	0.00	0.00	209.00	56	23759.00	0.00	569296	187068	0.07	129460.00	217996.00	0.00	0	perf_experiment
01:36:09 AM	1006	218524	185.00	30.00	0.00	0.00	215.00	56	4009.00	0.00	544720	167532	0.06	174036.00	250084.00	0.00	0	perf_experiment
01:36:10 AM	1006	218524	167.00	44.00	0.00	0.00	211.00	56	8606.00	0.00	479184	102588	0.04	177864.00	287816.00	0.00	1	perf_experiment
