Time	UID	PID	%usr	%system	%guest	%wait	%CPU	CPU	minflt/s	majflt/s	VSZ	RSS	%MEM	kB_rd/s	kB_wr/s	kB_ccwr/s	iodelay	Command
07:29:14 AM	1006	220572	78.00	21.00	0.00	0.00	99.00	45	144473.00	0.00	657912	583072	0.22	0.00	4.00	0.00	0	perf_experiment
07:29:15 AM	1006	220572	85.00	4.00	0.00	0.00	89.00	45	35690.00	0.00	658176	583364	0.22	0.00	131072.00	0.00	10	perf_experiment
07:29:16 AM	1006	220572	81.00	4.00	0.00	0.00	85.00	45	76604.00	0.00	658308	583496	0.22	0.00	229376.00	0.00	16	perf_experiment
07:29:17 AM	1006	220572	83.00	3.00	0.00	0.00	86.00	45	57540.00	0.00	658440	583620	0.22	0.00	196608.00	0.00	13	perf_experiment
07:29:18 AM	1006	220572	84.00	2.00	0.00	0.00	86.00	45	52681.00	0.00	658572	583744	0.22	0.00	196608.00	0.00	14	perf_experiment
07:29:19 AM	1006	220572	83.00	3.00	0.00	0.00	86.00	45	53573.00	0.00	658572	583872	0.22	0.00	196608.00	0.00	15	perf_experiment
07:29:20 AM	1006	220572	91.00	1.00	0.00	0.00	92.00	45	33824.00	0.00	658836	584100	0.22	4554.50	131072.00	0.00	7	perf_experiment
07:29:21 AM	1006	220572	92.00	4.00	0.00	0.00	96.00	45	19961.00	0.00	658836	584120	0.22	8726.50	32768.00	0.00	5	perf_experiment
07:29:22 AM	1006	220572	97.00	3.00	0.00	0.00	100.00	45	5966.00	0.00	658836	584120	0.22	10175.50	0.00	0.00	0	perf_experiment
07:29:23 AM	1006	220572	90.00	5.00	0.00	0.00	95.00	45	25674.00	0.00	658836	584120	0.22	8680.00	65536.00	0.00	5	perf_experiment
07:29:24 AM	1006	220572	97.00	0.00	0.00	0.00	97.00	45	13041.00	0.00	658836	584120	0.22	9056.50	32768.00	0.00	2	perf_experiment
07:29:25 AM	1006	220572	98.00	2.00	0.00	0.00	100.00	45	256.00	0.00	658836	584144	0.22	10160.00	0.00	0.00	0	perf_experiment
07:29:26 AM	1006	220572	94.00	2.00	0.00	0.00	96.00	45	25135.00	0.00	658836	584144	0.22	8649.50	65536.00	0.00	5	perf_experiment
07:29:27 AM	1006	220572	96.00	2.00	0.00	0.00	98.00	45	8330.00	0.00	658836	584144	0.22	9018.50	32768.00	0.00	2	perf_experiment
07:29:28 AM	1006	220572	93.00	4.00	0.00	0.00	97.00	45	13336.00	0.00	658972	584184	0.22	9180.00	32768.00	0.00	2	perf_experiment
07:29:29 AM	1006	220572	96.00	2.00	0.00	0.00	98.00	45	9809.00	0.00	658972	584184	0.22	9688.50	32768.00	0.00	3	perf_experiment
07:29:30 AM	1006	220572	95.00	2.00	0.00	0.00	97.00	45	13812.00	0.00	658972	584240	0.22	9444.00	32768.00	0.00	2	perf_experiment
07:29:31 AM	1006	220572	98.00	2.00	0.00	0.00	100.00	45	14.00	0.00	658972	584240	0.22	10777.00	0.00	0.00	0	perf_experiment
07:29:32 AM	1006	220572	98.00	2.00	0.00	0.00	100.00	45	37.00	0.00	658972	584264	0.22	10833.50	0.00	0.00	0	perf_experiment
07:29:33 AM	1006	220572	95.00	3.00	0.00	0.00	98.00	45	8257.00	0.00	658972	584264	0.22	9577.00	32768.00	0.00	2	perf_experiment
07:29:34 AM	1006	220572	98.00	2.00	0.00	0.00	100.00	45	4117.00	0.00	658972	584264	0.22	10827.00	0.00	0.00	0	perf_experiment
07:29:35 AM	1006	220572	96.00	2.00	0.00	0.00	98.00	45	13014.00	0.00	658972	584264	0.22	10401.00	32768.00	0.00	3	perf_experiment
07:29:36 AM	1006	220572	98.00	3.00	0.00	0.00	101.00	45	6833.00	0.00	658972	584264	0.22	9882.50	0.00	0.00	0	perf_experiment
07:29:37 AM	1006	220572	95.00	2.00	0.00	0.00	97.00	45	10606.00	0.00	658972	584264	0.22	10425.50	32768.00	0.00	2	perf_experiment
07:29:38 AM	1006	220572	98.00	2.00	0.00	0.00	100.00	45	2508.00	0.00	659096	584304	0.22	10758.00	0.00	0.00	0	perf_experiment
07:29:39 AM	1006	220572	98.00	2.00	0.00	0.00	100.00	45	3476.00	0.00	659088	584304	0.22	10582.00	0.00	0.00	0	perf_experiment
07:29:40 AM	1006	220572	95.00	2.00	0.00	0.00	97.00	45	8994.00	0.00	659088	584324	0.22	10856.50	32768.00	0.00	3	perf_experiment
07:29:41 AM	1006	220572	100.00	0.00	0.00	0.00	100.00	45	647.00	0.00	659088	584324	0.22	11056.00	0.00	0.00	0	perf_experiment
07:29:42 AM	1006	220572	98.00	2.00	0.00	0.00	100.00	45	435.00	0.00	659088	584324	0.22	10892.50	0.00	0.00	0	perf_experiment
07:29:43 AM	1006	220572	98.00	2.00	0.00	0.00	100.00	45	285.00	0.00	659088	584324	0.22	11526.50	0.00	0.00	0	perf_experiment
07:29:44 AM	1006	220572	98.00	2.00	0.00	0.00	100.00	45	822.00	0.00	659088	584340	0.22	10811.50	0.00	0.00	0	perf_experiment
07:29:45 AM	1006	220572	97.00	3.00	0.00	0.00	100.00	45	1132.00	0.00	659088	584340	0.22	11329.00	0.00	0.00	0	perf_experiment
07:29:46 AM	1006	220572	98.00	2.00	0.00	0.00	100.00	45	1119.00	0.00	659088	584340	0.22	11146.50	0.00	0.00	0	perf_experiment
07:29:47 AM	1006	220572	98.00	2.00	0.00	0.00	100.00	45	1125.00	0.00	659088	584340	0.22	11054.50	0.00	0.00	0	perf_experiment
07:29:48 AM	1006	220572	96.00	4.00	0.00	0.00	100.00	45	1156.00	0.00	659088	584340	0.22	11237.00	0.00	0.00	0	perf_experiment
07:29:49 AM	1006	220572	97.00	1.00	0.00	0.00	98.00	45	9194.00	0.00	659088	584340	0.22	10877.50	32768.00	0.00	2	perf_experiment
07:29:50 AM	1006	220572	97.00	2.00	0.00	0.00	99.00	45	1311.00	0.00	659088	584340	0.22	10907.50	0.00	0.00	0	perf_experiment
07:29:51 AM	1006	220572	100.00	1.00	0.00	0.00	101.00	45	1169.00	0.00	659088	584340	0.22	11172.50	0.00	0.00	0	perf_experiment
07:29:52 AM	1006	220572	98.00	2.00	0.00	0.00	100.00	45	963.00	0.00	659088	584340	0.22	10980.50	0.00	0.00	0	perf_experiment
07:29:53 AM	1006	220572	98.00	2.00	0.00	0.00	100.00	45	1047.00	0.00	659088	584348	0.22	11238.00	0.00	0.00	0	perf_experiment
07:29:54 AM	1006	220572	97.00	3.00	0.00	0.00	100.00	45	1117.00	0.00	659088	584348	0.22	11060.00	0.00	0.00	0	perf_experiment
07:29:55 AM	1006	220572	97.00	2.00	0.00	0.00	99.00	45	1142.00	0.00	659088	584348	0.22	11277.00	0.00	0.00	0	perf_experiment
07:29:56 AM	1006	220572	99.00	2.00	0.00	0.00	101.00	45	1100.00	0.00	659088	584348	0.22	11017.50	0.00	0.00	0	perf_experiment
07:29:57 AM	1006	220572	98.00	1.00	0.00	0.00	99.00	45	1165.00	0.00	659088	584364	0.22	11438.00	0.00	0.00	0	perf_experiment
07:29:58 AM	1006	220572	96.00	2.00	0.00	0.00	98.00	45	9290.00	0.00	659088	584364	0.22	10858.00	32768.00	0.00	2	perf_experiment
07:29:59 AM	1006	220572	97.00	3.00	0.00	0.00	100.00	45	1096.00	0.00	659088	584364	0.22	10946.00	0.00	0.00	0	perf_experiment
07:30:00 AM	1006	220572	98.00	3.00	0.00	0.00	101.00	45	1149.00	0.00	659088	584364	0.22	11246.50	0.00	0.00	0	perf_experiment
07:30:01 AM	1006	220572	96.00	3.00	0.00	0.00	99.00	45	1124.00	0.00	659088	584364	0.22	11085.50	0.00	0.00	0	perf_experiment
07:30:02 AM	1006	220572	99.00	2.00	0.00	0.00	101.00	45	1579.00	0.00	659088	584364	0.22	11183.00	0.00	0.00	0	perf_experiment
07:30:03 AM	1006	220572	98.00	1.00	0.00	0.00	99.00	45	1054.00	0.00	659088	584364	0.22	10857.00	0.00	0.00	0	perf_experiment
07:30:04 AM	1006	220572	98.00	2.00	0.00	0.00	100.00	45	987.00	0.00	659088	584364	0.22	11215.50	0.00	0.00	0	perf_experiment
07:30:05 AM	1006	220572	97.00	3.00	0.00	0.00	100.00	45	977.00	0.00	659088	584364	0.22	11151.00	0.00	0.00	0	perf_experiment
07:30:06 AM	1006	220572	99.00	2.00	0.00	0.00	101.00	45	954.00	0.00	659088	584364	0.22	10865.50	0.00	0.00	0	perf_experiment
07:30:07 AM	1006	220572	96.00	1.00	0.00	0.00	97.00	45	9272.00	0.00	659088	584364	0.22	10685.00	32768.00	0.00	3	perf_experiment
07:30:08 AM	1006	220572	98.00	2.00	0.00	0.00	100.00	45	1166.00	0.00	659088	584364	0.22	11397.50	0.00	0.00	0	perf_experiment
07:30:09 AM	1006	220572	97.00	3.00	0.00	0.00	100.00	45	1124.00	0.00	659088	584364	0.22	10996.00	0.00	0.00	0	perf_experiment
07:30:10 AM	1006	220572	99.00	1.00	0.00	0.00	100.00	45	1137.00	0.00	659088	584364	0.22	11212.50	0.00	0.00	0	perf_experiment
07:30:11 AM	1006	220572	98.00	2.00	0.00	0.00	100.00	45	1168.00	0.00	659088	584364	0.22	11191.00	0.00	0.00	0	perf_experiment
07:30:12 AM	1006	220572	99.00	1.00	0.00	0.00	100.00	45	1144.00	0.00	659088	584364	0.22	11162.50	0.00	0.00	0	perf_experiment
07:30:13 AM	1006	220572	97.00	2.00	0.00	0.00	99.00	45	1157.00	0.00	659088	584364	0.22	11228.00	0.00	0.00	0	perf_experiment
07:30:14 AM	1006	220572	98.00	3.00	0.00	0.00	101.00	45	1155.00	0.00	659088	584364	0.22	11112.00	0.00	0.00	0	perf_experiment
07:30:15 AM	1006	220572	97.00	3.00	0.00	0.00	100.00	45	1160.00	0.00	659088	584364	0.22	11121.50	0.00	0.00	0	perf_experiment
07:30:16 AM	1006	220572	97.00	2.00	0.00	0.00	99.00	45	9238.00	0.00	659088	584364	0.22	10758.00	32768.00	0.00	0	perf_experiment
07:30:17 AM	1006	220572	95.00	4.00	0.00	0.00	99.00	45	230.00	0.00	659088	584364	0.22	11251.50	0.00	0.00	2	perf_experiment
07:30:18 AM	1006	220572	99.00	1.00	0.00	0.00	100.00	45	417.00	0.00	659088	584388	0.22	10867.00	0.00	0.00	0	perf_experiment
07:30:19 AM	1006	220572	97.00	3.00	0.00	0.00	100.00	45	41.00	0.00	659088	584388	0.22	11101.50	0.00	0.00	0	perf_experiment
07:30:20 AM	1006	220572	97.00	3.00	0.00	0.00	100.00	45	30.00	0.00	659088	584388	0.22	11036.50	0.00	0.00	0	perf_experiment
07:30:21 AM	1006	220572	98.00	2.00	0.00	0.00	100.00	45	13.00	0.00	659088	584388	0.22	11393.00	0.00	0.00	0	perf_experiment
07:30:22 AM	1006	220572	98.00	2.00	0.00	0.00	100.00	45	26.00	0.00	659088	584388	0.22	10871.00	0.00	0.00	0	perf_experiment
07:30:23 AM	1006	220572	98.00	1.00	0.00	0.00	99.00	45	10.00	0.00	659088	584388	0.22	11498.50	0.00	0.00	0	perf_experiment
07:30:24 AM	1006	220572	98.00	2.00	0.00	0.00	100.00	45	823.00	0.00	659088	584388	0.22	10613.00	0.00	0.00	0	perf_experiment
07:30:25 AM	1006	220572	100.00	1.00	0.00	0.00	101.00	45	885.00	0.00	659088	584388	0.22	11531.00	0.00	0.00	0	perf_experiment
07:30:26 AM	1006	220572	94.00	4.00	0.00	0.00	98.00	45	9015.00	0.00	659088	584388	0.22	10673.50	32768.00	0.00	2	perf_experiment
07:30:27 AM	1006	220572	99.00	1.00	0.00	0.00	100.00	45	848.00	0.00	659088	584388	0.22	11064.00	0.00	0.00	0	perf_experiment
07:30:28 AM	1006	220572	98.00	2.00	0.00	0.00	100.00	45	865.00	0.00	659220	584420	0.22	11130.50	0.00	0.00	0	perf_experiment
07:30:29 AM	1006	220572	98.00	1.00	0.00	0.00	99.00	45	927.00	0.00	659220	584420	0.22	11300.00	0.00	0.00	0	perf_experiment
07:30:30 AM	1006	220572	96.04	2.97	0.00	0.00	99.01	45	963.37	0.00	659220	584420	0.22	10746.53	0.00	0.00	0	perf_experiment
07:30:31 AM	1006	220572	98.00	2.00	0.00	0.00	100.00	45	998.00	0.00	659220	584444	0.22	11217.00	0.00	0.00	0	perf_experiment
07:30:32 AM	1006	220572	97.00	3.00	0.00	0.00	100.00	45	969.00	0.00	659220	584476	0.22	10785.50	0.00	0.00	0	perf_experiment
07:30:33 AM	1006	220572	99.00	2.00	0.00	0.00	101.00	45	1034.00	0.00	659220	584476	0.22	11608.00	0.00	0.00	0	perf_experiment
07:30:34 AM	1006	220572	98.00	2.00	0.00	0.00	100.00	45	857.00	0.00	659220	584476	0.22	10852.00	0.00	0.00	0	perf_experiment
07:30:35 AM	1006	220572	94.00	3.00	0.00	0.00	97.00	45	8324.00	0.00	659220	584476	0.22	10627.00	32768.00	0.00	3	perf_experiment
07:30:36 AM	1006	220572	99.00	0.00	0.00	0.00	99.00	45	11.00	0.00	659220	584476	0.22	11480.00	0.00	0.00	0	perf_experiment
07:30:37 AM	1006	220572	99.00	2.00	0.00	0.00	101.00	45	169.00	0.00	659220	584476	0.22	10961.00	0.00	0.00	0	perf_experiment
07:30:38 AM	1006	220572	99.00	1.00	0.00	0.00	100.00	45	1419.00	0.00	659220	584476	0.22	11401.00	0.00	0.00	0	perf_experiment
07:30:39 AM	1006	220572	98.00	1.00	0.00	0.00	99.00	45	909.00	0.00	659220	584476	0.22	10785.00	0.00	0.00	0	perf_experiment
07:30:40 AM	1006	220572	99.00	2.00	0.00	0.00	101.00	45	970.00	0.00	659220	584476	0.22	11502.50	0.00	0.00	0	perf_experiment
07:30:41 AM	1006	220572	99.00	0.00	0.00	0.00	99.00	45	872.00	0.00	659220	584476	0.22	10824.50	0.00	0.00	0	perf_experiment
07:30:42 AM	1006	220572	97.00	4.00	0.00	0.00	101.00	45	890.00	0.00	659220	584492	0.22	11524.00	0.00	0.00	0	perf_experiment
07:30:43 AM	1006	220572	99.00	0.00	0.00	0.00	99.00	45	288.00	0.00	659220	584492	0.22	10887.50	0.00	0.00	0	perf_experiment
07:30:44 AM	1006	220572	96.00	3.00	0.00	0.00	99.00	45	8570.00	0.00	659220	584492	0.22	10911.50	32768.00	0.00	2	perf_experiment
07:30:45 AM	1006	220572	98.00	2.00	0.00	0.00	100.00	45	984.00	0.00	659220	584492	0.22	10928.50	0.00	0.00	0	perf_experiment
07:30:46 AM	1006	220572	98.00	2.00	0.00	0.00	100.00	45	996.00	0.00	659220	584492	0.22	11213.00	0.00	0.00	0	perf_experiment
07:30:47 AM	1006	220572	98.00	1.00	0.00	0.00	99.00	45	971.00	0.00	659220	584492	0.22	11345.50	0.00	0.00	0	perf_experiment
07:30:48 AM	1006	220572	99.00	2.00	0.00	0.00	101.00	45	843.00	0.00	659220	584492	0.22	10920.50	0.00	0.00	0	perf_experiment
07:30:49 AM	1006	220572	99.00	0.00	0.00	0.00	99.00	45	874.00	0.00	659220	584492	0.22	11285.50	0.00	0.00	0	perf_experiment
07:30:50 AM	1006	220572	98.00	3.00	0.00	0.00	101.00	45	854.00	0.00	659220	584492	0.22	11113.00	0.00	0.00	0	perf_experiment
07:30:51 AM	1006	220572	97.00	3.00	0.00	0.00	100.00	45	854.00	0.00	659220	584492	0.22	11069.00	0.00	0.00	0	perf_experiment
07:30:52 AM	1006	220572	98.00	2.00	0.00	0.00	100.00	45	887.00	0.00	659220	584492	0.22	11452.00	0.00	0.00	0	perf_experiment
07:30:53 AM	1006	220572	95.00	3.00	0.00	0.00	98.00	45	8890.00	0.00	659220	584492	0.22	10905.50	32768.00	0.00	2	perf_experiment
07:30:54 AM	1006	220572	98.00	2.00	0.00	0.00	100.00	45	11.00	0.00	659220	584492	0.22	10605.00	0.00	0.00	0	perf_experiment
07:30:55 AM	1006	220572	96.00	3.00	0.00	0.00	99.00	45	13.00	0.00	659220	584492	0.22	11632.50	0.00	0.00	0	perf_experiment
07:30:56 AM	1006	220572	98.00	2.00	0.00	0.00	100.00	45	16.00	0.00	659220	584492	0.22	10892.00	0.00	0.00	0	perf_experiment
07:30:57 AM	1006	220572	97.00	3.00	0.00	0.00	100.00	45	14.00	0.00	659220	584492	0.22	11280.00	0.00	0.00	0	perf_experiment
07:30:58 AM	1006	220572	99.00	1.00	0.00	0.00	100.00	45	14.00	0.00	659220	584492	0.22	10905.50	0.00	0.00	0	perf_experiment
07:30:59 AM	1006	220572	99.00	2.00	0.00	0.00	101.00	45	11.00	0.00	659220	584492	0.22	11439.50	0.00	0.00	0	perf_experiment
07:31:00 AM	1006	220572	99.00	1.00	0.00	0.00	100.00	45	12.00	0.00	659220	584492	0.22	10883.50	0.00	0.00	0	perf_experiment
07:31:01 AM	1006	220572	97.00	3.00	0.00	0.00	100.00	45	10.00	0.00	659220	584508	0.22	11200.00	0.00	0.00	0	perf_experiment
07:31:02 AM	1006	220572	96.00	2.00	0.00	0.00	98.00	45	8207.00	0.00	659220	584508	0.22	10703.50	32768.00	0.00	2	perf_experiment
07:31:03 AM	1006	220572	98.00	2.00	0.00	0.00	100.00	45	98.00	0.00	659220	584508	0.22	11203.00	0.00	0.00	0	perf_experiment
07:31:04 AM	1006	220572	99.00	0.00	0.00	0.00	99.00	45	1529.00	0.00	659220	584508	0.22	10994.50	0.00	0.00	0	perf_experiment
07:31:05 AM	1006	220572	98.00	2.00	0.00	0.00	100.00	45	1004.00	0.00	659220	584508	0.22	11204.50	0.00	0.00	0	perf_experiment
07:31:06 AM	1006	220572	98.00	3.00	0.00	0.00	101.00	45	1038.00	0.00	659220	584508	0.22	11416.50	0.00	0.00	0	perf_experiment
07:31:07 AM	1006	220572	98.00	1.00	0.00	0.00	99.00	45	922.00	0.00	659220	584508	0.22	10741.50	0.00	0.00	0	perf_experiment
07:31:08 AM	1006	220572	100.00	0.00	0.00	0.00	100.00	45	897.00	0.00	659220	584508	0.22	11581.50	0.00	0.00	0	perf_experiment
07:31:09 AM	1006	220572	98.00	2.00	0.00	0.00	100.00	45	838.00	0.00	659220	584508	0.22	10856.00	0.00	0.00	0	perf_experiment
07:31:10 AM	1006	220572	99.00	1.00	0.00	0.00	100.00	45	974.00	0.00	659220	584508	0.22	11170.00	0.00	0.00	0	perf_experiment
07:31:11 AM	1006	220572	97.00	3.00	0.00	0.00	100.00	45	980.00	0.00	659220	584508	0.22	11035.50	0.00	0.00	0	perf_experiment
07:31:12 AM	1006	220572	94.00	4.00	0.00	0.00	98.00	45	8396.00	0.00	659220	584508	0.22	11059.00	32768.00	0.00	3	perf_experiment
07:31:13 AM	1006	220572	97.00	3.00	0.00	0.00	100.00	45	10.00	0.00	659220	584508	0.22	10717.00	0.00	0.00	0	perf_experiment
07:31:14 AM	1006	220572	99.00	1.00	0.00	0.00	100.00	45	755.00	0.00	659220	584508	0.22	11255.50	0.00	0.00	0	perf_experiment
07:31:15 AM	1006	220572	98.00	2.00	0.00	0.00	100.00	45	828.00	0.00	659220	584508	0.22	10798.50	0.00	0.00	0	perf_experiment
07:31:16 AM	1006	220572	97.00	3.00	0.00	0.00	100.00	45	890.00	0.00	659220	584508	0.22	11559.50	0.00	0.00	0	perf_experiment
07:31:17 AM	1006	220572	98.00	2.00	0.00	0.00	100.00	45	840.00	0.00	659220	584532	0.22	10804.00	0.00	0.00	0	perf_experiment
07:31:18 AM	1006	220572	98.00	2.00	0.00	0.00	100.00	45	879.00	0.00	659220	584532	0.22	11399.00	0.00	0.00	0	perf_experiment
07:31:19 AM	1006	220572	98.00	1.00	0.00	0.00	99.00	45	847.00	0.00	659220	584532	0.22	10979.50	0.00	0.00	0	perf_experiment
07:31:20 AM	1006	220572	98.00	3.00	0.00	0.00	101.00	45	873.00	0.00	659220	584532	0.22	11357.00	0.00	0.00	0	perf_experiment
07:31:21 AM	1006	220572	96.00	1.00	0.00	0.00	97.00	45	9028.00	0.00	659220	584532	0.22	10837.00	32768.00	0.00	2	perf_experiment
07:31:22 AM	1006	220572	99.00	2.00	0.00	0.00	101.00	45	838.00	0.00	659220	584532	0.22	10935.00	0.00	0.00	0	perf_experiment
07:31:23 AM	1006	220572	98.00	1.00	0.00	0.00	99.00	45	893.00	0.00	659220	584532	0.22	11189.00	0.00	0.00	0	perf_experiment
07:31:24 AM	1006	220572	98.00	3.00	0.00	0.00	101.00	45	997.00	0.00	659220	584532	0.22	11126.50	0.00	0.00	0	perf_experiment
07:31:25 AM	1006	220572	98.00	1.00	0.00	0.00	99.00	45	977.00	0.00	659220	584532	0.22	10965.50	0.00	0.00	0	perf_experiment
07:31:26 AM	1006	220572	98.00	3.00	0.00	0.00	101.00	45	986.00	0.00	659220	584532	0.22	11117.00	0.00	0.00	0	perf_experiment
07:31:27 AM	1006	220572	99.00	1.00	0.00	0.00	100.00	45	994.00	0.00	659348	584556	0.22	11123.50	0.00	0.00	0	perf_experiment
07:31:28 AM	1006	220572	97.00	2.00	0.00	0.00	99.00	45	901.00	0.00	659348	584556	0.22	11046.50	0.00	0.00	0	perf_experiment
07:31:29 AM	1006	220572	100.00	1.00	0.00	0.00	101.00	45	858.00	0.00	659348	584556	0.22	11098.00	0.00	0.00	0	perf_experiment
07:31:30 AM	1006	220572	98.00	0.00	0.00	0.00	98.00	45	8654.00	0.00	659348	584556	0.22	10666.00	32768.00	0.00	2	perf_experiment
07:31:31 AM	1006	220572	96.00	3.00	0.00	0.00	99.00	45	13.00	0.00	659348	584556	0.22	11510.00	0.00	0.00	0	perf_experiment
07:31:32 AM	1006	220572	98.00	2.00	0.00	0.00	100.00	45	12.00	0.00	659348	584556	0.22	10896.50	0.00	0.00	0	perf_experiment
07:31:33 AM	1006	220572	97.00	3.00	0.00	0.00	100.00	45	12.00	0.00	659348	584556	0.22	10990.50	0.00	0.00	0	perf_experiment
07:31:34 AM	1006	220572	97.00	3.00	0.00	0.00	100.00	45	19.00	0.00	659348	584556	0.22	11520.50	0.00	0.00	0	perf_experiment
07:31:35 AM	1006	220572	98.00	2.00	0.00	0.00	100.00	45	10.00	0.00	659348	584556	0.22	10959.00	0.00	0.00	0	perf_experiment
07:31:36 AM	1006	220572	96.00	4.00	0.00	0.00	100.00	45	13.00	0.00	659348	584556	0.22	11134.50	0.00	0.00	0	perf_experiment
07:31:37 AM	1006	220572	98.00	2.00	0.00	0.00	100.00	45	497.00	0.00	659348	584580	0.22	11247.00	0.00	0.00	0	perf_experiment
07:31:38 AM	1006	220572	98.00	3.00	0.00	0.00	101.00	45	599.00	0.00	659348	584580	0.22	10732.50	0.00	0.00	0	perf_experiment
07:31:39 AM	1006	220572	96.00	1.00	0.00	0.00	97.00	45	8416.00	0.00	659348	584580	0.22	10969.50	32768.00	0.00	3	perf_experiment
07:31:40 AM	1006	220572	99.00	1.00	0.00	0.00	100.00	45	227.00	0.00	659348	584580	0.22	10996.00	0.00	0.00	0	perf_experiment
07:31:41 AM	1006	220572	99.00	1.00	0.00	0.00	100.00	45	46.00	0.00	659348	584580	0.22	11262.00	0.00	0.00	0	perf_experiment
07:31:42 AM	1006	220572	98.00	2.00	0.00	0.00	100.00	45	19.00	0.00	659348	584580	0.22	11185.50	0.00	0.00	0	perf_experiment
07:31:43 AM	1006	220572	97.00	3.00	0.00	0.00	100.00	45	15.00	0.00	659348	584580	0.22	10988.50	0.00	0.00	0	perf_experiment
07:31:44 AM	1006	220572	97.00	3.00	0.00	0.00	100.00	45	11.00	0.00	659348	584580	0.22	11396.00	0.00	0.00	0	perf_experiment
07:31:45 AM	1006	220572	99.00	1.00	0.00	0.00	100.00	45	17.00	0.00	659348	584600	0.22	10917.00	0.00	0.00	0	perf_experiment
07:31:46 AM	1006	220572	98.00	2.00	0.00	0.00	100.00	45	8.00	0.00	659348	584600	0.22	11359.50	0.00	0.00	0	perf_experiment
07:31:47 AM	1006	220572	97.00	3.00	0.00	0.00	100.00	45	9.00	0.00	659348	584600	0.22	10942.50	0.00	0.00	0	perf_experiment
07:31:48 AM	1006	220572	97.00	3.00	0.00	0.00	100.00	45	10.00	0.00	659348	584600	0.22	11497.00	0.00	0.00	0	perf_experiment
07:31:49 AM	1006	220572	95.00	3.00	0.00	0.00	98.00	45	8205.00	0.00	659348	584608	0.22	10602.50	32768.00	0.00	2	perf_experiment
07:31:50 AM	1006	220572	99.00	1.00	0.00	0.00	100.00	45	9.00	0.00	659348	584608	0.22	11220.50	0.00	0.00	0	perf_experiment
07:31:51 AM	1006	220572	97.00	3.00	0.00	0.00	100.00	45	858.00	0.00	659348	584608	0.22	10925.00	0.00	0.00	0	perf_experiment
07:31:52 AM	1006	220572	98.00	2.00	0.00	0.00	100.00	45	968.00	0.00	659348	584608	0.22	10956.50	0.00	0.00	0	perf_experiment
07:31:53 AM	1006	220572	97.00	3.00	0.00	0.00	100.00	45	1001.00	0.00	659348	584608	0.22	11338.50	0.00	0.00	0	perf_experiment
07:31:54 AM	1006	220572	98.00	2.00	0.00	0.00	100.00	45	966.00	0.00	659348	584608	0.22	10944.00	0.00	0.00	0	perf_experiment
07:31:55 AM	1006	220572	97.00	3.00	0.00	0.00	100.00	45	991.00	0.00	659348	584632	0.22	11109.50	0.00	0.00	0	perf_experiment
07:31:56 AM	1006	220572	98.00	2.00	0.00	0.00	100.00	45	1011.00	0.00	659348	584632	0.22	11416.00	0.00	0.00	0	perf_experiment
07:31:57 AM	1006	220572	96.00	2.00	0.00	0.00	98.00	45	9135.00	0.00	659348	584632	0.22	10624.50	32768.00	0.00	2	perf_experiment
07:31:58 AM	1006	220572	98.00	1.00	0.00	0.00	99.00	45	1000.00	0.00	659348	584632	0.22	11329.50	0.00	0.00	0	perf_experiment
07:31:59 AM	1006	220572	99.00	2.00	0.00	0.00	101.00	45	976.00	0.00	659348	584632	0.22	10977.00	0.00	0.00	0	perf_experiment
07:32:00 AM	1006	220572	98.00	2.00	0.00	0.00	100.00	45	989.00	0.00	659348	584632	0.22	11160.50	0.00	0.00	0	perf_experiment
07:32:01 AM	1006	220572	99.00	1.00	0.00	0.00	100.00	45	988.00	0.00	659348	584640	0.22	11147.00	0.00	0.00	0	perf_experiment
07:32:02 AM	1006	220572	98.00	2.00	0.00	0.00	100.00	45	997.00	0.00	659348	584640	0.22	11253.00	0.00	0.00	0	perf_experiment
07:32:03 AM	1006	220572	98.00	2.00	0.00	0.00	100.00	45	974.00	0.00	659348	584640	0.22	10952.00	0.00	0.00	0	perf_experiment
07:32:04 AM	1006	220572	98.00	2.00	0.00	0.00	100.00	45	1021.00	0.00	659348	584640	0.22	11369.50	0.00	0.00	0	perf_experiment
07:32:05 AM	1006	220572	97.00	3.00	0.00	0.00	100.00	45	980.00	0.00	659348	584640	0.22	11098.50	0.00	0.00	0	perf_experiment
07:32:06 AM	1006	220572	95.00	3.00	0.00	0.00	98.00	45	8457.00	0.00	659348	584640	0.22	11090.50	32768.00	0.00	2	perf_experiment
07:32:07 AM	1006	220572	98.00	2.00	0.00	0.00	100.00	45	18.00	0.00	659348	584640	0.22	11005.50	0.00	0.00	0	perf_experiment
07:32:08 AM	1006	220572	98.00	1.00	0.00	0.00	99.00	45	15.00	0.00	659348	584640	0.22	11343.50	0.00	0.00	0	perf_experiment
07:32:09 AM	1006	220572	99.00	2.00	0.00	0.00	101.00	45	10.00	0.00	659348	584640	0.22	11570.50	0.00	0.00	0	perf_experiment
07:32:10 AM	1006	220572	98.00	2.00	0.00	0.00	100.00	45	13.00	0.00	659348	584640	0.22	11288.50	0.00	0.00	0	perf_experiment
07:32:11 AM	1006	220572	97.00	2.00	0.00	0.00	99.00	45	18.00	0.00	659348	584640	0.22	11238.00	0.00	0.00	0	perf_experiment
07:32:12 AM	1006	220572	98.00	3.00	0.00	0.00	101.00	45	14.00	0.00	659348	584640	0.22	11402.00	0.00	0.00	0	perf_experiment
07:32:13 AM	1006	220572	98.00	1.00	0.00	0.00	99.00	45	12.00	0.00	659348	584640	0.22	11363.50	0.00	0.00	0	perf_experiment
07:32:14 AM	1006	220572	95.00	3.00	0.00	0.00	98.00	45	8205.00	0.00	659348	584648	0.22	11015.50	32768.00	0.00	3	perf_experiment
07:32:15 AM	1006	220572	98.00	2.00	0.00	1.00	100.00	45	13.00	0.00	659348	584648	0.22	11685.50	0.00	0.00	0	perf_experiment
07:32:16 AM	1006	220572	97.03	1.98	0.00	0.00	99.01	45	11.88	0.00	659348	584648	0.22	11082.67	0.00	0.00	0	perf_experiment
07:32:17 AM	1006	220572	98.00	2.00	0.00	0.00	100.00	45	13.00	0.00	659348	584648	0.22	11038.00	0.00	0.00	0	perf_experiment
07:32:18 AM	1006	220572	99.00	1.00	0.00	0.00	100.00	45	17.00	0.00	659348	584648	0.22	11625.50	0.00	0.00	0	perf_experiment
07:32:19 AM	1006	220572	98.00	2.00	0.00	0.00	100.00	45	11.00	0.00	659348	584648	0.22	11137.00	0.00	0.00	0	perf_experiment
07:32:20 AM	1006	220572	97.00	3.00	0.00	0.00	100.00	45	16.00	0.00	659480	584648	0.22	11004.00	0.00	0.00	0	perf_experiment
07:32:21 AM	1006	220572	97.00	3.00	0.00	0.00	100.00	45	573.00	0.00	659480	584680	0.22	11667.50	0.00	0.00	0	perf_experiment
07:32:22 AM	1006	220572	95.00	3.00	0.00	0.00	98.00	45	9050.00	0.00	659480	584712	0.22	10280.50	32768.00	0.00	2	perf_experiment
07:32:23 AM	1006	220572	98.00	2.00	0.00	0.00	100.00	45	1378.00	0.00	659480	584720	0.22	11409.00	0.00	0.00	0	perf_experiment
07:32:24 AM	1006	220572	97.00	3.00	0.00	0.00	100.00	45	1330.00	0.00	659480	584720	0.22	10913.50	0.00	0.00	0	perf_experiment
07:32:25 AM	1006	220572	98.00	2.00	0.00	0.00	100.00	45	1021.00	0.00	659480	584720	0.22	11342.50	0.00	0.00	0	perf_experiment
07:32:26 AM	1006	220572	95.00	5.00	0.00	0.00	100.00	45	980.00	0.00	659480	584720	0.22	10983.50	0.00	0.00	0	perf_experiment
07:32:27 AM	1006	220572	98.00	3.00	0.00	0.00	101.00	45	989.00	0.00	659480	584720	0.22	11147.00	0.00	0.00	0	perf_experiment
07:32:28 AM	1006	220572	97.00	2.00	0.00	0.00	99.00	45	978.00	0.00	659480	584720	0.22	11058.50	0.00	0.00	0	perf_experiment
07:32:29 AM	1006	220572	99.00	1.00	0.00	0.00	100.00	45	999.00	0.00	659480	584720	0.22	11256.00	0.00	0.00	0	perf_experiment
07:32:30 AM	1006	220572	99.00	1.00	0.00	0.00	100.00	45	959.00	0.00	659480	584720	0.22	10763.00	0.00	0.00	0	perf_experiment
07:32:31 AM	1006	220572	96.00	2.00	0.00	0.00	98.00	45	8498.00	0.00	659480	584720	0.22	11081.50	32768.00	0.00	2	perf_experiment
07:32:32 AM	1006	220572	99.00	0.00	0.00	0.00	99.00	45	11.00	0.00	659480	584720	0.22	10867.00	0.00	0.00	0	perf_experiment
07:32:33 AM	1006	220572	97.00	3.00	0.00	0.00	100.00	45	13.00	0.00	659480	584720	0.22	11060.00	0.00	0.00	0	perf_experiment
07:32:34 AM	1006	220572	99.00	2.00	0.00	0.00	101.00	45	11.00	0.00	659480	584720	0.22	11070.50	0.00	0.00	0	perf_experiment
07:32:35 AM	1006	220572	97.00	3.00	0.00	0.00	100.00	45	14.00	0.00	659480	584720	0.22	11487.50	0.00	0.00	0	perf_experiment
07:32:36 AM	1006	220572	98.00	2.00	0.00	0.00	100.00	45	13.00	0.00	659480	584720	0.22	10629.00	0.00	0.00	0	perf_experiment
07:32:37 AM	1006	220572	97.00	3.00	0.00	0.00	100.00	45	15.00	0.00	659480	584736	0.22	11214.50	0.00	0.00	0	perf_experiment
07:32:38 AM	1006	220572	97.00	2.00	0.00	0.00	99.00	45	10.00	0.00	659480	584736	0.22	11422.50	0.00	0.00	0	perf_experiment
07:32:39 AM	1006	220572	97.00	2.00	0.00	0.00	99.00	45	8215.00	0.00	659480	584736	0.22	10638.50	32768.00	0.00	2	perf_experiment
07:32:40 AM	1006	220572	99.00	1.00	0.00	0.00	100.00	45	15.00	0.00	659480	584736	0.22	10990.50	0.00	0.00	0	perf_experiment
07:32:41 AM	1006	220572	98.00	2.00	0.00	0.00	100.00	45	14.00	0.00	659480	584736	0.22	10985.50	0.00	0.00	0	perf_experiment
07:32:42 AM	1006	220572	99.00	1.00	0.00	0.00	100.00	45	14.00	0.00	659480	584736	0.22	11187.50	0.00	0.00	0	perf_experiment
07:32:43 AM	1006	220572	98.00	1.00	0.00	0.00	99.00	45	9.00	0.00	659480	584736	0.22	11154.50	0.00	0.00	0	perf_experiment
07:32:44 AM	1006	220572	100.00	1.00	0.00	0.00	101.00	45	11.00	0.00	659480	584736	0.22	11042.50	0.00	0.00	0	perf_experiment
07:32:45 AM	1006	220572	99.00	1.00	0.00	0.00	100.00	45	26.00	0.00	659480	584760	0.22	11026.00	0.00	0.00	0	perf_experiment
07:32:46 AM	1006	220572	98.00	1.00	0.00	0.00	99.00	45	15.00	0.00	659480	584760	0.22	11382.00	0.00	0.00	0	perf_experiment
07:32:47 AM	1006	220572	99.00	2.00	0.00	0.00	101.00	45	10.00	0.00	659480	584760	0.22	10901.50	0.00	0.00	0	perf_experiment
07:32:48 AM	1006	220572	96.00	1.00	0.00	0.00	97.00	45	8203.00	0.00	659480	584760	0.22	10708.00	32768.00	0.00	3	perf_experiment
07:32:49 AM	1006	220572	98.00	2.00	0.00	0.00	100.00	45	9.00	0.00	659480	584760	0.22	11048.00	0.00	0.00	0	perf_experiment
07:32:50 AM	1006	220572	99.00	2.00	0.00	0.00	101.00	45	12.00	0.00	659480	584760	0.22	11311.00	0.00	0.00	0	perf_experiment
07:32:51 AM	1006	220572	99.00	0.00	0.00	0.00	99.00	45	12.00	0.00	659480	584760	0.22	11086.00	0.00	0.00	0	perf_experiment
07:32:52 AM	1006	220572	97.00	3.00	0.00	0.00	100.00	45	14.00	0.00	659480	584760	0.22	11241.50	0.00	0.00	0	perf_experiment
07:32:53 AM	1006	220572	99.00	1.00	0.00	0.00	100.00	45	12.00	0.00	659480	584760	0.22	10699.00	0.00	0.00	0	perf_experiment
07:32:54 AM	1006	220572	98.00	2.00	0.00	0.00	100.00	45	10.00	0.00	659480	584760	0.22	11527.00	0.00	0.00	0	perf_experiment
07:32:55 AM	1006	220572	97.00	3.00	0.00	0.00	100.00	45	12.00	0.00	659480	584760	0.22	10815.50	0.00	0.00	0	perf_experiment
07:32:56 AM	1006	220572	95.00	3.00	0.00	0.00	98.00	45	8218.00	0.00	659480	584760	0.22	11066.50	32768.00	0.00	2	perf_experiment
07:32:57 AM	1006	220572	100.00	0.00	0.00	0.00	100.00	45	12.00	0.00	659480	584760	0.22	10679.50	0.00	0.00	0	perf_experiment
07:32:58 AM	1006	220572	98.00	2.00	0.00	0.00	100.00	45	7.00	0.00	659480	584760	0.22	11482.50	0.00	0.00	0	perf_experiment
07:32:59 AM	1006	220572	98.00	2.00	0.00	0.00	100.00	45	10.00	0.00	659480	584760	0.22	10846.50	0.00	0.00	0	perf_experiment
07:33:00 AM	1006	220572	97.00	3.00	0.00	0.00	100.00	45	15.00	0.00	659480	584760	0.22	11225.00	0.00	0.00	0	perf_experiment
07:33:01 AM	1006	220572	98.00	2.00	0.00	0.00	100.00	45	14.00	0.00	659480	584760	0.22	10912.00	0.00	0.00	0	perf_experiment
07:33:02 AM	1006	220572	97.00	2.00	0.00	0.00	99.00	45	10.00	0.00	659480	584760	0.22	11330.00	0.00	0.00	0	perf_experiment
07:33:03 AM	1006	220572	97.00	3.00	0.00	0.00	100.00	45	9.00	0.00	659480	584760	0.22	10931.50	0.00	0.00	0	perf_experiment
07:33:04 AM	1006	220572	98.00	2.00	0.00	0.00	100.00	45	20.00	0.00	659480	584760	0.22	11096.50	0.00	0.00	0	perf_experiment
07:33:05 AM	1006	220572	97.00	2.00	0.00	0.00	99.00	45	8204.00	0.00	659480	584784	0.22	10606.50	32768.00	0.00	2	perf_experiment
07:33:06 AM	1006	220572	98.00	1.00	0.00	0.00	99.00	45	8.00	0.00	659480	584784	0.22	11195.50	0.00	0.00	0	perf_experiment
07:33:07 AM	1006	220572	100.00	1.00	0.00	0.00	101.00	45	13.00	0.00	659480	584784	0.22	11141.50	0.00	0.00	0	perf_experiment
07:33:08 AM	1006	220572	98.00	1.00	0.00	0.00	99.00	45	12.00	0.00	659480	584784	0.22	11187.50	0.00	0.00	0	perf_experiment
07:33:09 AM	1006	220572	100.00	1.00	0.00	0.00	101.00	45	12.00	0.00	659480	584784	0.22	10824.00	0.00	0.00	0	perf_experiment
07:33:10 AM	1006	220572	97.00	3.00	0.00	0.00	100.00	45	9.00	0.00	659480	584784	0.22	11367.00	0.00	0.00	0	perf_experiment
07:33:11 AM	1006	220572	99.00	1.00	0.00	0.00	100.00	45	12.00	0.00	659480	584784	0.22	11134.00	0.00	0.00	0	perf_experiment
07:33:12 AM	1006	220572	96.00	4.00	0.00	0.00	100.00	45	13.00	0.00	659480	584784	0.22	10850.00	0.00	0.00	0	perf_experiment
07:33:13 AM	1006	220572	96.00	2.00	0.00	0.00	98.00	45	8210.00	0.00	659608	584808	0.22	10724.50	32768.00	0.00	2	perf_experiment
07:33:14 AM	1006	220572	97.00	3.00	0.00	0.00	100.00	45	14.00	0.00	659608	584808	0.22	11420.50	0.00	0.00	0	perf_experiment
07:33:15 AM	1006	220572	99.00	0.00	0.00	0.00	99.00	45	13.00	0.00	659608	584808	0.22	10793.50	0.00	0.00	0	perf_experiment
07:33:16 AM	1006	220572	99.00	1.00	0.00	0.00	100.00	45	1163.00	0.00	659608	584808	0.22	11376.00	0.00	0.00	0	perf_experiment
07:33:17 AM	1006	220572	97.00	3.00	0.00	0.00	100.00	45	693.00	0.00	659608	584836	0.22	10723.00	0.00	0.00	0	perf_experiment
07:33:18 AM	1006	220572	98.00	3.00	0.00	0.00	101.00	45	541.00	0.00	659608	584836	0.22	11460.00	0.00	0.00	0	perf_experiment
07:33:19 AM	1006	220572	98.00	1.00	0.00	0.00	99.00	45	297.00	0.00	659608	584836	0.22	11219.00	0.00	0.00	0	perf_experiment
07:33:20 AM	1006	220572	100.00	0.00	0.00	0.00	100.00	45	38.00	0.00	659608	584836	0.22	10873.00	0.00	0.00	0	perf_experiment
07:33:21 AM	1006	220572	96.00	2.00	0.00	0.00	98.00	45	8212.00	0.00	659608	584836	0.22	11207.00	32768.00	0.00	3	perf_experiment
07:33:22 AM	1006	220572	96.00	4.00	0.00	0.00	100.00	45	9.00	0.00	659608	584836	0.22	11019.50	0.00	0.00	0	perf_experiment
07:33:23 AM	1006	220572	99.00	1.00	0.00	0.00	100.00	45	13.00	0.00	659608	584836	0.22	11095.00	0.00	0.00	0	perf_experiment
07:33:24 AM	1006	220572	97.00	3.00	0.00	0.00	100.00	45	15.00	0.00	659608	584836	0.22	11277.00	0.00	0.00	0	perf_experiment
07:33:25 AM	1006	220572	98.00	2.00	0.00	0.00	100.00	45	12.00	0.00	659608	584836	0.22	11047.00	0.00	0.00	0	perf_experiment
07:33:26 AM	1006	220572	99.00	0.00	0.00	0.00	99.00	45	11.00	0.00	659608	584836	0.22	11266.50	0.00	0.00	0	perf_experiment
07:33:27 AM	1006	220572	98.00	3.00	0.00	0.00	101.00	45	11.00	0.00	659608	584836	0.22	11342.50	0.00	0.00	0	perf_experiment
07:33:28 AM	1006	220572	98.00	2.00	0.00	0.00	100.00	45	14.00	0.00	659608	584836	0.22	11208.50	0.00	0.00	0	perf_experiment
07:33:29 AM	1006	220572	98.00	1.00	0.00	0.00	99.00	45	15.00	0.00	659608	584836	0.22	11736.50	0.00	0.00	0	perf_experiment
07:33:30 AM	1006	220572	95.00	3.00	0.00	0.00	98.00	45	8201.00	0.00	659608	584860	0.22	10629.00	32768.00	0.00	2	perf_experiment
07:33:31 AM	1006	220572	99.00	2.00	0.00	0.00	101.00	45	15.00	0.00	659608	584860	0.22	11629.00	0.00	0.00	0	perf_experiment
07:33:32 AM	1006	220572	99.00	1.00	0.00	0.00	100.00	45	10.00	0.00	659608	584860	0.22	10990.50	0.00	0.00	0	perf_experiment
07:33:33 AM	1006	220572	98.00	2.00	0.00	0.00	100.00	45	10.00	0.00	659608	584860	0.22	11257.50	0.00	0.00	0	perf_experiment
07:33:34 AM	1006	220572	99.00	0.00	0.00	0.00	99.00	45	9.00	0.00	659608	584860	0.22	11366.00	0.00	0.00	0	perf_experiment
07:33:35 AM	1006	220572	96.00	4.00	0.00	0.00	100.00	45	15.00	0.00	659608	584860	0.22	11320.00	0.00	0.00	0	perf_experiment
07:33:36 AM	1006	220572	97.00	3.00	0.00	0.00	100.00	45	475.00	0.00	659608	584860	0.22	11098.50	0.00	0.00	0	perf_experiment
07:33:37 AM	1006	220572	99.00	1.00	0.00	0.00	100.00	45	989.00	0.00	659608	584860	0.22	11175.00	0.00	0.00	0	perf_experiment
07:33:38 AM	1006	220572	97.00	2.00	0.00	0.00	99.00	45	9139.00	0.00	659608	584860	0.22	10680.00	32768.00	0.00	3	perf_experiment
07:33:39 AM	1006	220572	98.00	1.00	0.00	0.00	99.00	45	1049.00	0.00	659608	584860	0.22	11823.00	0.00	0.00	0	perf_experiment
07:33:40 AM	1006	220572	97.00	3.00	0.00	0.00	100.00	45	965.00	0.00	659608	584860	0.22	10864.50	0.00	0.00	0	perf_experiment
07:33:41 AM	1006	220572	99.00	1.00	0.00	0.00	100.00	45	1011.00	0.00	659608	584860	0.22	11374.00	0.00	0.00	0	perf_experiment
07:33:42 AM	1006	220572	99.00	1.00	0.00	0.00	100.00	45	986.00	0.00	659608	584892	0.22	11005.50	0.00	0.00	0	perf_experiment
07:33:43 AM	1006	220572	98.00	2.00	0.00	0.00	100.00	45	1005.00	0.00	659608	584892	0.22	11288.50	0.00	0.00	0	perf_experiment
07:33:44 AM	1006	220572	100.00	0.00	0.00	0.00	100.00	45	969.00	0.00	659608	584892	0.22	10953.00	0.00	0.00	0	perf_experiment
07:33:45 AM	1006	220572	98.00	2.00	0.00	0.00	100.00	45	976.00	0.00	659608	584900	0.22	10991.00	0.00	0.00	0	perf_experiment
07:33:46 AM	1006	220572	98.00	2.00	0.00	0.00	100.00	45	1006.00	0.00	659608	584900	0.22	11307.50	0.00	0.00	0	perf_experiment
07:33:47 AM	1006	220572	94.00	3.00	0.00	0.00	97.00	45	8221.00	0.00	659608	584900	0.22	10839.00	32768.00	0.00	2	perf_experiment
07:33:48 AM	1006	220572	99.00	2.00	0.00	0.00	101.00	45	12.00	0.00	659608	584900	0.22	11199.00	0.00	0.00	0	perf_experiment
07:33:49 AM	1006	220572	99.00	1.00	0.00	0.00	100.00	45	9.00	0.00	659608	584900	0.22	11122.00	0.00	0.00	0	perf_experiment
07:33:50 AM	1006	220572	97.00	2.00	0.00	0.00	99.00	45	13.00	0.00	659608	584900	0.22	10884.00	0.00	0.00	0	perf_experiment
07:33:51 AM	1006	220572	99.00	1.00	0.00	0.00	100.00	45	16.00	0.00	659608	584900	0.22	11320.50	0.00	0.00	0	perf_experiment
07:33:52 AM	1006	220572	99.00	1.00	0.00	0.00	100.00	45	11.00	0.00	659608	584900	0.22	11087.50	0.00	0.00	0	perf_experiment
07:33:53 AM	1006	220572	98.00	2.00	0.00	0.00	100.00	45	7.00	0.00	659608	584900	0.22	10732.00	0.00	0.00	0	perf_experiment
07:33:54 AM	1006	220572	98.00	2.00	0.00	0.00	100.00	45	11.00	0.00	659608	584900	0.22	11567.00	0.00	0.00	0	perf_experiment
07:33:55 AM	1006	220572	95.00	4.00	0.00	0.00	99.00	45	8205.00	0.00	659608	584900	0.22	10563.50	32768.00	0.00	2	perf_experiment
07:33:56 AM	1006	220572	97.00	3.00	0.00	0.00	100.00	45	25.00	0.00	659608	584900	0.22	11221.50	0.00	0.00	0	perf_experiment
07:33:57 AM	1006	220572	99.00	1.00	0.00	0.00	100.00	45	15.00	0.00	659608	584900	0.22	10869.00	0.00	0.00	0	perf_experiment
07:33:58 AM	1006	220572	98.00	2.00	0.00	0.00	100.00	45	23.00	0.00	659608	584900	0.22	11107.50	0.00	0.00	0	perf_experiment
07:33:59 AM	1006	220572	98.00	2.00	0.00	0.00	100.00	45	10.00	0.00	659608	584900	0.22	11083.50	0.00	0.00	0	perf_experiment
07:34:00 AM	1006	220572	98.00	2.00	0.00	0.00	100.00	45	10.00	0.00	659608	584900	0.22	11391.00	0.00	0.00	0	perf_experiment
07:34:01 AM	1006	220572	98.00	2.00	0.00	0.00	100.00	45	10.00	0.00	659608	584900	0.22	10756.00	0.00	0.00	0	perf_experiment
07:34:02 AM	1006	220572	97.00	3.00	0.00	0.00	100.00	45	16.00	0.00	659608	584924	0.22	11297.50	0.00	0.00	0	perf_experiment
07:34:03 AM	1006	220572	93.00	5.00	0.00	0.00	98.00	45	8207.00	0.00	659608	584924	0.22	10547.00	32768.00	0.00	2	perf_experiment
07:34:04 AM	1006	220572	98.00	2.00	0.00	0.00	100.00	45	13.00	0.00	659608	584924	0.22	11349.50	0.00	0.00	0	perf_experiment
07:34:05 AM	1006	220572	98.00	2.00	0.00	0.00	100.00	45	13.00	0.00	659608	584924	0.22	10832.00	0.00	0.00	0	perf_experiment
07:34:06 AM	1006	220572	97.00	2.00	0.00	0.00	99.00	45	11.00	0.00	659608	584924	0.22	11235.50	0.00	0.00	0	perf_experiment
07:34:07 AM	1006	220572	100.00	1.00	0.00	0.00	101.00	45	10.00	0.00	659608	584924	0.22	11147.00	0.00	0.00	0	perf_experiment
07:34:08 AM	1006	220572	98.00	2.00	0.00	0.00	100.00	45	8.00	0.00	659608	584924	0.22	11320.00	0.00	0.00	0	perf_experiment
07:34:09 AM	1006	220572	98.00	1.00	0.00	0.00	99.00	45	12.00	0.00	659608	584924	0.22	10711.00	0.00	0.00	0	perf_experiment
07:34:10 AM	1006	220572	97.03	2.97	0.00	0.00	100.00	45	20.79	0.00	659740	584924	0.22	11265.35	0.00	0.00	0	perf_experiment
07:34:11 AM	1006	220572	97.00	3.00	0.00	0.00	100.00	45	14.00	0.00	659740	584924	0.22	10893.00	0.00	0.00	0	perf_experiment
07:34:12 AM	1006	220572	96.00	2.00	0.00	0.00	98.00	45	8202.00	0.00	659740	584964	0.22	11136.00	32768.00	0.00	2	perf_experiment
07:34:13 AM	1006	220572	98.00	2.00	0.00	0.00	100.00	45	10.00	0.00	659740	584964	0.22	10743.00	0.00	0.00	0	perf_experiment
07:34:14 AM	1006	220572	96.00	3.00	0.00	0.00	99.00	45	17.00	0.00	659740	584964	0.22	11225.50	0.00	0.00	0	perf_experiment
07:34:15 AM	1006	220572	99.00	1.00	0.00	0.00	100.00	45	9.00	0.00	659740	584964	0.22	10915.00	0.00	0.00	0	perf_experiment
07:34:16 AM	1006	220572	98.00	3.00	0.00	0.00	101.00	45	1321.00	0.00	659740	584988	0.22	11484.00	0.00	0.00	0	perf_experiment
07:34:17 AM	1006	220572	98.00	1.00	0.00	0.00	99.00	45	2088.00	0.00	659740	584988	0.22	10805.00	0.00	0.00	0	perf_experiment
07:34:18 AM	1006	220572	99.00	2.00	0.00	0.00	101.00	45	1704.00	0.00	659740	584988	0.22	11068.00	0.00	0.00	0	perf_experiment
07:34:19 AM	1006	220572	97.00	2.00	0.00	0.00	99.00	45	1560.00	0.00	659740	584988	0.22	11238.50	0.00	0.00	0	perf_experiment
07:34:20 AM	1006	220572	96.00	3.00	0.00	0.00	99.00	45	8986.00	0.00	659740	584988	0.22	10800.50	32768.00	0.00	2	perf_experiment
07:34:21 AM	1006	220572	98.00	2.00	0.00	0.00	100.00	45	18.00	0.00	659740	584988	0.22	10945.00	0.00	0.00	0	perf_experiment
07:34:22 AM	1006	220572	97.00	2.00	0.00	0.00	99.00	45	11.00	0.00	659740	584988	0.22	11222.00	0.00	0.00	0	perf_experiment
07:34:23 AM	1006	220572	97.00	3.00	0.00	0.00	100.00	45	18.00	0.00	659740	584988	0.22	10839.50	0.00	0.00	0	perf_experiment
07:34:24 AM	1006	220572	97.00	3.00	0.00	0.00	100.00	45	15.00	0.00	659740	584988	0.22	11362.00	0.00	0.00	0	perf_experiment
07:34:25 AM	1006	220572	99.00	2.00	0.00	0.00	101.00	45	17.00	0.00	659740	585012	0.22	10804.50	0.00	0.00	0	perf_experiment
07:34:26 AM	1006	220572	99.00	1.00	0.00	0.00	100.00	45	14.00	0.00	659740	585012	0.22	11106.00	0.00	0.00	0	perf_experiment
07:34:27 AM	1006	220572	98.00	1.00	0.00	0.00	99.00	45	11.00	0.00	659740	585012	0.22	11449.50	0.00	0.00	0	perf_experiment
07:34:28 AM	1006	220572	98.00	3.00	0.00	0.00	101.00	45	10.00	0.00	659740	585012	0.22	10609.50	0.00	0.00	0	perf_experiment
07:34:29 AM	1006	220572	95.00	2.00	0.00	0.00	97.00	45	8201.00	0.00	659740	585012	0.22	10894.50	32768.00	0.00	3	perf_experiment
07:34:30 AM	1006	220572	97.00	2.00	0.00	0.00	99.00	45	12.00	0.00	659740	585012	0.22	11148.50	0.00	0.00	0	perf_experiment
07:34:31 AM	1006	220572	97.00	3.00	0.00	0.00	100.00	45	12.00	0.00	659740	585012	0.22	10815.00	0.00	0.00	0	perf_experiment
07:34:32 AM	1006	220572	97.00	3.00	0.00	0.00	100.00	45	13.00	0.00	659740	585012	0.22	11366.50	0.00	0.00	0	perf_experiment
07:34:33 AM	1006	220572	97.00	4.00	0.00	0.00	101.00	45	13.00	0.00	659740	585012	0.22	11090.50	0.00	0.00	0	perf_experiment
07:34:34 AM	1006	220572	98.00	2.00	0.00	0.00	100.00	45	9.00	0.00	659740	585012	0.22	10785.50	0.00	0.00	0	perf_experiment
07:34:35 AM	1006	220572	98.00	1.00	0.00	0.00	99.00	45	12.00	0.00	659740	585012	0.22	11387.00	0.00	0.00	0	perf_experiment
07:34:36 AM	1006	220572	99.00	1.00	0.00	0.00	100.00	45	307.00	0.00	659740	585012	0.22	10815.50	0.00	0.00	0	perf_experiment
07:34:37 AM	1006	220572	94.00	4.00	0.00	0.00	98.00	45	9158.00	0.00	659740	585012	0.22	10867.00	32768.00	0.00	2	perf_experiment
07:34:38 AM	1006	220572	98.00	2.00	0.00	0.00	100.00	45	962.00	0.00	659740	585012	0.22	10873.50	0.00	0.00	0	perf_experiment
07:34:39 AM	1006	220572	99.00	1.00	0.00	0.00	100.00	45	995.00	0.00	659740	585012	0.22	11242.50	0.00	0.00	0	perf_experiment
07:34:40 AM	1006	220572	99.00	1.00	0.00	0.00	100.00	45	971.00	0.00	659740	585012	0.22	10911.00	0.00	0.00	0	perf_experiment
07:34:41 AM	1006	220572	99.00	1.00	0.00	0.00	100.00	45	993.00	0.00	659740	585012	0.22	11192.00	0.00	0.00	0	perf_experiment
07:34:42 AM	1006	220572	99.00	1.00	0.00	0.00	100.00	45	955.00	0.00	659740	585012	0.22	10796.00	0.00	0.00	0	perf_experiment
07:34:43 AM	1006	220572	99.00	1.00	0.00	0.00	100.00	45	1010.00	0.00	659740	585012	0.22	11410.50	0.00	0.00	0	perf_experiment
07:34:44 AM	1006	220572	97.00	3.00	0.00	0.00	100.00	45	968.00	0.00	659740	585012	0.22	10890.00	0.00	0.00	0	perf_experiment
07:34:45 AM	1006	220572	96.00	4.00	0.00	0.00	100.00	45	1010.00	0.00	659740	585012	0.22	11379.00	0.00	0.00	0	perf_experiment
07:34:46 AM	1006	220572	96.00	2.00	0.00	0.00	98.00	45	8386.00	0.00	659740	585012	0.22	10251.00	32768.00	0.00	3	perf_experiment
07:34:47 AM	1006	220572	98.00	2.00	0.00	0.00	100.00	45	14.00	0.00	659740	585012	0.22	11305.00	0.00	0.00	0	perf_experiment
07:34:48 AM	1006	220572	97.00	3.00	0.00	0.00	100.00	45	13.00	0.00	659740	585044	0.22	10914.00	0.00	0.00	0	perf_experiment
07:34:49 AM	1006	220572	98.00	2.00	0.00	0.00	100.00	45	12.00	0.00	659740	585044	0.22	11409.00	0.00	0.00	0	perf_experiment
07:34:50 AM	1006	220572	98.00	2.00	0.00	0.00	100.00	45	10.00	0.00	659740	585044	0.22	10803.00	0.00	0.00	0	perf_experiment
07:34:51 AM	1006	220572	97.00	3.00	0.00	0.00	100.00	45	13.00	0.00	659740	585044	0.22	11286.50	0.00	0.00	0	perf_experiment
07:34:52 AM	1006	220572	98.00	2.00	0.00	0.00	100.00	45	15.00	0.00	659740	585044	0.22	11081.50	0.00	0.00	0	perf_experiment
07:34:53 AM	1006	220572	97.00	3.00	0.00	0.00	100.00	45	11.00	0.00	659740	585044	0.22	10935.50	0.00	0.00	0	perf_experiment
07:34:54 AM	1006	220572	96.00	2.00	0.00	0.00	98.00	45	8205.00	0.00	659740	585044	0.22	10724.50	32768.00	0.00	2	perf_experiment
07:34:55 AM	1006	220572	98.00	1.00	0.00	0.00	99.00	45	26.00	0.00	659868	585068	0.22	11217.50	0.00	0.00	0	perf_experiment
07:34:56 AM	1006	220572	99.00	2.00	0.00	0.00	101.00	45	26.00	0.00	659868	585068	0.22	11056.00	0.00	0.00	0	perf_experiment
07:34:57 AM	1006	220572	99.00	1.00	0.00	0.00	100.00	45	9.00	0.00	659868	585068	0.22	11041.50	0.00	0.00	0	perf_experiment
07:34:58 AM	1006	220572	99.00	1.00	0.00	0.00	100.00	45	11.00	0.00	659868	585068	0.22	11052.00	0.00	0.00	0	perf_experiment
07:34:59 AM	1006	220572	97.00	2.00	0.00	1.00	99.00	45	12.00	0.00	659868	585068	0.22	11081.00	0.00	0.00	0	perf_experiment
07:35:00 AM	1006	220572	99.00	2.00	0.00	0.00	101.00	45	13.00	0.00	659868	585084	0.22	11107.00	0.00	0.00	0	perf_experiment
07:35:01 AM	1006	220572	98.00	2.00	0.00	0.00	100.00	45	9.00	0.00	659868	585084	0.22	11111.00	0.00	0.00	0	perf_experiment
07:35:02 AM	1006	220572	98.00	2.00	0.00	0.00	100.00	45	11.00	0.00	659868	585084	0.22	11183.50	0.00	0.00	0	perf_experiment
07:35:03 AM	1006	220572	95.00	2.00	0.00	0.00	97.00	45	8204.00	0.00	659868	585084	0.22	11030.50	32768.00	0.00	2	perf_experiment
07:35:04 AM	1006	220572	98.00	2.00	0.00	0.00	100.00	45	13.00	0.00	659868	585084	0.22	10880.00	0.00	0.00	0	perf_experiment
07:35:05 AM	1006	220572	98.00	3.00	0.00	0.00	101.00	45	10.00	0.00	659868	585084	0.22	11010.00	0.00	0.00	0	perf_experiment
07:35:06 AM	1006	220572	97.00	2.00	0.00	0.00	99.00	45	9.00	0.00	659868	585084	0.22	11191.00	0.00	0.00	0	perf_experiment
07:35:07 AM	1006	220572	100.00	1.00	0.00	0.00	101.00	45	13.00	0.00	659868	585084	0.22	11363.00	0.00	0.00	0	perf_experiment
07:35:08 AM	1006	220572	96.00	3.00	0.00	0.00	99.00	45	13.00	0.00	659868	585084	0.22	11013.00	0.00	0.00	0	perf_experiment
07:35:09 AM	1006	220572	100.00	1.00	0.00	0.00	101.00	45	10.00	0.00	659868	585084	0.22	10909.50	0.00	0.00	0	perf_experiment
07:35:10 AM	1006	220572	99.00	0.00	0.00	0.00	99.00	45	14.00	0.00	659868	585084	0.22	11607.50	0.00	0.00	0	perf_experiment
07:35:11 AM	1006	220572	95.00	3.00	0.00	0.00	98.00	45	8213.00	0.00	659868	585084	0.22	10871.00	32768.00	0.00	3	perf_experiment
07:35:12 AM	1006	220572	98.00	2.00	0.00	0.00	100.00	45	12.00	0.00	659868	585084	0.22	11068.50	0.00	0.00	0	perf_experiment
07:35:13 AM	1006	220572	98.00	2.00	0.00	0.00	100.00	45	12.00	0.00	659868	585084	0.22	11260.50	0.00	0.00	0	perf_experiment
07:35:14 AM	1006	220572	98.00	2.00	0.00	0.00	100.00	45	20.00	0.00	659868	585116	0.22	11236.50	0.00	0.00	0	perf_experiment
07:35:15 AM	1006	220572	99.00	1.00	0.00	0.00	100.00	45	14.00	0.00	659868	585116	0.22	11157.50	0.00	0.00	0	perf_experiment
07:35:16 AM	1006	220572	99.00	1.00	0.00	0.00	100.00	45	690.00	0.00	659868	585140	0.22	11582.50	0.00	0.00	0	perf_experiment
07:35:17 AM	1006	220572	97.00	3.00	0.00	0.00	100.00	45	1619.00	0.00	659868	585140	0.22	10858.50	0.00	0.00	0	perf_experiment
07:35:18 AM	1006	220572	98.00	2.00	0.00	0.00	100.00	45	919.00	0.00	659868	585140	0.22	11476.50	0.00	0.00	0	perf_experiment
07:35:19 AM	1006	220572	95.00	3.00	0.00	0.00	98.00	45	9129.00	0.00	659868	585140	0.22	10901.00	32768.00	0.00	2	perf_experiment
07:35:20 AM	1006	220572	97.00	2.00	0.00	0.00	99.00	45	1083.00	0.00	659868	585140	0.22	11215.50	0.00	0.00	0	perf_experiment
07:35:21 AM	1006	220572	100.00	1.00	0.00	0.00	101.00	45	1041.00	0.00	659868	585140	0.22	11556.00	0.00	0.00	0	perf_experiment
07:35:22 AM	1006	220572	97.00	3.00	0.00	0.00	100.00	45	1017.00	0.00	659868	585140	0.22	11433.00	0.00	0.00	0	perf_experiment
07:35:23 AM	1006	220572	99.00	1.00	0.00	0.00	100.00	45	994.00	0.00	659868	585140	0.22	11188.00	0.00	0.00	0	perf_experiment
07:35:24 AM	1006	220572	98.00	2.00	0.00	0.00	100.00	45	1023.00	0.00	659868	585140	0.22	11511.00	0.00	0.00	0	perf_experiment
07:35:25 AM	1006	220572	98.00	2.00	0.00	0.00	100.00	45	975.00	0.00	659868	585140	0.22	11003.50	0.00	0.00	0	perf_experiment
07:35:26 AM	1006	220572	98.00	2.00	0.00	0.00	100.00	45	881.00	0.00	659868	585140	0.22	11190.00	0.00	0.00	0	perf_experiment
07:35:27 AM	1006	220572	98.00	2.00	0.00	0.00	100.00	45	12.00	0.00	659868	585140	0.22	11057.00	0.00	0.00	0	perf_experiment
07:35:28 AM	1006	220572	96.00	2.00	0.00	0.00	98.00	45	8204.00	0.00	659868	585140	0.22	10862.00	32768.00	0.00	2	perf_experiment
07:35:29 AM	1006	220572	98.00	1.00	0.00	0.00	99.00	45	11.00	0.00	659868	585140	0.22	11141.50	0.00	0.00	0	perf_experiment
07:35:30 AM	1006	220572	99.00	1.00	0.00	0.00	100.00	45	18.00	0.00	659868	585140	0.22	11241.00	0.00	0.00	0	perf_experiment
07:35:31 AM	1006	220572	99.00	2.00	0.00	0.00	101.00	45	12.00	0.00	659868	585140	0.22	10969.00	0.00	0.00	0	perf_experiment
07:35:32 AM	1006	220572	98.00	1.00	0.00	0.00	99.00	45	9.00	0.00	659868	585156	0.22	11423.00	0.00	0.00	0	perf_experiment
07:35:33 AM	1006	220572	97.00	3.00	0.00	0.00	100.00	45	8.00	0.00	659868	585156	0.22	11001.00	0.00	0.00	0	perf_experiment
07:35:34 AM	1006	220572	98.00	2.00	0.00	0.00	100.00	45	8.00	0.00	659868	585156	0.22	10879.00	0.00	0.00	0	perf_experiment
07:35:35 AM	1006	220572	97.00	3.00	0.00	0.00	100.00	45	9.00	0.00	659868	585156	0.22	11554.00	0.00	0.00	0	perf_experiment
07:35:36 AM	1006	220572	96.00	2.00	0.00	0.00	98.00	45	8212.00	0.00	659868	585156	0.22	10493.50	32768.00	0.00	3	perf_experiment
07:35:37 AM	1006	220572	99.00	1.00	0.00	0.00	100.00	45	10.00	0.00	659868	585156	0.22	11031.50	0.00	0.00	0	perf_experiment
07:35:38 AM	1006	220572	96.00	4.00	0.00	0.00	100.00	45	10.00	0.00	659868	585156	0.22	11190.50	0.00	0.00	0	perf_experiment
07:35:39 AM	1006	220572	100.00	0.00	0.00	0.00	100.00	45	9.00	0.00	659868	585156	0.22	10794.00	0.00	0.00	0	perf_experiment
07:35:40 AM	1006	220572	98.00	2.00	0.00	0.00	100.00	45	10.00	0.00	659868	585156	0.22	11153.00	0.00	0.00	0	perf_experiment
07:35:41 AM	1006	220572	98.00	2.00	0.00	0.00	100.00	45	12.00	0.00	659868	585156	0.22	11095.50	0.00	0.00	0	perf_experiment
07:35:42 AM	1006	220572	96.00	4.00	0.00	0.00	100.00	45	13.00	0.00	659868	585156	0.22	10949.00	0.00	0.00	0	perf_experiment
07:35:43 AM	1006	220572	99.00	1.00	0.00	0.00	100.00	45	15.00	0.00	659868	585180	0.22	11490.50	0.00	0.00	0	perf_experiment
07:35:44 AM	1006	220572	99.00	1.00	0.00	0.00	100.00	45	8.00	0.00	659868	585180	0.22	11032.50	0.00	0.00	0	perf_experiment
07:35:45 AM	1006	220572	97.00	1.00	0.00	0.00	98.00	45	8200.00	0.00	659868	585180	0.22	10693.00	32768.00	0.00	2	perf_experiment
07:35:46 AM	1006	220572	96.00	4.00	0.00	0.00	100.00	45	8.00	0.00	659868	585180	0.22	11331.00	0.00	0.00	0	perf_experiment
07:35:47 AM	1006	220572	97.00	3.00	0.00	0.00	100.00	45	9.00	0.00	659868	585180	0.22	11097.00	0.00	0.00	0	perf_experiment
07:35:48 AM	1006	220572	97.00	3.00	0.00	0.00	100.00	45	7.00	0.00	659868	585180	0.22	11388.50	0.00	0.00	0	perf_experiment
07:35:49 AM	1006	220572	96.00	4.00	0.00	0.00	100.00	45	10.00	0.00	659868	585180	0.22	10942.00	0.00	0.00	0	perf_experiment
07:35:50 AM	1006	220572	98.00	1.00	0.00	0.00	99.00	45	11.00	0.00	659868	585180	0.22	11372.00	0.00	0.00	0	perf_experiment
07:35:51 AM	1006	220572	98.00	2.00	0.00	0.00	100.00	45	12.00	0.00	659868	585180	0.22	10856.50	0.00	0.00	0	perf_experiment
07:35:52 AM	1006	220572	97.00	4.00	0.00	0.00	101.00	45	16.00	0.00	659868	585180	0.22	11465.50	0.00	0.00	0	perf_experiment
07:35:53 AM	1006	220572	98.00	2.00	0.00	0.00	100.00	45	25.00	0.00	660004	585180	0.22	11005.50	0.00	0.00	0	perf_experiment
07:35:54 AM	1006	220572	95.00	3.00	0.00	0.00	98.00	45	8210.00	0.00	660004	585212	0.22	11309.00	32768.00	0.00	2	perf_experiment
07:35:55 AM	1006	220572	99.00	1.00	0.00	0.00	100.00	45	12.00	0.00	660004	585212	0.22	10737.50	0.00	0.00	0	perf_experiment
07:35:56 AM	1006	220572	99.00	1.00	0.00	0.00	100.00	45	25.00	0.00	660004	585212	0.22	11809.50	0.00	0.00	0	perf_experiment
07:35:57 AM	1006	220572	96.00	4.00	0.00	0.00	100.00	45	11.00	0.00	660004	585212	0.22	11332.50	0.00	0.00	0	perf_experiment
07:35:58 AM	1006	220572	99.00	1.00	0.00	0.00	100.00	45	11.00	0.00	660004	585212	0.22	11409.50	0.00	0.00	0	perf_experiment
07:35:59 AM	1006	220572	98.00	2.00	0.00	0.00	100.00	45	11.00	0.00	660004	585212	0.22	11407.50	0.00	0.00	0	perf_experiment
07:36:00 AM	1006	220572	96.00	3.00	0.00	0.00	99.00	45	13.00	0.00	660004	585212	0.22	11349.50	0.00	0.00	0	perf_experiment
07:36:01 AM	1006	220572	98.00	3.00	0.00	0.00	101.00	45	12.00	0.00	660004	585212	0.22	11358.50	0.00	0.00	0	perf_experiment
07:36:02 AM	1006	220572	99.00	0.00	0.00	0.00	99.00	45	12.00	0.00	660004	585212	0.22	11373.00	0.00	0.00	0	perf_experiment
07:36:03 AM	1006	220572	95.00	2.00	0.00	0.00	97.00	45	8205.00	0.00	660004	585212	0.22	11016.50	32768.00	0.00	3	perf_experiment
07:36:04 AM	1006	220572	98.00	3.00	0.00	0.00	101.00	45	19.00	0.00	660004	585212	0.22	10903.50	0.00	0.00	0	perf_experiment
07:36:05 AM	1006	220572	98.00	2.00	0.00	0.00	100.00	45	15.00	0.00	660004	585212	0.22	12027.50	0.00	0.00	0	perf_experiment
07:36:06 AM	1006	220572	98.00	2.00	0.00	0.00	100.00	45	11.00	0.00	660004	585212	0.22	10903.50	0.00	0.00	0	perf_experiment
07:36:07 AM	1006	220572	97.00	3.00	0.00	0.00	100.00	45	17.00	0.00	660004	585240	0.22	11407.50	0.00	0.00	0	perf_experiment
07:36:08 AM	1006	220572	97.00	2.00	0.00	0.00	99.00	45	10.00	0.00	660004	585240	0.22	10831.00	0.00	0.00	0	perf_experiment
07:36:09 AM	1006	220572	98.02	1.98	0.00	0.00	100.00	45	8.91	0.00	660004	585240	0.22	11159.90	0.00	0.00	0	perf_experiment
07:36:10 AM	1006	220572	97.00	2.00	0.00	0.00	99.00	45	9.00	0.00	660004	585240	0.22	11290.00	0.00	0.00	0	perf_experiment
07:36:11 AM	1006	220572	98.00	2.00	0.00	0.00	100.00	45	10.00	0.00	660004	585240	0.22	10911.50	0.00	0.00	0	perf_experiment
07:36:12 AM	1006	220572	95.00	4.00	0.00	0.00	99.00	45	8204.00	0.00	660004	585264	0.22	10734.50	32768.00	0.00	2	perf_experiment
07:36:13 AM	1006	220572	98.00	2.00	0.00	0.00	100.00	45	11.00	0.00	660004	585264	0.22	11864.00	0.00	0.00	0	perf_experiment
07:36:14 AM	1006	220572	98.00	2.00	0.00	0.00	100.00	45	7.00	0.00	660004	585264	0.22	10759.00	0.00	0.00	0	perf_experiment
07:36:15 AM	1006	220572	98.00	2.00	0.00	0.00	100.00	45	7.00	0.00	660004	585264	0.22	11264.00	0.00	0.00	0	perf_experiment
07:36:16 AM	1006	220572	98.00	2.00	0.00	0.00	100.00	45	6.00	0.00	660004	585264	0.22	11079.50	0.00	0.00	0	perf_experiment
07:36:17 AM	1006	220572	98.00	2.00	0.00	0.00	100.00	45	2216.00	0.00	660004	585264	0.22	11228.50	0.00	0.00	0	perf_experiment
07:36:18 AM	1006	220572	99.00	1.00	0.00	0.00	100.00	45	836.00	0.00	660004	585272	0.22	10960.00	0.00	0.00	0	perf_experiment
07:36:19 AM	1006	220572	98.00	2.00	0.00	0.00	100.00	45	756.00	0.00	660004	585272	0.22	11192.50	0.00	0.00	0	perf_experiment
07:36:20 AM	1006	220572	99.00	1.00	0.00	0.00	100.00	45	753.00	0.00	660004	585272	0.22	10896.00	0.00	0.00	0	perf_experiment
07:36:21 AM	1006	220572	95.00	3.00	0.00	0.00	98.00	45	8432.00	0.00	660004	585272	0.22	10824.00	32768.00	0.00	2	perf_experiment
07:36:22 AM	1006	220572	97.00	3.00	0.00	0.00	100.00	45	9.00	0.00	660004	585272	0.22	11019.00	0.00	0.00	0	perf_experiment
07:36:23 AM	1006	220572	96.00	4.00	0.00	0.00	100.00	45	7.00	0.00	660004	585272	0.22	11286.00	0.00	0.00	0	perf_experiment
07:36:24 AM	1006	220572	98.00	2.00	0.00	0.00	100.00	45	8.00	0.00	660004	585272	0.22	11021.00	0.00	0.00	0	perf_experiment
07:36:25 AM	1006	220572	97.00	3.00	0.00	0.00	100.00	45	10.00	0.00	660004	585272	0.22	11047.50	0.00	0.00	0	perf_experiment
07:36:26 AM	1006	220572	98.00	1.00	0.00	0.00	99.00	45	9.00	0.00	660004	585272	0.22	11446.50	0.00	0.00	0	perf_experiment
07:36:27 AM	1006	220572	99.00	2.00	0.00	0.00	101.00	45	8.00	0.00	660004	585272	0.22	10771.50	0.00	0.00	0	perf_experiment
07:36:28 AM	1006	220572	97.00	3.00	0.00	0.00	100.00	45	7.00	0.00	660004	585272	0.22	11274.50	0.00	0.00	0	perf_experiment
07:36:29 AM	1006	220572	98.00	1.00	0.00	0.00	99.00	45	8.00	0.00	660004	585272	0.22	10879.50	0.00	0.00	0	perf_experiment
07:36:30 AM	1006	220572	99.00	1.00	0.00	0.00	100.00	45	8.00	0.00	660004	585272	0.22	11776.00	0.00	0.00	0	perf_experiment
07:36:31 AM	1006	220572	97.00	2.00	0.00	0.00	99.00	45	8202.00	0.00	660004	585272	0.22	10366.50	32768.00	0.00	2	perf_experiment
07:36:32 AM	1006	220572	98.00	1.00	0.00	0.00	99.00	45	13.00	0.00	660004	585272	0.22	11259.50	0.00	0.00	0	perf_experiment
07:36:33 AM	1006	220572	97.00	4.00	0.00	0.00	101.00	45	12.00	0.00	660004	585272	0.22	10752.50	0.00	0.00	0	perf_experiment
07:36:34 AM	1006	220572	99.00	0.00	0.00	0.00	99.00	45	13.00	0.00	660004	585272	0.22	11332.00	0.00	0.00	0	perf_experiment
07:36:35 AM	1006	220572	98.00	3.00	0.00	0.00	101.00	45	19.00	0.00	660004	585272	0.22	10794.50	0.00	0.00	0	perf_experiment
07:36:36 AM	1006	220572	98.00	1.00	0.00	0.00	99.00	45	11.00	0.00	660004	585272	0.22	11424.50	0.00	0.00	0	perf_experiment
07:36:37 AM	1006	220572	98.00	2.00	0.00	0.00	100.00	45	761.00	0.00	660004	585296	0.22	10686.50	0.00	0.00	0	perf_experiment
07:36:38 AM	1006	220572	96.00	5.00	0.00	0.00	101.00	45	880.00	0.00	660004	585296	0.22	11440.00	0.00	0.00	0	perf_experiment
07:36:39 AM	1006	220572	98.00	1.00	0.00	0.00	99.00	45	832.00	0.00	660004	585296	0.22	10822.50	0.00	0.00	0	perf_experiment
07:36:40 AM	1006	220572	92.00	6.00	0.00	0.00	98.00	45	9024.00	0.00	660004	585296	0.22	10798.50	32768.00	0.00	3	perf_experiment
07:36:41 AM	1006	220572	98.00	2.00	0.00	0.00	100.00	45	870.00	0.00	660004	585296	0.22	11329.00	0.00	0.00	0	perf_experiment
07:36:42 AM	1006	220572	98.00	2.00	0.00	0.00	100.00	45	838.00	0.00	660004	585296	0.22	10874.00	0.00	0.00	0	perf_experiment
07:36:43 AM	1006	220572	98.00	2.00	0.00	0.00	100.00	45	863.00	0.00	660004	585296	0.22	11198.00	0.00	0.00	0	perf_experiment
07:36:44 AM	1006	220572	98.00	2.00	0.00	0.00	100.00	45	858.00	0.00	660004	585296	0.22	11118.50	0.00	0.00	0	perf_experiment
07:36:45 AM	1006	220572	97.00	2.00	0.00	0.00	99.00	45	940.00	0.00	660004	585296	0.22	11209.00	0.00	0.00	0	perf_experiment
07:36:46 AM	1006	220572	99.00	2.00	0.00	0.00	101.00	45	970.00	0.00	660120	585328	0.22	10826.50	0.00	0.00	0	perf_experiment
07:36:47 AM	1006	220572	97.00	3.00	0.00	0.00	100.00	45	1004.00	0.00	660120	585328	0.22	11315.50	0.00	0.00	0	perf_experiment
07:36:48 AM	1006	220572	96.00	3.00	0.00	0.00	99.00	45	948.00	0.00	660120	585328	0.22	10640.00	0.00	0.00	0	perf_experiment
07:36:49 AM	1006	220572	95.00	3.00	0.00	0.00	98.00	45	8861.00	0.00	660120	585344	0.22	10987.50	32768.00	0.00	2	perf_experiment
07:36:50 AM	1006	220572	99.00	1.00	0.00	0.00	100.00	45	12.00	0.00	660120	585344	0.22	10849.50	0.00	0.00	0	perf_experiment
07:36:51 AM	1006	220572	99.00	1.00	0.00	0.00	100.00	45	11.00	0.00	660120	585344	0.22	11224.50	0.00	0.00	0	perf_experiment
07:36:52 AM	1006	220572	97.00	3.00	0.00	0.00	100.00	45	9.00	0.00	660120	585344	0.22	11321.00	0.00	0.00	0	perf_experiment
07:36:53 AM	1006	220572	98.00	2.00	0.00	0.00	100.00	45	6.00	0.00	660120	585344	0.22	10988.50	0.00	0.00	0	perf_experiment
07:36:54 AM	1006	220572	97.00	4.00	0.00	0.00	101.00	45	6.00	0.00	660120	585344	0.22	11358.50	0.00	0.00	0	perf_experiment
07:36:55 AM	1006	220572	99.00	1.00	0.00	0.00	100.00	45	7.00	0.00	660120	585344	0.22	10920.50	0.00	0.00	0	perf_experiment
07:36:56 AM	1006	220572	98.00	1.00	0.00	0.00	99.00	45	8.00	0.00	660120	585344	0.22	11259.00	0.00	0.00	0	perf_experiment
07:36:57 AM	1006	220572	99.00	2.00	0.00	0.00	101.00	45	24.00	0.00	660120	585344	0.22	11369.50	0.00	0.00	0	perf_experiment
07:36:58 AM	1006	220572	98.00	1.00	0.00	0.00	99.00	45	8.00	0.00	660120	585344	0.22	10911.00	0.00	0.00	0	perf_experiment
07:36:59 AM	1006	220572	95.00	3.00	0.00	0.00	98.00	45	8220.00	0.00	660120	585344	0.22	10705.00	32768.00	0.00	3	perf_experiment
07:37:00 AM	1006	220572	99.00	1.00	0.00	0.00	100.00	45	11.00	0.00	660120	585344	0.22	11363.50	0.00	0.00	0	perf_experiment
07:37:01 AM	1006	220572	98.00	2.00	0.00	0.00	100.00	45	12.00	0.00	660120	585344	0.22	11046.00	0.00	0.00	0	perf_experiment
07:37:02 AM	1006	220572	97.00	3.00	0.00	0.00	100.00	45	12.00	0.00	660120	585344	0.22	11086.00	0.00	0.00	0	perf_experiment
07:37:03 AM	1006	220572	99.00	2.00	0.00	0.00	101.00	45	11.00	0.00	660120	585376	0.22	11188.00	0.00	0.00	0	perf_experiment
07:37:04 AM	1006	220572	98.00	1.00	0.00	0.00	99.00	45	8.00	0.00	660120	585376	0.22	11165.50	0.00	0.00	0	perf_experiment
07:37:05 AM	1006	220572	99.00	1.00	0.00	0.00	100.00	45	9.00	0.00	660120	585376	0.22	11149.50	0.00	0.00	0	perf_experiment
07:37:06 AM	1006	220572	99.00	1.00	0.00	0.00	100.00	45	9.00	0.00	660120	585376	0.22	11185.00	0.00	0.00	0	perf_experiment
07:37:07 AM	1006	220572	99.00	1.00	0.00	0.00	100.00	45	9.00	0.00	660120	585376	0.22	11275.50	0.00	0.00	0	perf_experiment
07:37:08 AM	1006	220572	97.00	1.00	0.00	0.00	98.00	45	8203.00	0.00	660120	585376	0.22	11000.50	32768.00	0.00	2	perf_experiment
07:37:09 AM	1006	220572	97.00	3.00	0.00	0.00	100.00	45	11.00	0.00	660120	585376	0.22	11180.00	0.00	0.00	0	perf_experiment
07:37:10 AM	1006	220572	97.00	3.00	0.00	0.00	100.00	45	11.00	0.00	660120	585376	0.22	11244.50	0.00	0.00	0	perf_experiment
07:37:11 AM	1006	220572	97.00	3.00	0.00	0.00	100.00	45	9.00	0.00	660120	585376	0.22	11260.00	0.00	0.00	0	perf_experiment
07:37:12 AM	1006	220572	98.00	2.00	0.00	0.00	100.00	45	12.00	0.00	660120	585376	0.22	11280.50	0.00	0.00	0	perf_experiment
07:37:13 AM	1006	220572	98.00	2.00	0.00	0.00	100.00	45	14.00	0.00	660120	585376	0.22	11285.50	0.00	0.00	0	perf_experiment
07:37:14 AM	1006	220572	96.00	5.00	0.00	0.00	101.00	45	15.00	0.00	660120	585376	0.22	11439.00	0.00	0.00	0	perf_experiment
07:37:15 AM	1006	220572	98.00	2.00	0.00	0.00	100.00	45	12.00	0.00	660120	585376	0.22	11326.00	0.00	0.00	0	perf_experiment
07:37:16 AM	1006	220572	99.00	1.00	0.00	0.00	100.00	45	17.00	0.00	660120	585376	0.22	11442.50	0.00	0.00	0	perf_experiment
07:37:17 AM	1006	220572	95.00	2.00	0.00	0.00	97.00	45	11274.00	0.00	660120	585408	0.22	10673.50	32768.00	0.00	2	perf_experiment
07:37:18 AM	1006	220572	98.00	2.00	0.00	0.00	100.00	45	1997.00	0.00	660120	585408	0.22	11771.00	0.00	0.00	0	perf_experiment
07:37:19 AM	1006	220572	98.00	2.00	0.00	0.00	100.00	45	1614.00	0.00	660120	585408	0.22	11451.50	0.00	0.00	0	perf_experiment
07:37:20 AM	1006	220572	98.00	2.00	0.00	0.00	100.00	45	1539.00	0.00	660120	585408	0.22	11049.50	0.00	0.00	0	perf_experiment
07:37:21 AM	1006	220572	98.00	2.00	0.00	0.00	100.00	45	1213.00	0.00	660120	585408	0.22	11463.00	0.00	0.00	0	perf_experiment
07:37:22 AM	1006	220572	99.00	1.00	0.00	0.00	100.00	45	822.00	0.00	660120	585408	0.22	11200.50	0.00	0.00	0	perf_experiment
07:37:23 AM	1006	220572	99.00	1.00	0.00	0.00	100.00	45	745.00	0.00	660120	585408	0.22	11477.50	0.00	0.00	0	perf_experiment
07:37:24 AM	1006	220572	98.00	2.00	0.00	0.00	100.00	45	707.00	0.00	660120	585408	0.22	11034.50	0.00	0.00	0	perf_experiment
07:37:25 AM	1006	220572	96.00	4.00	0.00	0.00	100.00	45	731.00	0.00	660120	585408	0.22	11417.00	0.00	0.00	0	perf_experiment
07:37:26 AM	1006	220572	98.00	2.00	0.00	0.00	100.00	45	704.00	0.00	660120	585408	0.22	11010.00	0.00	0.00	0	perf_experiment
07:37:27 AM	1006	220572	97.00	3.00	0.00	0.00	100.00	45	854.00	0.00	660120	585408	0.22	11387.00	0.00	0.00	0	perf_experiment
07:37:28 AM	1006	220572	95.00	2.00	0.00	0.00	97.00	45	9153.00	0.00	660120	585408	0.22	10807.50	32768.00	0.00	2	perf_experiment
07:37:29 AM	1006	220572	97.00	3.00	0.00	0.00	100.00	45	970.00	0.00	660120	585408	0.22	10895.50	0.00	0.00	0	perf_experiment
07:37:30 AM	1006	220572	98.00	3.00	0.00	0.00	101.00	45	1000.00	0.00	660120	585408	0.22	11274.50	0.00	0.00	0	perf_experiment
07:37:31 AM	1006	220572	98.00	1.00	0.00	0.00	99.00	45	972.00	0.00	660120	585408	0.22	11115.50	0.00	0.00	0	perf_experiment
07:37:32 AM	1006	220572	97.00	4.00	0.00	0.00	101.00	45	759.00	0.00	660120	585440	0.22	11345.50	0.00	0.00	0	perf_experiment
07:37:33 AM	1006	220572	97.00	3.00	0.00	1.00	100.00	45	710.00	0.00	660120	585440	0.22	11109.50	0.00	0.00	0	perf_experiment
07:37:34 AM	1006	220572	98.00	2.00	0.00	0.00	100.00	45	728.00	0.00	660120	585440	0.22	11355.50	0.00	0.00	0	perf_experiment
07:37:35 AM	1006	220572	97.00	2.00	0.00	0.00	99.00	45	707.00	0.00	660120	585440	0.22	11064.00	0.00	0.00	0	perf_experiment
07:37:36 AM	1006	220572	99.00	1.00	0.00	0.00	100.00	45	720.00	0.00	660120	585440	0.22	11254.50	0.00	0.00	0	perf_experiment
07:37:37 AM	1006	220572	98.00	2.00	0.00	0.00	100.00	45	343.00	0.00	660120	585440	0.22	10849.50	0.00	0.00	0	perf_experiment
07:37:38 AM	1006	220572	95.00	3.00	0.00	0.00	98.00	45	8483.00	0.00	660120	585440	0.22	10836.50	32768.00	0.00	2	perf_experiment
07:37:39 AM	1006	220572	98.00	3.00	0.00	0.00	101.00	45	728.00	0.00	660120	585440	0.22	11413.50	0.00	0.00	0	perf_experiment
07:37:40 AM	1006	220572	99.00	0.00	0.00	0.00	99.00	45	698.00	0.00	660120	585440	0.22	10928.50	0.00	0.00	0	perf_experiment
07:37:41 AM	1006	220572	96.00	4.00	0.00	0.00	100.00	45	711.00	0.00	660120	585440	0.22	11149.00	0.00	0.00	0	perf_experiment
07:37:42 AM	1006	220572	98.00	2.00	0.00	0.00	100.00	45	746.00	0.00	660120	585440	0.22	11198.00	0.00	0.00	0	perf_experiment
07:37:43 AM	1006	220572	97.00	4.00	0.00	0.00	101.00	45	986.00	0.00	660120	585440	0.22	11100.00	0.00	0.00	0	perf_experiment
07:37:44 AM	1006	220572	98.00	2.00	0.00	0.00	100.00	45	981.00	0.00	660120	585440	0.22	11034.50	0.00	0.00	0	perf_experiment
07:37:45 AM	1006	220572	98.00	2.00	0.00	0.00	100.00	45	980.00	0.00	660120	585440	0.22	11050.00	0.00	0.00	0	perf_experiment
07:37:46 AM	1006	220572	99.00	1.00	0.00	0.00	100.00	45	969.00	0.00	660120	585440	0.22	10912.00	0.00	0.00	0	perf_experiment
07:37:47 AM	1006	220572	99.00	0.00	0.00	0.00	99.00	45	814.00	0.00	660120	585440	0.22	10958.00	0.00	0.00	0	perf_experiment
07:37:48 AM	1006	220572	96.00	3.00	0.00	0.00	99.00	45	8573.00	0.00	660120	585440	0.22	11006.50	32768.00	0.00	3	perf_experiment
07:37:49 AM	1006	220572	96.00	3.00	0.00	0.00	99.00	45	6.00	0.00	660120	585440	0.22	11108.00	0.00	0.00	0	perf_experiment
07:37:50 AM	1006	220572	98.00	3.00	0.00	0.00	101.00	45	7.00	0.00	660120	585440	0.22	11236.50	0.00	0.00	0	perf_experiment
07:37:51 AM	1006	220572	95.00	4.00	0.00	0.00	99.00	45	7.00	0.00	660120	585440	0.22	11168.00	0.00	0.00	0	perf_experiment
07:37:52 AM	1006	220572	97.00	4.00	0.00	0.00	101.00	45	19.00	0.00	660256	585440	0.22	11161.00	0.00	0.00	0	perf_experiment
07:37:53 AM	1006	220572	97.00	2.00	0.00	0.00	99.00	45	7.00	0.00	660256	585440	0.22	11028.50	0.00	0.00	0	perf_experiment
07:37:54 AM	1006	220572	97.00	3.00	0.00	0.00	100.00	45	7.00	0.00	660256	585440	0.22	11318.50	0.00	0.00	0	perf_experiment
07:37:55 AM	1006	220572	99.00	1.00	0.00	0.00	100.00	45	6.00	0.00	660256	585440	0.22	10982.00	0.00	0.00	0	perf_experiment
07:37:56 AM	1006	220572	97.00	3.00	0.00	0.00	100.00	45	6.00	0.00	660256	585440	0.22	11436.00	0.00	0.00	0	perf_experiment
07:37:57 AM	1006	220572	98.00	3.00	0.00	0.00	101.00	45	20.00	0.00	660256	585488	0.22	10878.50	0.00	0.00	0	perf_experiment
07:37:58 AM	1006	220572	97.00	2.00	0.00	0.00	99.00	45	12.00	0.00	660256	585488	0.22	11271.50	0.00	0.00	0	perf_experiment
07:37:59 AM	1006	220572	93.07	3.96	0.00	0.00	97.03	45	8125.74	0.00	660256	585488	0.22	10538.61	32443.56	0.00	2	perf_experiment
