Time	UID	PID	%usr	%system	%guest	%wait	%CPU	CPU	minflt/s	majflt/s	VSZ	RSS	%MEM	kB_rd/s	kB_wr/s	kB_ccwr/s	iodelay	Command
11:20:55 AM	1006	221240	68.00	31.00	0.00	0.00	99.00	22	145852.00	0.00	663456	588616	0.22	0.00	4.00	0.00	0	perf_experiment
11:20:56 AM	1006	221240	80.00	20.00	0.00	0.00	100.00	22	13824.00	0.00	670980	596236	0.23	0.00	0.00	0.00	0	perf_experiment
11:20:57 AM	1006	221240	78.00	19.00	0.00	0.00	97.00	22	42141.00	0.00	677976	603192	0.23	0.00	32768.00	0.00	2	perf_experiment
11:20:58 AM	1006	221240	76.00	19.00	0.00	0.00	95.00	22	37742.00	0.00	684180	609460	0.23	0.00	98304.00	0.00	6	perf_experiment
11:20:59 AM	1006	221240	77.00	16.00	0.00	0.00	93.00	22	36889.00	0.00	690252	615524	0.23	0.00	98304.00	0.00	7	perf_experiment
11:21:00 AM	1006	221240	76.00	17.00	0.00	0.00	93.00	22	34609.00	0.00	696192	621372	0.24	0.00	98304.00	0.00	6	perf_experiment
11:21:01 AM	1006	221240	39.00	61.00	0.00	0.00	100.00	22	4006.00	0.00	697108	622384	0.24	8446.50	0.00	0.00	0	perf_experiment
11:21:02 AM	1006	221240	32.00	68.00	0.00	0.00	100.00	22	661.00	0.00	697240	622532	0.24	9572.50	0.00	0.00	0	perf_experiment
11:21:03 AM	1006	221240	37.00	63.00	0.00	0.00	100.00	22	1207.00	0.00	697368	622688	0.24	9840.50	0.00	0.00	0	perf_experiment
11:21:04 AM	1006	221240	41.00	59.00	0.00	0.00	100.00	22	697.00	0.00	697600	622884	0.24	9996.50	0.00	0.00	0	perf_experiment
11:21:05 AM	1006	221240	35.00	63.00	0.00	0.00	98.00	22	8793.00	0.00	697728	623004	0.24	8891.00	32768.00	0.00	3	perf_experiment
11:21:06 AM	1006	221240	39.00	61.00	0.00	0.00	100.00	22	1244.00	0.00	697860	623160	0.24	10339.00	0.00	0.00	0	perf_experiment
11:21:07 AM	1006	221240	38.00	62.00	0.00	0.00	100.00	22	629.00	0.00	697996	623320	0.24	9362.50	0.00	0.00	0	perf_experiment
11:21:08 AM	1006	221240	37.00	63.00	0.00	0.00	100.00	22	681.00	0.00	698120	623468	0.24	9855.50	0.00	0.00	0	perf_experiment
11:21:09 AM	1006	221240	39.00	61.00	0.00	0.00	100.00	22	666.00	0.00	698256	623636	0.24	9909.50	0.00	0.00	0	perf_experiment
11:21:10 AM	1006	221240	38.00	62.00	0.00	0.00	100.00	22	1179.00	0.00	698520	623804	0.24	9306.00	0.00	0.00	0	perf_experiment
11:21:11 AM	1006	221240	35.00	65.00	0.00	0.00	100.00	22	698.00	0.00	698648	623988	0.24	10343.00	0.00	0.00	0	perf_experiment
11:21:12 AM	1006	221240	41.00	59.00	0.00	0.00	100.00	22	640.00	0.00	698784	624132	0.24	9175.50	0.00	0.00	0	perf_experiment
11:21:13 AM	1006	221240	38.00	61.00	0.00	0.00	99.00	22	637.00	0.00	698916	624264	0.24	9556.00	0.00	0.00	0	perf_experiment
11:21:14 AM	1006	221240	37.00	64.00	0.00	0.00	101.00	22	1221.00	0.00	699052	624432	0.24	10044.50	0.00	0.00	0	perf_experiment
11:21:15 AM	1006	221240	38.00	62.00	0.00	0.00	100.00	22	667.00	0.00	699296	624588	0.24	9740.00	0.00	0.00	0	perf_experiment
11:21:16 AM	1006	221240	38.00	62.00	0.00	0.00	100.00	22	671.00	0.00	699424	624760	0.24	9530.50	0.00	0.00	0	perf_experiment
11:21:17 AM	1006	221240	40.00	60.00	0.00	0.00	100.00	22	647.00	0.00	699552	624896	0.24	9723.50	0.00	0.00	0	perf_experiment
11:21:18 AM	1006	221240	30.00	67.00	0.00	0.00	97.00	22	8851.00	0.00	699812	625072	0.24	9716.00	32768.00	0.00	2	perf_experiment
11:21:19 AM	1006	221240	41.00	59.00	0.00	0.00	100.00	22	1250.00	0.00	699936	625220	0.24	9392.00	0.00	0.00	0	perf_experiment
11:21:20 AM	1006	221240	38.00	63.00	0.00	0.00	101.00	22	725.00	0.00	700064	625380	0.24	10052.50	0.00	0.00	0	perf_experiment
11:21:21 AM	1006	221240	40.00	60.00	0.00	0.00	100.00	22	692.00	0.00	700192	625532	0.24	9677.00	0.00	0.00	0	perf_experiment
11:21:22 AM	1006	221240	40.00	59.00	0.00	0.00	99.00	22	681.00	0.00	700320	625688	0.24	9540.00	0.00	0.00	0	perf_experiment
11:21:23 AM	1006	221240	36.00	65.00	0.00	0.00	101.00	22	710.00	0.00	700572	625856	0.24	10066.00	0.00	0.00	0	perf_experiment
11:21:24 AM	1006	221240	34.00	66.00	0.00	0.00	100.00	22	650.00	0.00	700708	626016	0.24	9264.50	0.00	0.00	0	perf_experiment
11:21:25 AM	1006	221240	38.00	62.00	0.00	0.00	100.00	22	677.00	0.00	700820	626164	0.24	9505.50	0.00	0.00	0	perf_experiment
11:21:26 AM	1006	221240	35.00	65.00	0.00	0.00	100.00	22	705.00	0.00	701072	626340	0.24	10356.50	0.00	0.00	0	perf_experiment
11:21:27 AM	1006	221240	37.00	63.00	0.00	0.00	100.00	22	682.00	0.00	701204	626496	0.24	9595.00	0.00	0.00	0	perf_experiment
11:21:28 AM	1006	221240	36.00	64.00	0.00	0.00	100.00	22	1398.00	0.00	701340	626648	0.24	9555.00	0.00	0.00	0	perf_experiment
11:21:29 AM	1006	221240	37.00	63.00	0.00	0.00	100.00	22	738.00	0.00	701468	626796	0.24	9817.50	0.00	0.00	0	perf_experiment
11:21:30 AM	1006	221240	33.00	67.00	0.00	0.00	100.00	22	748.00	0.00	701600	626960	0.24	10192.50	0.00	0.00	0	perf_experiment
11:21:31 AM	1006	221240	42.00	58.00	0.00	0.00	100.00	22	710.00	0.00	701860	627120	0.24	9147.00	0.00	0.00	0	perf_experiment
11:21:32 AM	1006	221240	34.00	63.00	0.00	0.00	97.00	22	8872.00	0.00	701996	627304	0.24	9969.00	32768.00	0.00	2	perf_experiment
11:21:33 AM	1006	221240	37.00	63.00	0.00	0.00	100.00	22	651.00	0.00	702132	627444	0.24	9221.50	0.00	0.00	0	perf_experiment
11:21:34 AM	1006	221240	38.00	62.00	0.00	0.00	100.00	22	682.00	0.00	702264	627596	0.24	10094.50	0.00	0.00	0	perf_experiment
11:21:35 AM	1006	221240	38.00	62.00	0.00	0.00	100.00	22	682.00	0.00	702384	627764	0.24	9670.50	0.00	0.00	0	perf_experiment
11:21:36 AM	1006	221240	39.00	61.00	0.00	0.00	100.00	22	1386.00	0.00	702636	627936	0.24	9590.00	0.00	0.00	0	perf_experiment
11:21:37 AM	1006	221240	43.00	57.00	0.00	0.00	100.00	22	805.00	0.00	702764	628080	0.24	10068.00	0.00	0.00	0	perf_experiment
11:21:38 AM	1006	221240	34.00	66.00	0.00	0.00	100.00	22	744.00	0.00	702888	628236	0.24	9523.00	0.00	0.00	0	perf_experiment
11:21:39 AM	1006	221240	36.00	64.00	0.00	0.00	100.00	22	809.00	0.00	703024	628380	0.24	9443.00	0.00	0.00	0	perf_experiment
11:21:40 AM	1006	221240	39.00	61.00	0.00	0.00	100.00	22	679.00	0.00	703284	628564	0.24	9998.00	0.00	0.00	0	perf_experiment
11:21:41 AM	1006	221240	39.00	61.00	0.00	0.00	100.00	22	669.00	0.00	703420	628712	0.24	9565.00	0.00	0.00	0	perf_experiment
11:21:42 AM	1006	221240	38.00	62.00	0.00	0.00	100.00	22	686.00	0.00	703532	628872	0.24	9667.00	0.00	0.00	0	perf_experiment
11:21:43 AM	1006	221240	37.00	63.00	0.00	0.00	100.00	22	673.00	0.00	703668	629020	0.24	9731.00	0.00	0.00	0	perf_experiment
11:21:44 AM	1006	221240	38.00	62.00	0.00	0.00	100.00	22	670.00	0.00	703924	629184	0.24	9973.50	0.00	0.00	0	perf_experiment
11:21:45 AM	1006	221240	35.00	63.00	0.00	0.00	98.00	22	8862.00	0.00	704048	629340	0.24	9094.50	32768.00	0.00	3	perf_experiment
11:21:46 AM	1006	221240	33.00	67.00	0.00	0.00	100.00	22	690.00	0.00	704172	629496	0.24	10087.50	0.00	0.00	0	perf_experiment
11:21:47 AM	1006	221240	42.00	58.00	0.00	0.00	100.00	22	670.00	0.00	704308	629648	0.24	9656.50	0.00	0.00	0	perf_experiment
11:21:48 AM	1006	221240	36.00	64.00	0.00	0.00	100.00	22	670.00	0.00	704436	629812	0.24	9626.00	0.00	0.00	0	perf_experiment
11:21:49 AM	1006	221240	43.00	57.00	0.00	0.00	100.00	22	709.00	0.00	704696	629988	0.24	10344.00	0.00	0.00	0	perf_experiment
11:21:50 AM	1006	221240	35.00	65.00	0.00	0.00	100.00	22	668.00	0.00	704816	630132	0.24	9505.00	0.00	0.00	0	perf_experiment
11:21:51 AM	1006	221240	34.00	66.00	0.00	0.00	100.00	22	1324.00	0.00	704952	630284	0.24	9113.50	0.00	0.00	0	perf_experiment
11:21:52 AM	1006	221240	43.00	57.00	0.00	0.00	100.00	22	979.00	0.00	705076	630452	0.24	10369.50	0.00	0.00	0	perf_experiment
11:21:53 AM	1006	221240	35.00	65.00	0.00	0.00	100.00	22	917.00	0.00	705336	630604	0.24	9664.50	0.00	0.00	0	perf_experiment
11:21:54 AM	1006	221240	31.00	69.00	0.00	0.00	100.00	22	661.00	0.00	705468	630760	0.24	9450.50	0.00	0.00	0	perf_experiment
11:21:55 AM	1006	221240	38.00	62.00	0.00	0.00	100.00	22	787.00	0.00	705596	630928	0.24	9906.50	0.00	0.00	0	perf_experiment
11:21:56 AM	1006	221240	37.00	63.00	0.00	0.00	100.00	22	787.00	0.00	705852	631112	0.24	9952.50	0.00	0.00	0	perf_experiment
11:21:57 AM	1006	221240	35.00	65.00	0.00	0.00	100.00	22	658.00	0.00	705980	631240	0.24	9287.00	0.00	0.00	0	perf_experiment
11:21:58 AM	1006	221240	41.00	59.00	0.00	0.00	100.00	22	705.00	0.00	706096	631404	0.24	10229.50	0.00	0.00	0	perf_experiment
11:21:59 AM	1006	221240	39.00	59.00	0.00	0.00	98.00	22	8801.00	0.00	706224	631556	0.24	8948.00	32768.00	0.00	2	perf_experiment
11:22:00 AM	1006	221240	36.00	64.00	0.00	0.00	100.00	22	690.00	0.00	706360	631700	0.24	10163.00	0.00	0.00	0	perf_experiment
11:22:01 AM	1006	221240	34.00	66.00	0.00	0.00	100.00	22	656.00	0.00	706624	631884	0.24	9617.50	0.00	0.00	0	perf_experiment
11:22:02 AM	1006	221240	35.00	65.00	0.00	0.00	100.00	22	668.00	0.00	706748	632040	0.24	9513.00	0.00	0.00	0	perf_experiment
11:22:03 AM	1006	221240	37.00	63.00	0.00	0.00	100.00	22	698.00	0.00	706876	632192	0.24	9827.50	0.00	0.00	0	perf_experiment
11:22:04 AM	1006	221240	39.00	61.00	0.00	0.00	100.00	22	666.00	0.00	707012	632340	0.24	9899.50	0.00	0.00	0	perf_experiment
11:22:05 AM	1006	221240	36.00	64.00	0.00	0.00	100.00	22	652.00	0.00	707128	632500	0.24	9427.50	0.00	0.00	0	perf_experiment
11:22:06 AM	1006	221240	37.00	63.00	0.00	0.00	100.00	22	697.00	0.00	707388	632684	0.24	10013.00	0.00	0.00	0	perf_experiment
11:22:07 AM	1006	221240	37.00	63.00	0.00	0.00	100.00	22	661.00	0.00	707520	632828	0.24	9581.00	0.00	0.00	0	perf_experiment
11:22:08 AM	1006	221240	39.00	61.00	0.00	0.00	100.00	22	698.00	0.00	707648	632980	0.24	9826.00	0.00	0.00	0	perf_experiment
11:22:09 AM	1006	221240	37.00	63.00	0.00	0.00	100.00	22	685.00	0.00	707776	633124	0.24	9504.50	0.00	0.00	0	perf_experiment
11:22:10 AM	1006	221240	39.00	61.00	0.00	0.00	100.00	22	722.00	0.00	708036	633296	0.24	10167.50	0.00	0.00	0	perf_experiment
11:22:11 AM	1006	221240	40.00	60.00	0.00	0.00	100.00	22	1482.00	0.00	708172	633500	0.24	9265.00	0.00	0.00	0	perf_experiment
11:22:12 AM	1006	221240	37.00	60.00	0.00	0.00	97.00	22	9179.00	0.00	708296	633620	0.24	9825.00	32768.00	0.00	2	perf_experiment
11:22:13 AM	1006	221240	37.00	64.00	0.00	0.00	101.00	22	215.00	0.00	708424	633728	0.24	9548.50	0.00	0.00	0	perf_experiment
11:22:14 AM	1006	221240	31.00	69.00	0.00	0.00	100.00	22	111.00	0.00	708676	633936	0.24	9644.50	0.00	0.00	0	perf_experiment
11:22:15 AM	1006	221240	31.00	69.00	0.00	0.00	100.00	22	305.00	0.00	708804	634096	0.24	10198.00	0.00	0.00	0	perf_experiment
11:22:16 AM	1006	221240	35.00	64.00	0.00	0.00	99.00	22	101.00	0.00	708932	634192	0.24	9827.00	0.00	0.00	0	perf_experiment
11:22:17 AM	1006	221240	36.63	62.38	0.00	0.00	99.01	22	52.48	0.00	709048	634316	0.24	8840.59	0.00	0.00	0	perf_experiment
11:22:18 AM	1006	221240	39.00	62.00	0.00	0.00	101.00	22	54.00	0.00	709184	634508	0.24	10320.00	0.00	0.00	0	perf_experiment
11:22:19 AM	1006	221240	37.00	62.00	0.00	0.00	99.00	22	249.00	0.00	709456	634732	0.24	9666.50	0.00	0.00	0	perf_experiment
11:22:20 AM	1006	221240	41.00	60.00	0.00	0.00	101.00	22	627.00	0.00	709580	634896	0.24	9219.50	0.00	0.00	0	perf_experiment
11:22:21 AM	1006	221240	43.00	57.00	0.00	0.00	100.00	22	676.00	0.00	709716	635056	0.24	9996.50	0.00	0.00	0	perf_experiment
11:22:22 AM	1006	221240	40.00	59.00	0.00	0.00	99.00	22	671.00	0.00	709844	635204	0.24	9916.50	0.00	0.00	0	perf_experiment
11:22:23 AM	1006	221240	38.00	62.00	0.00	0.00	100.00	22	651.00	0.00	710092	635352	0.24	9511.50	0.00	0.00	0	perf_experiment
11:22:24 AM	1006	221240	35.00	65.00	0.00	0.00	100.00	22	701.00	0.00	710200	635540	0.24	10133.00	0.00	0.00	0	perf_experiment
11:22:25 AM	1006	221240	39.00	60.00	0.00	0.00	99.00	22	8811.00	0.00	710336	635672	0.24	9090.50	32768.00	0.00	2	perf_experiment
11:22:26 AM	1006	221240	34.00	65.00	0.00	0.00	99.00	22	707.00	0.00	710460	635824	0.24	10065.00	0.00	0.00	0	perf_experiment
11:22:27 AM	1006	221240	39.00	61.00	0.00	0.00	100.00	22	697.00	0.00	710724	635984	0.24	9574.00	0.00	0.00	0	perf_experiment
11:22:28 AM	1006	221240	33.00	68.00	0.00	0.00	101.00	22	671.00	0.00	710848	636144	0.24	9784.50	0.00	0.00	0	perf_experiment
11:22:29 AM	1006	221240	35.00	65.00	0.00	0.00	100.00	22	652.00	0.00	710980	636312	0.24	9617.50	0.00	0.00	0	perf_experiment
11:22:30 AM	1006	221240	36.00	64.00	0.00	0.00	100.00	22	696.00	0.00	711108	636476	0.24	9909.00	0.00	0.00	0	perf_experiment
11:22:31 AM	1006	221240	35.00	65.00	0.00	0.00	100.00	22	674.00	0.00	711352	636660	0.24	9513.50	0.00	0.00	0	perf_experiment
11:22:32 AM	1006	221240	37.00	63.00	0.00	0.00	100.00	22	695.00	0.00	711488	636820	0.24	9782.50	0.00	0.00	0	perf_experiment
11:22:33 AM	1006	221240	32.00	68.00	0.00	0.00	100.00	22	680.00	0.00	711620	636928	0.24	9716.00	0.00	0.00	0	perf_experiment
11:22:34 AM	1006	221240	40.00	59.00	0.00	0.00	99.00	22	701.00	0.00	711740	637088	0.24	9876.00	0.00	0.00	0	perf_experiment
11:22:35 AM	1006	221240	40.00	61.00	0.00	0.00	101.00	22	666.00	0.00	711992	637252	0.24	9468.00	0.00	0.00	0	perf_experiment
11:22:36 AM	1006	221240	42.00	58.00	0.00	0.00	100.00	22	707.00	0.00	712120	637428	0.24	10084.00	0.00	0.00	0	perf_experiment
11:22:37 AM	1006	221240	39.00	60.00	0.00	0.00	99.00	22	1636.00	0.00	712248	637576	0.24	9263.00	0.00	0.00	0	perf_experiment
11:22:38 AM	1006	221240	37.00	63.00	0.00	0.00	100.00	22	1556.00	0.00	712372	637732	0.24	10261.50	0.00	0.00	0	perf_experiment
11:22:39 AM	1006	221240	35.00	63.00	0.00	0.00	98.00	22	8596.00	0.00	712624	637828	0.24	9139.00	32768.00	0.00	2	perf_experiment
11:22:40 AM	1006	221240	36.00	65.00	0.00	0.00	101.00	22	85.00	0.00	712748	638008	0.24	9345.00	0.00	0.00	0	perf_experiment
11:22:41 AM	1006	221240	40.00	60.00	0.00	0.00	100.00	22	415.00	0.00	712884	638224	0.24	10107.00	0.00	0.00	0	perf_experiment
11:22:42 AM	1006	221240	39.00	60.00	0.00	0.00	99.00	22	93.00	0.00	713012	638272	0.24	10090.00	0.00	0.00	0	perf_experiment
11:22:43 AM	1006	221240	39.00	61.00	0.00	0.00	100.00	22	51.00	0.00	713272	638400	0.24	9204.00	0.00	0.00	0	perf_experiment
11:22:44 AM	1006	221240	38.00	63.00	0.00	0.00	101.00	22	72.00	0.00	713408	638592	0.24	9922.00	0.00	0.00	0	perf_experiment
11:22:45 AM	1006	221240	37.00	62.00	0.00	0.00	99.00	22	54.00	0.00	713536	638796	0.24	10247.00	0.00	0.00	0	perf_experiment
11:22:46 AM	1006	221240	39.00	62.00	0.00	0.00	101.00	22	63.00	0.00	713664	638924	0.24	9137.50	0.00	0.00	0	perf_experiment
11:22:47 AM	1006	221240	41.00	59.00	0.00	0.00	100.00	22	62.00	0.00	713788	639048	0.24	9972.00	0.00	0.00	0	perf_experiment
11:22:48 AM	1006	221240	35.00	64.00	0.00	0.00	99.00	22	657.00	0.00	714048	639324	0.24	9662.00	0.00	0.00	0	perf_experiment
11:22:49 AM	1006	221240	35.00	65.00	0.00	0.00	100.00	22	660.00	0.00	714176	639468	0.24	9592.50	0.00	0.00	0	perf_experiment
11:22:50 AM	1006	221240	36.00	64.00	0.00	0.00	100.00	22	709.00	0.00	714312	639644	0.24	10061.00	0.00	0.00	0	perf_experiment
11:22:51 AM	1006	221240	37.00	64.00	0.00	0.00	101.00	22	647.00	0.00	714440	639796	0.24	9380.00	0.00	0.00	0	perf_experiment
11:22:52 AM	1006	221240	33.00	64.00	0.00	0.00	97.00	22	8876.00	0.00	714576	639944	0.24	9807.00	32768.00	0.00	3	perf_experiment
11:22:53 AM	1006	221240	38.00	62.00	0.00	0.00	100.00	22	673.00	0.00	714828	640144	0.24	9514.00	0.00	0.00	0	perf_experiment
11:22:54 AM	1006	221240	36.00	64.00	0.00	0.00	100.00	22	671.00	0.00	714960	640268	0.24	9776.00	0.00	0.00	0	perf_experiment
11:22:55 AM	1006	221240	37.00	63.00	0.00	0.00	100.00	22	652.00	0.00	715080	640412	0.24	9509.50	0.00	0.00	0	perf_experiment
11:22:56 AM	1006	221240	38.00	62.00	0.00	0.00	100.00	22	685.00	0.00	715340	640568	0.24	9843.50	0.00	0.00	0	perf_experiment
11:22:57 AM	1006	221240	37.00	63.00	0.00	0.00	100.00	22	671.00	0.00	715476	640736	0.24	9748.50	0.00	0.00	0	perf_experiment
11:22:58 AM	1006	221240	35.00	65.00	0.00	0.00	100.00	22	688.00	0.00	715608	640900	0.24	9584.50	0.00	0.00	0	perf_experiment
11:22:59 AM	1006	221240	32.00	68.00	0.00	0.00	100.00	22	690.00	0.00	715728	641068	0.24	9930.50	0.00	0.00	0	perf_experiment
11:23:00 AM	1006	221240	32.00	68.00	0.00	0.00	100.00	22	668.00	0.00	715844	641216	0.24	9769.00	0.00	0.00	0	perf_experiment
11:23:01 AM	1006	221240	30.00	70.00	0.00	0.00	100.00	22	656.00	0.00	716108	641376	0.24	9412.00	0.00	0.00	0	perf_experiment
11:23:02 AM	1006	221240	40.00	60.00	0.00	0.00	100.00	22	717.00	0.00	716232	641564	0.24	10203.50	0.00	0.00	0	perf_experiment
11:23:03 AM	1006	221240	38.00	62.00	0.00	0.00	100.00	22	630.00	0.00	716344	641688	0.24	9202.50	0.00	0.00	0	perf_experiment
11:23:04 AM	1006	221240	33.00	67.00	0.00	0.00	100.00	22	719.00	0.00	716472	641848	0.24	10338.00	0.00	0.00	0	perf_experiment
11:23:05 AM	1006	221240	39.00	61.00	0.00	0.00	100.00	22	678.00	0.00	716732	642024	0.24	9667.00	0.00	0.00	0	perf_experiment
11:23:06 AM	1006	221240	38.00	60.00	0.00	0.00	98.00	22	8266.00	0.00	716856	642116	0.24	9118.00	32768.00	0.00	2	perf_experiment
11:23:07 AM	1006	221240	35.00	65.00	0.00	0.00	100.00	22	56.00	0.00	716972	642240	0.24	9838.50	0.00	0.00	0	perf_experiment
11:23:08 AM	1006	221240	43.00	57.00	0.00	0.00	100.00	22	72.00	0.00	717236	642496	0.24	10021.50	0.00	0.00	0	perf_experiment
11:23:09 AM	1006	221240	33.00	67.00	0.00	0.00	100.00	22	60.00	0.00	717344	642620	0.24	9551.50	0.00	0.00	0	perf_experiment
11:23:10 AM	1006	221240	35.00	65.00	0.00	0.00	100.00	22	65.00	0.00	717480	642780	0.24	9471.50	0.00	0.00	0	perf_experiment
11:23:11 AM	1006	221240	35.00	65.00	0.00	0.00	100.00	22	1364.00	0.00	717604	642968	0.24	10194.00	0.00	0.00	0	perf_experiment
11:23:12 AM	1006	221240	35.00	65.00	0.00	0.00	100.00	22	643.00	0.00	717864	643104	0.24	9250.50	0.00	0.00	0	perf_experiment
11:23:13 AM	1006	221240	36.00	64.00	0.00	0.00	100.00	22	744.00	0.00	718000	643300	0.24	10189.00	0.00	0.00	0	perf_experiment
11:23:14 AM	1006	221240	39.00	61.00	0.00	0.00	100.00	22	614.00	0.00	718128	643436	0.24	9570.00	0.00	0.00	0	perf_experiment
11:23:15 AM	1006	221240	36.00	64.00	0.00	0.00	100.00	22	134.00	0.00	718256	643516	0.24	9480.50	0.00	0.00	0	perf_experiment
11:23:16 AM	1006	221240	43.00	57.00	0.00	0.00	100.00	22	67.00	0.00	718500	643768	0.24	10220.50	0.00	0.00	0	perf_experiment
11:23:17 AM	1006	221240	37.00	63.00	0.00	0.00	100.00	22	63.00	0.00	718620	643888	0.24	9321.00	0.00	0.00	0	perf_experiment
11:23:18 AM	1006	221240	43.00	57.00	0.00	0.00	100.00	22	61.00	0.00	718740	644044	0.24	9752.50	0.00	0.00	0	perf_experiment
11:23:19 AM	1006	221240	38.00	60.00	0.00	0.00	98.00	54	8597.00	0.00	718872	644228	0.24	9544.50	32768.00	0.00	2	perf_experiment
11:23:20 AM	1006	221240	37.00	62.00	0.00	0.00	99.00	54	472.00	0.00	719008	644340	0.24	9747.00	0.00	0.00	0	perf_experiment
11:23:21 AM	1006	221240	40.00	61.00	0.00	0.00	101.00	54	64.00	0.00	719268	644528	0.24	9629.00	0.00	0.00	0	perf_experiment
11:23:22 AM	1006	221240	35.00	65.00	0.00	0.00	100.00	54	65.00	0.00	719396	644664	0.24	9687.00	0.00	0.00	0	perf_experiment
11:23:23 AM	1006	221240	35.00	64.00	0.00	0.00	99.00	54	66.00	0.00	719516	644784	0.24	10029.00	0.00	0.00	0	perf_experiment
11:23:24 AM	1006	221240	34.00	66.00	0.00	0.00	100.00	54	123.00	0.00	719652	645024	0.24	9297.50	0.00	0.00	0	perf_experiment
11:23:25 AM	1006	221240	38.00	63.00	0.00	0.00	101.00	54	711.00	0.00	719904	645204	0.24	10103.00	0.00	0.00	0	perf_experiment
11:23:26 AM	1006	221240	39.00	61.00	0.00	0.00	100.00	54	660.00	0.00	720024	645356	0.24	9578.50	0.00	0.00	0	perf_experiment
11:23:27 AM	1006	221240	37.00	63.00	0.00	0.00	100.00	54	664.00	0.00	720156	645488	0.24	9698.00	0.00	0.00	0	perf_experiment
11:23:28 AM	1006	221240	34.00	66.00	0.00	0.00	100.00	54	702.00	0.00	720292	645652	0.24	9978.50	0.00	0.00	0	perf_experiment
11:23:29 AM	1006	221240	41.00	58.00	0.00	0.00	99.00	54	635.00	0.00	720556	645816	0.24	9210.50	0.00	0.00	0	perf_experiment
11:23:30 AM	1006	221240	35.00	65.00	0.00	0.00	100.00	54	720.00	0.00	720680	645988	0.24	10409.00	0.00	0.00	0	perf_experiment
11:23:31 AM	1006	221240	35.00	66.00	0.00	0.00	101.00	54	683.00	0.00	720816	646144	0.24	9814.00	0.00	0.00	0	perf_experiment
11:23:32 AM	1006	221240	34.00	64.00	0.00	0.00	98.00	54	8709.00	0.00	720936	646268	0.24	8765.00	32768.00	0.00	2	perf_experiment
11:23:33 AM	1006	221240	39.00	61.00	0.00	0.00	100.00	54	68.00	0.00	721184	646460	0.25	10032.50	0.00	0.00	0	perf_experiment
11:23:34 AM	1006	221240	35.00	64.00	0.00	0.00	99.00	54	61.00	0.00	721320	646460	0.25	9891.50	0.00	0.00	0	perf_experiment
11:23:35 AM	1006	221240	39.00	61.00	0.00	0.00	100.00	54	57.00	0.00	721440	646708	0.25	9361.50	0.00	0.00	0	perf_experiment
11:23:36 AM	1006	221240	39.00	61.00	0.00	0.00	100.00	54	59.00	0.00	721576	646860	0.25	9604.50	0.00	0.00	0	perf_experiment
11:23:37 AM	1006	221240	36.00	64.00	0.00	0.00	100.00	54	69.00	0.00	721828	647088	0.25	10181.00	0.00	0.00	0	perf_experiment
11:23:38 AM	1006	221240	40.00	60.00	0.00	0.00	100.00	54	86.00	0.00	721956	647216	0.25	9277.00	0.00	0.00	0	perf_experiment
11:23:39 AM	1006	221240	42.00	59.00	0.00	0.00	101.00	54	75.00	0.00	722088	647372	0.25	10153.50	0.00	0.00	0	perf_experiment
11:23:40 AM	1006	221240	36.00	64.00	0.00	0.00	100.00	54	50.00	0.00	722220	647544	0.25	9585.00	0.00	0.00	0	perf_experiment
11:23:41 AM	1006	221240	40.00	59.00	0.00	0.00	99.00	54	63.00	0.00	722352	647700	0.25	9658.00	0.00	0.00	0	perf_experiment
11:23:42 AM	1006	221240	37.00	64.00	0.00	0.00	101.00	54	64.00	0.00	722624	647884	0.25	10042.00	0.00	0.00	0	perf_experiment
11:23:43 AM	1006	221240	34.00	65.00	0.00	0.00	99.00	54	65.00	0.00	722752	648012	0.25	9681.00	0.00	0.00	0	perf_experiment
11:23:44 AM	1006	221240	41.00	60.00	0.00	0.00	101.00	54	63.00	0.00	722884	648176	0.25	9461.00	0.00	0.00	0	perf_experiment
11:23:45 AM	1006	221240	41.00	59.00	0.00	0.00	100.00	54	68.00	0.00	723020	648328	0.25	10031.00	0.00	0.00	0	perf_experiment
11:23:46 AM	1006	221240	35.00	62.00	0.00	0.00	97.00	54	8248.00	0.00	723136	648404	0.25	9288.50	32768.00	0.00	2	perf_experiment
11:23:47 AM	1006	221240	35.00	65.00	0.00	0.00	100.00	54	69.00	0.00	723400	648524	0.25	9744.00	0.00	0.00	0	perf_experiment
11:23:48 AM	1006	221240	42.00	59.00	0.00	0.00	101.00	54	58.00	0.00	723532	648696	0.25	9695.50	0.00	0.00	0	perf_experiment
11:23:49 AM	1006	221240	33.00	67.00	0.00	0.00	100.00	54	71.00	0.00	723668	648860	0.25	10080.50	0.00	0.00	0	perf_experiment
11:23:50 AM	1006	221240	32.00	68.00	0.00	0.00	100.00	54	53.00	0.00	723804	649016	0.25	9123.50	0.00	0.00	0	perf_experiment
11:23:51 AM	1006	221240	33.00	67.00	0.00	0.00	100.00	54	59.00	0.00	723928	649188	0.25	10316.00	0.00	0.00	0	perf_experiment
11:23:52 AM	1006	221240	33.00	66.00	0.00	0.00	99.00	54	64.00	0.00	724196	649372	0.25	9275.50	0.00	0.00	0	perf_experiment
11:23:53 AM	1006	221240	38.00	63.00	0.00	0.00	101.00	54	65.00	0.00	724316	649580	0.25	9933.50	0.00	0.00	0	perf_experiment
11:23:54 AM	1006	221240	42.00	58.00	0.00	0.00	100.00	54	56.00	0.00	724440	649700	0.25	9777.00	0.00	0.00	0	perf_experiment
11:23:55 AM	1006	221240	35.00	64.00	0.00	0.00	99.00	54	2059.00	0.00	724552	649908	0.25	9147.00	0.00	0.00	0	perf_experiment
11:23:56 AM	1006	221240	36.00	64.00	0.00	1.00	100.00	54	2197.00	0.00	724812	650088	0.25	10066.00	0.00	0.00	0	perf_experiment
11:23:57 AM	1006	221240	40.00	60.00	0.00	0.00	100.00	54	878.00	0.00	724948	650260	0.25	10261.50	0.00	0.00	0	perf_experiment
11:23:58 AM	1006	221240	43.00	58.00	0.00	0.00	101.00	54	809.00	0.00	725072	650404	0.25	9060.50	0.00	0.00	0	perf_experiment
11:23:59 AM	1006	221240	32.00	65.00	0.00	0.00	97.00	54	9280.00	0.00	725200	650548	0.25	9745.50	32768.00	0.00	3	perf_experiment
11:24:00 AM	1006	221240	36.00	64.00	0.00	0.00	100.00	54	69.00	0.00	725464	650720	0.25	9710.00	0.00	0.00	0	perf_experiment
11:24:01 AM	1006	221240	35.00	66.00	0.00	0.00	101.00	54	65.00	0.00	725600	650892	0.25	9610.00	0.00	0.00	0	perf_experiment
11:24:02 AM	1006	221240	40.00	59.00	0.00	0.00	99.00	54	63.00	0.00	725736	651052	0.25	9775.50	0.00	0.00	0	perf_experiment
11:24:03 AM	1006	221240	32.00	68.00	0.00	0.00	100.00	54	58.00	0.00	725868	651052	0.25	10010.00	0.00	0.00	0	perf_experiment
11:24:04 AM	1006	221240	41.00	59.00	0.00	0.00	100.00	54	59.00	0.00	726004	651212	0.25	9382.50	0.00	0.00	0	perf_experiment
11:24:05 AM	1006	221240	37.00	63.00	0.00	0.00	100.00	54	62.00	0.00	726136	651372	0.25	9919.00	0.00	0.00	0	perf_experiment
11:24:06 AM	1006	221240	34.00	66.00	0.00	0.00	100.00	54	61.00	0.00	726408	651556	0.25	9568.00	0.00	0.00	0	perf_experiment
11:24:07 AM	1006	221240	35.00	65.00	0.00	0.00	100.00	54	61.00	0.00	726540	651728	0.25	9841.50	0.00	0.00	0	perf_experiment
11:24:08 AM	1006	221240	37.00	63.00	0.00	0.00	100.00	54	59.00	0.00	726668	651928	0.25	9784.50	0.00	0.00	0	perf_experiment
11:24:09 AM	1006	221240	39.00	61.00	0.00	0.00	100.00	54	65.00	0.00	726796	652056	0.25	9879.50	0.00	0.00	0	perf_experiment
11:24:10 AM	1006	221240	32.00	68.00	0.00	0.00	100.00	54	58.00	0.00	726928	652224	0.25	9315.50	0.00	0.00	0	perf_experiment
11:24:11 AM	1006	221240	40.00	60.00	0.00	0.00	100.00	54	71.00	0.00	727184	652452	0.25	10024.00	0.00	0.00	0	perf_experiment
11:24:12 AM	1006	221240	37.00	61.00	0.00	0.00	98.00	54	8263.00	0.00	727304	652640	0.25	9612.50	32768.00	0.00	2	perf_experiment
11:24:13 AM	1006	221240	41.00	59.00	0.00	0.00	100.00	54	668.00	0.00	727436	652768	0.25	9710.50	0.00	0.00	0	perf_experiment
11:24:14 AM	1006	221240	37.00	63.00	0.00	0.00	100.00	54	677.00	0.00	727684	652944	0.25	9696.50	0.00	0.00	0	perf_experiment
11:24:15 AM	1006	221240	36.00	64.00	0.00	0.00	100.00	54	693.00	0.00	727808	653132	0.25	9875.50	0.00	0.00	0	perf_experiment
11:24:16 AM	1006	221240	40.00	60.00	0.00	0.00	100.00	54	637.00	0.00	727936	653268	0.25	9219.00	0.00	0.00	0	perf_experiment
11:24:17 AM	1006	221240	36.00	64.00	0.00	0.00	100.00	54	709.00	0.00	728056	653424	0.25	10260.00	0.00	0.00	0	perf_experiment
11:24:18 AM	1006	221240	40.00	60.00	0.00	0.00	100.00	54	642.00	0.00	728316	653576	0.25	9273.00	0.00	0.00	0	perf_experiment
11:24:19 AM	1006	221240	40.00	60.00	0.00	0.00	100.00	54	699.00	0.00	728448	653732	0.25	9994.50	0.00	0.00	0	perf_experiment
11:24:20 AM	1006	221240	35.00	65.00	0.00	0.00	100.00	54	697.00	0.00	728568	653892	0.25	10041.50	0.00	0.00	0	perf_experiment
11:24:21 AM	1006	221240	37.00	63.00	0.00	0.00	100.00	54	636.00	0.00	728692	654056	0.25	9106.50	0.00	0.00	0	perf_experiment
11:24:22 AM	1006	221240	39.00	61.00	0.00	0.00	100.00	54	671.00	0.00	728948	654192	0.25	9647.00	0.00	0.00	0	perf_experiment
11:24:23 AM	1006	221240	28.00	72.00	0.00	0.00	100.00	54	713.00	0.00	729080	654372	0.25	10304.50	0.00	0.00	0	perf_experiment
11:24:24 AM	1006	221240	35.00	65.00	0.00	0.00	100.00	54	186.00	0.00	729208	654468	0.25	9394.50	0.00	0.00	0	perf_experiment
11:24:25 AM	1006	221240	33.00	67.00	0.00	0.00	100.00	54	55.00	0.00	729336	654596	0.25	9490.00	0.00	0.00	0	perf_experiment
11:24:26 AM	1006	221240	35.64	61.39	0.00	0.00	97.03	54	8173.27	0.00	729472	654764	0.25	9737.62	32443.56	0.00	2	perf_experiment
11:24:27 AM	1006	221240	37.00	62.00	0.00	0.00	99.00	54	61.00	0.00	729724	654992	0.25	9475.50	0.00	0.00	0	perf_experiment
11:24:28 AM	1006	221240	39.00	62.00	0.00	0.00	101.00	54	67.00	0.00	729852	655112	0.25	9895.50	0.00	0.00	0	perf_experiment
11:24:29 AM	1006	221240	32.00	68.00	0.00	0.00	100.00	54	61.00	0.00	729976	655236	0.25	10141.50	0.00	0.00	0	perf_experiment
11:24:30 AM	1006	221240	36.00	64.00	0.00	0.00	100.00	54	87.00	0.00	730232	655492	0.25	9381.00	0.00	0.00	0	perf_experiment
11:24:31 AM	1006	221240	34.00	66.00	0.00	0.00	100.00	54	59.00	0.00	730356	655616	0.25	9957.00	0.00	0.00	0	perf_experiment
11:24:32 AM	1006	221240	42.00	58.00	0.00	0.00	100.00	54	63.00	0.00	730484	655760	0.25	9611.50	0.00	0.00	0	perf_experiment
11:24:33 AM	1006	221240	42.00	58.00	0.00	0.00	100.00	54	57.00	0.00	730620	655928	0.25	9789.50	0.00	0.00	0	perf_experiment
11:24:34 AM	1006	221240	36.00	64.00	0.00	0.00	100.00	54	60.00	0.00	730736	656004	0.25	9931.00	0.00	0.00	0	perf_experiment
11:24:35 AM	1006	221240	36.00	64.00	0.00	0.00	100.00	54	68.00	0.00	730992	656140	0.25	9977.00	0.00	0.00	0	perf_experiment
11:24:36 AM	1006	221240	41.00	59.00	0.00	0.00	100.00	54	67.00	0.00	731116	656376	0.25	9798.50	0.00	0.00	0	perf_experiment
11:24:37 AM	1006	221240	40.00	60.00	0.00	0.00	100.00	54	64.00	0.00	731252	656536	0.25	9569.50	0.00	0.00	0	perf_experiment
11:24:38 AM	1006	221240	34.00	66.00	0.00	0.00	100.00	54	65.00	0.00	731388	656696	0.25	10081.50	0.00	0.00	0	perf_experiment
11:24:39 AM	1006	221240	34.00	63.00	0.00	0.00	97.00	54	8257.00	0.00	731640	656908	0.25	9366.00	32768.00	0.00	2	perf_experiment
11:24:40 AM	1006	221240	35.00	66.00	0.00	0.00	101.00	54	74.00	0.00	731768	657028	0.25	9874.50	0.00	0.00	0	perf_experiment
11:24:41 AM	1006	221240	31.00	68.00	0.00	0.00	99.00	54	56.00	0.00	731888	657152	0.25	9901.00	0.00	0.00	0	perf_experiment
11:24:42 AM	1006	221240	38.00	62.00	0.00	0.00	100.00	54	66.00	0.00	732012	657272	0.25	9491.50	0.00	0.00	0	perf_experiment
11:24:43 AM	1006	221240	38.00	63.00	0.00	0.00	101.00	54	65.00	0.00	732284	657428	0.25	10254.50	0.00	0.00	0	perf_experiment
11:24:44 AM	1006	221240	35.00	65.00	0.00	0.00	100.00	54	59.00	0.00	732400	657676	0.25	9285.00	0.00	0.00	0	perf_experiment
11:24:45 AM	1006	221240	37.00	63.00	0.00	0.00	100.00	54	65.00	0.00	732512	657788	0.25	10622.00	0.00	0.00	0	perf_experiment
11:24:46 AM	1006	221240	40.00	60.00	0.00	0.00	100.00	54	65.00	0.00	732784	657972	0.25	9834.50	0.00	0.00	0	perf_experiment
11:24:47 AM	1006	221240	34.00	65.00	0.00	0.00	99.00	54	57.00	0.00	732908	658168	0.25	9378.50	0.00	0.00	0	perf_experiment
11:24:48 AM	1006	221240	35.00	65.00	0.00	0.00	100.00	54	65.00	0.00	733036	658336	0.25	9893.50	0.00	0.00	0	perf_experiment
11:24:49 AM	1006	221240	35.00	65.00	0.00	0.00	100.00	54	60.00	0.00	733156	658424	0.25	10528.00	0.00	0.00	0	perf_experiment
11:24:50 AM	1006	221240	33.00	68.00	0.00	0.00	101.00	54	2455.00	0.00	733424	658684	0.25	9845.50	0.00	0.00	0	perf_experiment
11:24:51 AM	1006	221240	37.00	63.00	0.00	0.00	100.00	54	1198.00	0.00	733548	658888	0.25	10077.50	0.00	0.00	0	perf_experiment
11:24:52 AM	1006	221240	37.00	61.00	0.00	0.00	98.00	54	9397.00	0.00	733668	658996	0.25	9773.50	32768.00	0.00	2	perf_experiment
11:24:53 AM	1006	221240	39.00	60.00	0.00	0.00	99.00	54	813.00	0.00	733800	659144	0.25	9689.50	0.00	0.00	0	perf_experiment
11:24:54 AM	1006	221240	33.00	67.00	0.00	0.00	100.00	54	66.00	0.00	734060	659192	0.25	10151.50	0.00	0.00	0	perf_experiment
11:24:55 AM	1006	221240	37.00	63.00	0.00	0.00	100.00	54	71.00	0.00	734196	659360	0.25	10002.00	0.00	0.00	0	perf_experiment
11:24:56 AM	1006	221240	37.00	63.00	0.00	0.00	100.00	54	60.00	0.00	734320	659580	0.25	9949.00	0.00	0.00	0	perf_experiment
11:24:57 AM	1006	221240	40.00	60.00	0.00	0.00	100.00	54	61.00	0.00	734456	659760	0.25	10212.50	0.00	0.00	0	perf_experiment
11:24:58 AM	1006	221240	38.00	63.00	0.00	0.00	101.00	54	65.00	0.00	734716	659856	0.25	9812.00	0.00	0.00	0	perf_experiment
11:24:59 AM	1006	221240	34.00	66.00	0.00	0.00	100.00	54	69.00	0.00	734824	660100	0.25	9702.50	0.00	0.00	0	perf_experiment
11:25:00 AM	1006	221240	40.00	59.00	0.00	0.00	99.00	54	66.00	0.00	734952	660212	0.25	11005.00	0.00	0.00	0	perf_experiment
11:25:01 AM	1006	221240	43.00	58.00	0.00	0.00	101.00	54	69.00	0.00	735212	660368	0.25	9938.50	0.00	0.00	0	perf_experiment
11:25:02 AM	1006	221240	43.00	56.00	0.00	0.00	99.00	54	63.00	0.00	735332	660600	0.25	9531.50	0.00	0.00	0	perf_experiment
11:25:03 AM	1006	221240	31.00	70.00	0.00	0.00	101.00	54	57.00	0.00	735460	660720	0.25	9995.00	0.00	0.00	0	perf_experiment
11:25:04 AM	1006	221240	38.00	61.00	0.00	0.00	99.00	54	68.00	0.00	735576	660844	0.25	9965.50	0.00	0.00	0	perf_experiment
11:25:05 AM	1006	221240	34.00	64.00	0.00	0.00	98.00	54	8257.00	0.00	735832	661108	0.25	9376.50	32768.00	0.00	3	perf_experiment
11:25:06 AM	1006	221240	37.00	63.00	0.00	0.00	100.00	54	63.00	0.00	735964	661256	0.25	10191.50	0.00	0.00	0	perf_experiment
11:25:07 AM	1006	221240	33.00	64.00	0.00	0.00	97.00	54	5716.00	0.00	242444	168304	0.06	7909.50	4.00	0.00	0	perf_experiment
